150019,'1178942',1742,,2348,10,,,0
150019,'1178956',1342,,2349,10,,,0
150019,'1178976',1642,,2350,10,,,0
150019,'1179117',1242,,2351,10,,,0
150019,'1179150',1542,,2352,10,,,0
150019,'1179341',942,,2353,10,,,0
150019,'1179473',1142,,2354,10,,,0
150019,'1179559',1442,,2355,10,,,0
150019,'1179673',1042,,2356,10,,,0
140014019,'1178954',1600,,2614,20,,,0
140014019,'1178955',1130,,2615,20,,,0
140014019,'1178974',1000,,2616,20,,,0
140014019,'1179007',1800,,2617,20,,,0
140014019,'1179027',1500,,2618,20,,,0
140014019,'1179052',800,,2619,20,,,0
140014019,'1179079',730,,2620,20,,,0
140014019,'1179080',1500,,2621,20,,,0
140014019,'1179082',830,,2622,20,,,0
140014019,'1179084',700,,2623,20,,,0
140014019,'1179111',2200,,2624,20,,,0
140014019,'1179143',800,,2625,20,,,0
140014019,'1179200',1230,,2626,20,,,0
140014019,'1179207',1730,,2627,20,,,0
140014019,'1179221',1400,,2628,20,,,0
140014019,'1179271',1200,,2629,20,,,0
140014019,'1179298',1700,,2630,20,,,0
140014019,'1179320',1430,,2631,20,,,0
140014019,'1179323',1000,,2632,20,,,0
140014019,'1179350',900,,2634,20,,,0
140014019,'1179353',1800,,2635,20,,,0
140014019,'1179366',2000,,2636,20,,,0
140014019,'1179392',1600,,2637,20,,,0
140014019,'1179403',1900,,2638,20,,,0
140014019,'1179433',1400,,2640,20,,,0
140014019,'1179443',930,,2641,20,,,0
140014019,'1179446',1200,,2642,20,,,0
140014019,'1179449',1030,,2643,20,,,0
140014019,'1179493',1100,,2644,20,,,0
140014019,'1179524',1700,,2646,20,,,0
140014019,'1179535',1330,,2647,20,,,0
140014019,'1179547',1300,,2648,20,,,0
140014019,'1179557',1830,,2650,20,0,8 21,0
140014019,'1179561',1530,,2651,20,,,0
140014019,'1179577',1300,,2652,20,,,0
140014019,'1179598',2100,,2653,20,,,0
140014019,'1179600',2200,,2654,20,,,0
140014019,'1179608',1900,,2655,20,,,0
140014019,'1179636',1630,,2656,20,,,0
140014019,'1179638',900,,2657,20,,,0
140014019,'1179648',2000,,2658,20,,,0
140014019,'1179654',2100,,2659,20,,,0
140014019,'1179662',1100,,2660,20,,,0
