200019,'1179038',1512,,2384,30,,,0
200019,'1179081',1712,,2385,30,,,0
200019,'1179174',1012,,2386,30,,,0
200019,'1179259',1212,,2387,30,,,0
200019,'1179289',1612,,2388,30,,,0
200019,'1179460',1804,,2389,30,,,0
200019,'1179585',1112,,2390,30,,,0
200019,'1179594',1412,,2391,30,,,0
200019,'1179655',1312,,2392,30,,,0
190015019,'1178937',1126,,2803,17,,,0
190015019,'1178938',2256,,2804,17,0,12,0
190015019,'1178958',956,,2805,17,,,0
190015019,'1178960',1056,,2806,17,,,0
190015019,'1178991',2156,,2807,17,0,12,0
190015019,'1179018',1356,,2808,17,,,0
190015019,'1179054',1256,,2809,17,,,0
190015019,'1179073',1326,,2810,17,,,0
190015019,'1179089',1156,,2812,17,,,0
190015019,'1179095',1656,,2813,17,,,0
190015019,'1179126',1756,,2814,17,,,0
190015019,'1179130',1556,,2815,17,,,0
190015019,'1179152',926,,2816,17,,,0
190015019,'1179165',2156,,2817,17,0,12,0
190015019,'1179169',956,,2818,17,,,0
190015019,'1179170',756,,2819,17,,,0
190015019,'1179189',756,,2820,17,,,0
190015019,'1179226',1756,,2821,17,,,0
190015019,'1179241',1826,,2822,17,0,12,0
190015019,'1179257',2056,,2823,17,,,0
190015019,'1179260',1656,,2824,17,,,0
190015019,'1179269',2256,,2825,17,0,12,0
190015019,'1179280',1456,,2826,17,,,0
190015019,'1179329',1626,,2827,17,,,0
190015019,'1179378',1956,,2828,17,,,0
190015019,'1179382',1726,,2829,17,,,0
190015019,'1179400',1856,,2830,17,,,0
190015019,'1179414',1456,,2831,17,,,0
190015019,'1179456',1526,,2832,17,,,0
190015019,'1179465',1556,,2833,17,,,0
190015019,'1179466',856,,2834,17,,,0
190015019,'1179468',1956,,2835,17,,,0
190015019,'1179480',1256,,2836,17,,,0
190015019,'1179489',1226,,2837,17,,,0
190015019,'1179491',1056,,2838,17,,,0
190015019,'1179501',1026,,2839,17,,,0
190015019,'1179525',656,,2840,17,,,0
190015019,'1179560',2056,,2841,17,,,0
190015019,'1179563',1356,,2842,17,,,0
190015019,'1179576',1856,,2843,17,,,0
190015019,'1179602',826,,2844,17,,,0
190015019,'1179633',726,,2845,17,,,0
190015019,'1179652',856,,2847,17,,,0
190015019,'1179679',1426,,2848,17,,,0
190015019,'1179703',1156,,2849,17,,,0
190015019,'1179716',656,,2850,17,,,0
