110019,'1178947',939,,2239,13,,,0
110019,'1178964',1439,,2240,13,,,0
110019,'1178973',1739,,2241,13,,,0
110019,'1179028',1539,,2242,13,,,0
110019,'1179105',1639,,2243,13,,,0
110019,'1179114',1039,,2244,13,,,0
110019,'1179176',1239,,2245,13,,,0
110019,'1179184',1339,,2246,13,,,0
110019,'1179290',1139,,2247,13,,,0
140010019,'1178914',1119,,2522,15,0,8 21,0
140010019,'1178921',1449,,2523,15,,,0
140010019,'1178922',949,,2524,15,,,0
140010019,'1178936',719,,2525,15,,,0
140010019,'1178946',2249,,2526,15,0,8 21,0
140010019,'1178979',1049,,2527,15,,,0
140010019,'1179012',749,,2528,15,,,0
140010019,'1179037',1949,,2529,15,,,0
140010019,'1179103',1549,,2530,15,,,0
140010019,'1179122',1319,,2531,15,0,8 21,0
140010019,'1179131',1149,,2532,15,,,0
140010019,'1179140',2149,,2533,15,,,0
140010019,'1179147',919,,2534,15,0,8 21,0
140010019,'1179157',649,,2535,15,,,0
140010019,'1179167',1049,,2536,15,,,0
140010019,'1179178',1749,,2537,15,,,0
140010019,'1179180',2149,,2538,15,,,0
140010019,'1179188',1449,,2539,15,,,0
140010019,'1179217',1949,,2540,15,,,0
140010019,'1179232',1519,,2541,15,0,8 21,0
140010019,'1179251',1619,,2542,15,,,0
140010019,'1179253',819,,2543,15,,,0
140010019,'1179268',1719,,2544,15,,,0
140010019,'1179270',1649,,2545,15,,,0
140010019,'1179336',849,,2547,15,,,0
140010019,'1179347',749,,2548,15,,,0
140010019,'1179361',2049,,2549,15,,,0
140010019,'1179396',2049,,2550,15,,,0
140010019,'1179408',2249,,2551,15,0,8 21,0
140010019,'1179415',1149,,2552,15,,,0
140010019,'1179445',1349,,2553,15,,,0
140010019,'1179452',1749,,2554,15,,,0
140010019,'1179453',1349,,2555,15,,,0
140010019,'1179479',1249,,2556,15,,,0
140010019,'1179483',1219,,2557,15,0,8 21,0
140010019,'1179494',1649,,2558,15,,,0
140010019,'1179496',1549,,2559,15,,,0
140010019,'1179498',1419,,2560,15,0,8 21,0
140010019,'1179544',1849,,2561,15,,,0
140010019,'1179548',1019,,2562,15,0,8 21,0
140010019,'1179613',1849,,2563,15,,,0
140010019,'1179620',849,,2564,15,,,0
140010019,'1179629',1819,,2565,15,0,8 21,0
140010019,'1179659',1249,,2566,15,,,0
140010019,'1179692',949,,2567,15,,,0
