160029,'1178957',857,,2375,3,,,0
160029,'1179098',1357,,2376,3,,,0
160029,'1179137',1557,,2377,3,,,0
160029,'1179301',1157,,2378,3,,,0
160029,'1179398',1257,,2379,3,,,0
160029,'1179410',1657,,2380,3,,,0
160029,'1179543',1057,,2381,3,,,0
160029,'1179558',957,,2382,3,,,0
160029,'1179623',1457,,2383,3,,,0
216019,'1178924',747,,2403,3,,,0
216019,'1178948',617,,2404,3,,,0
216019,'1178963',2117,,2405,3,,,0
216019,'1178968',1217,,2406,3,,,0
216019,'1179019',1747,,2407,3,,,0
216019,'1179021',1547,,2408,3,,,0
216019,'1179029',1417,,2409,3,,,0
216019,'1179050',1517,,2410,3,,,0
216019,'1179070',1417,,2411,3,,,0
216019,'1179075',1817,,2412,3,,,0
216019,'1179116',717,,2413,3,,,0
216019,'1179123',1317,,2414,3,,,0
216019,'1179160',1717,,2415,3,,,0
216019,'1179179',2017,,2416,3,,,0
216019,'1179181',1117,,2417,3,,,0
216019,'1179199',917,,2418,3,,,0
216019,'1179206',1517,,2419,3,,,0
216019,'1179328',1017,,2420,3,,,0
216019,'1179338',1217,,2421,3,,,0
216019,'1179345',817,,2422,3,,,0
216019,'1179368',1647,,2423,3,,,0
216019,'1179369',1017,,2424,3,,,0
216019,'1179374',1617,,2425,3,,,0
216019,'1179421',1817,,2426,3,,,0
216019,'1179431',1117,,2427,3,,,0
216019,'1179458',1917,,2428,3,,,0
216019,'1179488',717,,2429,3,,,0
216019,'1179523',1317,,2430,3,,,0
216019,'1179574',2017,,2431,3,,,0
216019,'1179582',1917,,2432,3,,,0
216019,'1179605',847,,2433,3,,,0
216019,'1179647',1717,,2434,3,,,0
216019,'1179669',817,,2435,3,,,0
216019,'1179695',2117,,2436,3,,,0
216019,'1179712',647,,2437,3,,,0
216019,'1179714',917,,2438,3,,,0
216019,'1179719',1617,,2439,3,,,0
