110019,'1178947',944,,2239,22,,,0
110019,'1178964',1444,,2240,22,,,0
110019,'1178973',1744,,2241,22,,,0
110019,'1179028',1544,,2242,22,,,0
110019,'1179105',1644,,2243,22,,,0
110019,'1179114',1044,,2244,22,,,0
110019,'1179176',1244,,2245,22,,,0
110019,'1179184',1344,,2246,22,,,0
110019,'1179290',1144,,2247,22,,,0
140010019,'1178914',1124,,2522,24,0,8 21,0
140010019,'1178921',1454,,2523,24,,,0
140010019,'1178922',954,,2524,25,,,0
140010019,'1178936',724,,2525,24,,,0
140010019,'1178946',2254,,2526,24,0,8 21,0
140010019,'1178979',1054,,2527,25,,,0
140010019,'1179012',754,,2528,25,,,0
140010019,'1179037',1954,,2529,24,,,0
140010019,'1179103',1554,,2530,25,,,0
140010019,'1179122',1324,,2531,24,0,8 21,0
140010019,'1179131',1154,,2532,24,,,0
140010019,'1179140',2154,,2533,24,,,0
140010019,'1179147',924,,2534,24,0,8 21,0
140010019,'1179157',654,,2535,24,,,0
140010019,'1179167',1054,,2536,24,,,0
140010019,'1179178',1754,,2537,25,,,0
140010019,'1179180',2154,,2538,25,,,0
140010019,'1179188',1454,,2539,25,,,0
140010019,'1179217',1954,,2540,25,,,0
140010019,'1179232',1524,,2541,24,0,8 21,0
140010019,'1179251',1624,,2542,24,,,0
140010019,'1179253',824,,2543,24,,,0
140010019,'1179268',1724,,2544,24,,,0
140010019,'1179270',1654,,2545,25,,,0
140010019,'1179336',854,,2547,24,,,0
140010019,'1179347',754,,2548,24,,,0
140010019,'1179361',2054,,2549,24,,,0
140010019,'1179396',2054,,2550,25,,,0
140010019,'1179408',2254,,2551,25,0,8 21,0
140010019,'1179415',1154,,2552,25,,,0
140010019,'1179445',1354,,2553,24,,,0
140010019,'1179452',1754,,2554,24,,,0
140010019,'1179453',1354,,2555,25,,,0
140010019,'1179479',1254,,2556,24,,,0
140010019,'1179483',1224,,2557,24,0,8 21,0
140010019,'1179494',1654,,2558,24,,,0
140010019,'1179496',1554,,2559,24,,,0
140010019,'1179498',1424,,2560,24,0,8 21,0
140010019,'1179544',1854,,2561,24,,,0
140010019,'1179548',1024,,2562,24,0,8 21,0
140010019,'1179613',1854,,2563,25,,,0
140010019,'1179620',854,,2564,25,,,0
140010019,'1179629',1824,,2565,24,0,8 21,0
140010019,'1179659',1254,,2566,25,,,0
140010019,'1179692',954,,2567,24,,,0
