116019,'1178992',742,,2257,7,,,0
116019,'1178995',742,,2258,7,,,0
116019,'1179088',642,,2259,7,,,0
116019,'1179096',842,,2260,7,,,0
116019,'1179141',1442,,2261,7,,,0
116019,'1179172',1142,,2262,7,,,0
116019,'1179177',842,,2263,7,,,0
116019,'1179190',1612,,2264,7,,,0
116019,'1179215',1042,,2265,7,,,0
116019,'1179228',812,,2266,7,,,0
116019,'1179247',942,,2267,7,,,0
116019,'1179275',1542,,2268,7,,,0
116019,'1179278',1242,,2269,7,,,0
116019,'1179313',1742,,2270,7,,,0
116019,'1179314',2042,,2271,7,,,0
116019,'1179321',1142,,2272,7,,,0
116019,'1179339',712,,2273,7,,,0
116019,'1179343',1942,,2274,7,,,0
116019,'1179365',1642,,2275,7,,,0
116019,'1179381',1842,,2276,7,,,0
116019,'1179418',1642,,2277,7,,,0
116019,'1179432',1712,,2278,7,,,0
116019,'1179434',1942,,2279,7,,,0
116019,'1179439',1342,,2280,7,,,0
116019,'1179441',1442,,2281,7,,,0
116019,'1179476',1042,,2282,7,,,0
116019,'1179500',2142,,2283,7,,,0
116019,'1179515',912,,2284,7,,,0
116019,'1179584',1842,,2285,7,,,0
116019,'1179603',942,,2286,7,,,0
116019,'1179606',1812,,2287,7,,,0
116019,'1179615',1542,,2288,7,,,0
116019,'1179641',1242,,2289,7,,,0
116019,'1179653',1742,,2290,7,,,0
116019,'1179682',1342,,2291,7,,,0
116019,'1179696',2042,,2292,7,,,0
116019,'1179706',2142,,2293,7,,,0
160019,'1178943',1534,,2366,7,,,0
160019,'1178949',934,,2367,7,,,0
160019,'1178951',1334,,2368,7,,,0
160019,'1179047',1434,,2369,7,,,0
160019,'1179060',1734,,2370,7,,,0
160019,'1179205',1134,,2371,7,,,0
160019,'1179319',1234,,2372,7,,,0
160019,'1179451',1634,,2373,7,,,0
160019,'1179697',1034,,2374,7,,,0
