190015019,'1178937',1128,,2803,20,,,0
190015019,'1178938',2258,,2804,20,0,12,0
190015019,'1178958',958,,2805,20,,,0
190015019,'1178960',1058,,2806,20,,,0
190015019,'1178991',2158,,2807,20,0,12,0
190015019,'1179018',1358,,2808,20,,,0
190015019,'1179054',1258,,2809,20,,,0
190015019,'1179073',1328,,2810,20,,,0
190015019,'1179089',1158,,2812,20,,,0
190015019,'1179095',1658,,2813,20,,,0
190015019,'1179126',1758,,2814,20,,,0
190015019,'1179130',1558,,2815,20,,,0
190015019,'1179152',928,,2816,20,,,0
190015019,'1179165',2158,,2817,20,0,12,0
190015019,'1179169',958,,2818,20,,,0
190015019,'1179170',758,,2819,20,,,0
190015019,'1179189',758,,2820,20,,,0
190015019,'1179226',1758,,2821,20,,,0
190015019,'1179241',1828,,2822,20,0,12,0
190015019,'1179257',2058,,2823,20,,,0
190015019,'1179260',1658,,2824,20,,,0
190015019,'1179269',2258,,2825,20,0,12,0
190015019,'1179280',1458,,2826,20,,,0
190015019,'1179329',1628,,2827,20,,,0
190015019,'1179378',1958,,2828,20,,,0
190015019,'1179382',1728,,2829,20,,,0
190015019,'1179400',1858,,2830,20,,,0
190015019,'1179414',1458,,2831,20,,,0
190015019,'1179456',1528,,2832,20,,,0
190015019,'1179465',1558,,2833,20,,,0
190015019,'1179466',858,,2834,20,,,0
190015019,'1179468',1958,,2835,20,,,0
190015019,'1179480',1258,,2836,20,,,0
190015019,'1179489',1228,,2837,20,,,0
190015019,'1179491',1058,,2838,20,,,0
190015019,'1179501',1028,,2839,20,,,0
190015019,'1179525',658,,2840,20,,,0
190015019,'1179560',2058,,2841,20,,,0
190015019,'1179563',1358,,2842,20,,,0
190015019,'1179576',1858,,2843,20,,,0
190015019,'1179602',828,,2844,20,,,0
190015019,'1179633',728,,2845,20,,,0
190015019,'1179652',858,,2847,20,,,0
190015019,'1179679',1428,,2848,20,,,0
190015019,'1179703',1158,,2849,20,,,0
190015019,'1179716',658,,2850,20,,,0
