120019,'1178966',1355,,2294,41,,,0
120019,'1178998',1555,,2295,41,,,0
120019,'1179031',1655,,2296,41,,,0
120019,'1179149',1455,,2297,41,,,0
120019,'1179182',1155,,2298,41,,,0
120019,'1179282',955,,2299,41,,,0
120019,'1179296',1808,,2300,41,,,0
120019,'1179596',1055,,2301,41,,,0
120019,'1179628',1255,,2302,41,,,0
140016019,'1178912',1730,,2661,42,,,0
140016019,'1178941',830,,2662,42,,,0
140016019,'1179051',2230,,2665,42,,,0
140016019,'1179063',730,,2666,22,,,0
140016019,'1179077',1800,,2667,42,,,0
140016019,'1179112',1930,,2668,42,,,0
140016019,'1179129',1230,,2669,42,,,0
140016019,'1179136',1530,,2670,42,,,0
140016019,'1179158',1330,,2671,42,,,0
140016019,'1179191',930,,2672,42,,,0
140016019,'1179213',1030,,2673,42,,,0
140016019,'1179234',1430,,2675,42,,,0
140016019,'1179256',900,,2677,42,,,0
140016019,'1179267',830,,2678,42,,,0
140016019,'1179284',1930,,2679,42,,,0
140016019,'1179299',2230,,2681,42,,,0
140016019,'1179304',1330,,2682,42,,,0
140016019,'1179312',1630,,2683,42,,,0
140016019,'1179318',1830,,2684,42,,,0
140016019,'1179330',2030,,2685,42,,,0
140016019,'1179333',1430,,2686,42,,,0
140016019,'1179357',1130,,2688,42,,,0
140016019,'1179371',1530,,2689,42,,,0
140016019,'1179389',1700,,2690,42,,,0
140016019,'1179416',1630,,2691,42,,,0
140016019,'1179464',2130,,2693,42,,,0
140016019,'1179475',930,,2694,42,,,0
140016019,'1179481',1730,,2695,42,,,0
140016019,'1179517',1600,,2697,42,,,0
140016019,'1179520',2030,,2698,42,,,0
140016019,'1179536',800,,2699,42,,,0
140016019,'1179538',730,,2700,42,,,0
140016019,'1179601',2130,,2703,42,,,0
140016019,'1179604',1130,,2704,42,,,0
140016019,'1179627',1230,,2705,42,,,0
140016019,'1179663',1030,,2706,42,,,0
140016019,'1179687',1830,,2708,42,,,0
