140019,'1178969',1328,,2330,22,,,0
140019,'1178977',1528,,2331,22,,,0
140019,'1179164',1628,,2332,22,,,0
140019,'1179344',1428,,2333,22,,,0
140019,'1179352',928,,2334,22,,,0
140019,'1179462',1228,,2335,22,,,0
140019,'1179512',1128,,2336,22,,,0
140019,'1179518',1028,,2337,22,,,0
140019,'1179634',1728,,2338,22,,,0
190013019,'1178916',1628,,2757,26,,,0
190013019,'1178919',1958,,2758,26,,,0
190013019,'1178920',1128,,2759,26,,,0
190013019,'1178929',758,,2760,26,,,0
190013019,'1178930',1658,,2761,26,,,0
190013019,'1178972',1958,,2762,26,,,0
190013019,'1178983',1228,,2763,26,,,0
190013019,'1178994',2158,,2764,26,,,0
190013019,'1178997',1158,,2765,26,,,0
190013019,'1179048',1528,,2766,26,,,0
190013019,'1179062',1558,,2767,26,,,0
190013019,'1179074',1328,,2768,26,,,0
190013019,'1179087',1258,,2769,26,,,0
190013019,'1179104',1028,,2770,26,,,0
190013019,'1179171',1828,,2771,26,0,8 21,0
190013019,'1179187',858,,2772,26,,,0
190013019,'1179202',1058,,2773,26,,,0
190013019,'1179203',958,,2774,26,,,0
190013019,'1179212',1458,,2775,26,,,0
190013019,'1179219',1258,,2776,26,,,0
190013019,'1179243',758,,2777,26,,,0
190013019,'1179287',2158,,2778,26,,,0
190013019,'1179292',1058,,2779,26,,,0
190013019,'1179300',728,,2780,26,,,0
190013019,'1179373',958,,2782,26,,,0
190013019,'1179380',1358,,2783,26,,,0
190013019,'1179402',1358,,2784,26,,,0
190013019,'1179411',1428,,2785,26,,,0
190013019,'1179457',1858,,2786,26,,,0
190013019,'1179504',658,,2787,26,,,0
190013019,'1179507',928,,2788,26,,,0
190013019,'1179509',1158,,2789,26,,,0
190013019,'1179516',1558,,2790,26,,,0
190013019,'1179531',2058,,2791,26,,,0
190013019,'1179537',858,,2792,26,,,0
190013019,'1179539',1758,,2793,26,,,0
190013019,'1179546',658,,2794,26,,,0
190013019,'1179553',1858,,2795,26,,,0
190013019,'1179591',1658,,2797,26,,,0
190013019,'1179611',1728,,2798,26,,,0
190013019,'1179635',1458,,2799,26,,,0
190013019,'1179694',828,,2800,26,,,0
190013019,'1179701',2058,,2801,26,,,0
190013019,'1179717',1758,,2802,26,,,0
