120019,'1178966',1323,,2294,7,,,0
120019,'1178998',1523,,2295,7,,,0
120019,'1179031',1623,,2296,7,,,0
120019,'1179149',1423,,2297,7,,,0
120019,'1179182',1123,,2298,7,,,0
120019,'1179282',923,,2299,7,,,0
120019,'1179296',1723,,2300,7,,,0
120019,'1179596',1023,,2301,7,,,0
120019,'1179628',1223,,2302,7,,,0
190013019,'1178916',1614,,2757,7,,,0
190013019,'1178919',1944,,2758,7,,,0
190013019,'1178920',1114,,2759,7,,,0
190013019,'1178929',744,,2760,7,,,0
190013019,'1178930',1644,,2761,7,,,0
190013019,'1178972',1944,,2762,7,,,0
190013019,'1178983',1214,,2763,7,,,0
190013019,'1178994',2144,,2764,7,,,0
190013019,'1178997',1144,,2765,7,,,0
190013019,'1179048',1514,,2766,7,,,0
190013019,'1179062',1544,,2767,7,,,0
190013019,'1179074',1314,,2768,7,,,0
190013019,'1179087',1244,,2769,7,,,0
190013019,'1179104',1014,,2770,7,,,0
190013019,'1179171',1814,,2771,7,0,8 21,0
190013019,'1179187',844,,2772,7,,,0
190013019,'1179202',1044,,2773,7,,,0
190013019,'1179203',944,,2774,7,,,0
190013019,'1179212',1444,,2775,7,,,0
190013019,'1179219',1244,,2776,7,,,0
190013019,'1179243',744,,2777,7,,,0
190013019,'1179287',2144,,2778,7,,,0
190013019,'1179292',1044,,2779,7,,,0
190013019,'1179300',714,,2780,7,,,0
190013019,'1179373',944,,2782,7,,,0
190013019,'1179380',1344,,2783,7,,,0
190013019,'1179402',1344,,2784,7,,,0
190013019,'1179411',1414,,2785,7,,,0
190013019,'1179457',1844,,2786,7,,,0
190013019,'1179504',644,,2787,7,,,0
190013019,'1179507',914,,2788,7,,,0
190013019,'1179509',1144,,2789,7,,,0
190013019,'1179516',1544,,2790,7,,,0
190013019,'1179531',2044,,2791,7,,,0
190013019,'1179537',844,,2792,7,,,0
190013019,'1179539',1744,,2793,7,,,0
190013019,'1179546',644,,2794,7,,,0
190013019,'1179553',1844,,2795,7,,,0
190013019,'1179591',1644,,2797,7,,,0
190013019,'1179611',1714,,2798,7,,,0
190013019,'1179635',1444,,2799,7,,,0
190013019,'1179694',814,,2800,7,,,0
190013019,'1179701',2044,,2801,7,,,0
190013019,'1179717',1744,,2802,7,,,0
