110019,'1178947',941,,2239,18,,,0
110019,'1178964',1441,,2240,18,,,0
110019,'1178973',1741,,2241,18,,,0
110019,'1179028',1541,,2242,18,,,0
110019,'1179105',1641,,2243,18,,,0
110019,'1179114',1041,,2244,18,,,0
110019,'1179176',1241,,2245,18,,,0
110019,'1179184',1341,,2246,18,,,0
110019,'1179290',1141,,2247,18,,,0
116019,'1178992',746,,2257,13,,,0
116019,'1178995',746,,2258,13,,,0
116019,'1179088',646,,2259,13,,,0
116019,'1179096',846,,2260,13,,,0
116019,'1179141',1446,,2261,13,,,0
116019,'1179172',1146,,2262,13,,,0
116019,'1179177',846,,2263,13,,,0
116019,'1179190',1616,,2264,13,,,0
116019,'1179215',1046,,2265,13,,,0
116019,'1179228',816,,2266,13,,,0
116019,'1179247',946,,2267,13,,,0
116019,'1179275',1546,,2268,13,,,0
116019,'1179278',1246,,2269,13,,,0
116019,'1179313',1746,,2270,13,,,0
116019,'1179314',2046,,2271,13,,,0
116019,'1179321',1146,,2272,13,,,0
116019,'1179339',716,,2273,13,,,0
116019,'1179343',1946,,2274,13,,,0
116019,'1179365',1646,,2275,13,,,0
116019,'1179381',1846,,2276,13,,,0
116019,'1179418',1646,,2277,13,,,0
116019,'1179432',1716,,2278,13,,,0
116019,'1179434',1946,,2279,13,,,0
116019,'1179439',1346,,2280,13,,,0
116019,'1179441',1446,,2281,13,,,0
116019,'1179476',1046,,2282,13,,,0
116019,'1179500',2146,,2283,13,,,0
116019,'1179515',916,,2284,13,,,0
116019,'1179584',1846,,2285,13,,,0
116019,'1179603',946,,2286,13,,,0
116019,'1179606',1816,,2287,13,,,0
116019,'1179615',1546,,2288,13,,,0
116019,'1179641',1246,,2289,13,,,0
116019,'1179653',1746,,2290,13,,,0
116019,'1179682',1346,,2291,13,,,0
116019,'1179696',2046,,2292,13,,,0
116019,'1179706',2146,,2293,13,,,0
160019,'1178943',1538,,2366,13,,,0
160019,'1178949',938,,2367,13,,,0
160019,'1178951',1338,,2368,13,,,0
160019,'1179047',1438,,2369,13,,,0
160019,'1179060',1738,,2370,13,,,0
160019,'1179205',1138,,2371,13,,,0
160019,'1179319',1238,,2372,13,,,0
160019,'1179451',1638,,2373,13,,,0
160019,'1179697',1038,,2374,13,,,0
140010019,'1178914',1122,,2522,20,0,8 21,0
140010019,'1178921',1452,,2523,20,,,0
140010019,'1178922',951,,2524,20,,,0
140010019,'1178936',722,,2525,20,,,0
140010019,'1178946',2252,,2526,20,0,8 21,0
140010019,'1178979',1051,,2527,20,,,0
140010019,'1179012',751,,2528,20,,,0
140010019,'1179037',1952,,2529,20,,,0
140010019,'1179103',1551,,2530,20,,,0
140010019,'1179122',1322,,2531,20,0,8 21,0
140010019,'1179131',1152,,2532,20,,,0
140010019,'1179140',2152,,2533,20,,,0
140010019,'1179147',922,,2534,20,0,8 21,0
140010019,'1179157',652,,2535,20,,,0
140010019,'1179167',1052,,2536,20,,,0
140010019,'1179178',1751,,2537,20,,,0
140010019,'1179180',2151,,2538,20,,,0
140010019,'1179188',1451,,2539,20,,,0
140010019,'1179217',1951,,2540,20,,,0
140010019,'1179232',1522,,2541,20,0,8 21,0
140010019,'1179251',1622,,2542,20,,,0
140010019,'1179253',822,,2543,20,,,0
140010019,'1179268',1722,,2544,20,,,0
140010019,'1179270',1651,,2545,20,,,0
140010019,'1179336',852,,2547,20,,,0
140010019,'1179347',752,,2548,20,,,0
140010019,'1179361',2052,,2549,20,,,0
140010019,'1179396',2051,,2550,20,,,0
140010019,'1179408',2251,,2551,20,0,8 21,0
140010019,'1179415',1151,,2552,20,,,0
140010019,'1179445',1352,,2553,20,,,0
140010019,'1179452',1752,,2554,20,,,0
140010019,'1179453',1351,,2555,20,,,0
140010019,'1179479',1252,,2556,20,,,0
140010019,'1179483',1222,,2557,20,0,8 21,0
140010019,'1179494',1652,,2558,20,,,0
140010019,'1179496',1552,,2559,20,,,0
140010019,'1179498',1422,,2560,20,0,8 21,0
140010019,'1179544',1852,,2561,20,,,0
140010019,'1179548',1022,,2562,20,0,8 21,0
140010019,'1179613',1851,,2563,20,,,0
140010019,'1179620',851,,2564,20,,,0
140010019,'1179629',1822,,2565,20,0,8 21,0
140010019,'1179659',1251,,2566,20,,,0
140010019,'1179692',952,,2567,20,,,0
