120029,'1179032',1521,,2303,7,,,0
120029,'1179055',1321,,2304,7,,,0
120029,'1179056',1621,,2305,7,,,0
120029,'1179099',1721,,2306,7,,,0
120029,'1179153',921,,2307,7,,,0
120029,'1179222',1421,,2308,7,,,0
120029,'1179429',1121,,2309,7,,,0
120029,'1179447',1021,,2310,7,,,0
120029,'1179575',1221,,2311,7,,,0
190017019,'1178928',1645,,2851,7,,,0
190017019,'1178932',915,,2852,7,,,0
190017019,'1179000',2145,,2854,7,0,8 21,0
190017019,'1179014',1815,,2855,7,0,8 21,0
190017019,'1179016',615,,2856,7,,,0
190017019,'1179057',2245,,2857,7,0,8 21,0
190017019,'1179092',645,,2859,7,,,0
190017019,'1179124',1545,,2860,7,,,0
190017019,'1179128',1045,,2861,7,,,0
190017019,'1179133',2145,,2862,7,0,8 21,0
190017019,'1179151',1845,,2863,7,,,0
190017019,'1179161',1715,,2864,7,,,0
190017019,'1179166',945,,2865,7,,,0
190017019,'1179196',645,,2866,7,,,0
190017019,'1179242',1145,,2867,7,,,0
190017019,'1179273',2045,,2868,7,,,0
190017019,'1179277',815,,2869,7,,,0
190017019,'1179293',1245,,2870,7,,,0
190017019,'1179306',1845,,2871,7,,,0
190017019,'1179327',1445,,2873,7,,,0
190017019,'1179385',745,,2876,7,,,0
190017019,'1179401',1945,,2877,7,,,0
190017019,'1179427',1245,,2878,7,,,0
190017019,'1179455',1345,,2879,7,,,0
190017019,'1179519',1745,,2881,7,,,0
190017019,'1179529',2245,,2882,7,0,8 21,0
190017019,'1179533',715,,2883,7,,,0
190017019,'1179573',1145,,2885,7,,,0
190017019,'1179579',1045,,2886,7,,,0
190017019,'1179599',2045,,2887,7,,,0
190017019,'1179610',1945,,2888,7,,,0
190017019,'1179621',845,,2889,7,,,0
190017019,'1179625',1345,,2890,7,,,0
190017019,'1179626',1615,,2891,7,,,0
190017019,'1179631',1745,,2892,7,,,0
190017019,'1179667',745,,2893,7,,,0
190017019,'1179680',1545,,2894,7,,,0
190017019,'1179683',845,,2895,7,,,0
190017019,'1179686',1445,,2896,7,,,0
190017019,'1179699',945,,2897,7,,,0
190017019,'1179710',1645,,2898,7,,,0
