200029,'1178971',1100,,2393,17,,,0
200029,'1179034',1700,,2394,17,,,0
200029,'1179043',1300,,2395,17,,,0
200029,'1179091',1500,,2396,17,,,0
200029,'1179144',900,,2397,7,,,0
200029,'1179198',1200,,2398,17,,,0
200029,'1179283',1400,,2400,17,,,0
200029,'1179383',1600,,2401,17,,,0
200029,'1179689',1000,,2402,17,,,0
190017019,'1178928',1720,,2851,39,,,0
190017019,'1178932',950,,2852,39,,,0
190017019,'1178967',1450,,2853,6,,,0
190017019,'1179016',650,,2856,39,,,0
190017019,'1179076',620,,2858,6,,,0
190017019,'1179092',720,,2859,39,,,0
190017019,'1179124',1620,,2860,39,,,0
190017019,'1179128',1120,,2861,39,,,0
190017019,'1179151',1920,,2863,39,,,0
190017019,'1179161',1750,,2864,39,,,0
190017019,'1179166',1020,,2865,39,,,0
190017019,'1179196',720,,2866,39,,,0
190017019,'1179242',1220,,2867,39,,,0
190017019,'1179273',2120,,2868,39,,,0
190017019,'1179277',850,,2869,39,,,0
190017019,'1179293',1320,,2870,39,,,0
190017019,'1179306',1920,,2871,39,,,0
190017019,'1179309',1350,,2872,6,,,0
190017019,'1179327',1520,,2873,39,,,0
190017019,'1179377',1550,,2874,6,,,0
190017019,'1179384',1250,,2875,6,,,0
190017019,'1179385',820,,2876,39,,,0
190017019,'1179401',2020,,2877,39,,,0
190017019,'1179427',1320,,2878,39,,,0
190017019,'1179455',1420,,2879,39,,,0
190017019,'1179492',1150,,2880,6,,,0
190017019,'1179519',1820,,2881,39,,,0
190017019,'1179533',750,,2883,39,,,0
190017019,'1179565',1050,,2884,6,,,0
190017019,'1179573',1220,,2885,39,,,0
190017019,'1179579',1120,,2886,39,,,0
190017019,'1179599',2120,,2887,39,,,0
190017019,'1179610',2020,,2888,39,,,0
190017019,'1179621',920,,2889,39,,,0
190017019,'1179625',1420,,2890,39,,,0
190017019,'1179626',1650,,2891,39,,,0
190017019,'1179631',1820,,2892,39,,,0
190017019,'1179667',820,,2893,39,,,0
190017019,'1179680',1620,,2894,39,,,0
190017019,'1179683',920,,2895,39,,,0
190017019,'1179686',1520,,2896,39,,,0
190017019,'1179699',1020,,2897,39,,,0
190017019,'1179710',1720,,2898,39,,,0
