120029,'1179032',1531,,2303,28,,,0
120029,'1179055',1331,,2304,28,,,0
120029,'1179056',1631,,2305,28,,,0
120029,'1179099',1731,,2306,28,,,0
120029,'1179153',931,,2307,28,,,0
120029,'1179222',1431,,2308,28,,,0
120029,'1179429',1131,,2309,28,,,0
120029,'1179447',1031,,2310,28,,,0
120029,'1179575',1231,,2311,28,,,0
140029,'1178990',1431,,2339,13,,,0
140029,'1179039',1131,,2340,13,,,0
140029,'1179106',1031,,2341,13,,,0
140029,'1179281',1331,,2342,13,,,0
140029,'1179335',1631,,2343,13,,,0
140029,'1179461',1731,,2344,13,,,0
140029,'1179478',1531,,2345,13,,,0
140029,'1179522',1231,,2346,13,,,0
140029,'1179651',931,,2347,13,,,0
200029,'1178971',1034,,2393,9,,,0
200029,'1179034',1634,,2394,9,,,0
200029,'1179043',1234,,2395,9,,,0
200029,'1179091',1434,,2396,9,,,0
200029,'1179198',1134,,2398,9,,,0
200029,'1179229',1718,,2399,9,,,0
200029,'1179283',1334,,2400,9,,,0
200029,'1179383',1534,,2401,9,,,0
200029,'1179689',934,,2402,9,,,0
190017019,'1178928',1659,,2851,29,,,0
190017019,'1178932',929,,2852,29,,,0
190017019,'1179000',2159,,2854,29,0,8 21,0
190017019,'1179014',1829,,2855,29,0,8 21,0
190017019,'1179016',629,,2856,29,,,0
190017019,'1179057',2259,,2857,29,0,8 21,0
190017019,'1179092',659,,2859,29,,,0
190017019,'1179124',1559,,2860,29,,,0
190017019,'1179128',1059,,2861,29,,,0
190017019,'1179133',2159,,2862,29,0,8 21,0
190017019,'1179151',1859,,2863,29,,,0
190017019,'1179161',1729,,2864,29,,,0
190017019,'1179166',959,,2865,29,,,0
190017019,'1179196',659,,2866,29,,,0
190017019,'1179242',1159,,2867,29,,,0
190017019,'1179273',2059,,2868,29,,,0
190017019,'1179277',829,,2869,29,,,0
190017019,'1179293',1259,,2870,29,,,0
190017019,'1179306',1859,,2871,29,,,0
190017019,'1179327',1459,,2873,29,,,0
190017019,'1179385',759,,2876,29,,,0
190017019,'1179401',1959,,2877,29,,,0
190017019,'1179427',1259,,2878,29,,,0
190017019,'1179455',1359,,2879,29,,,0
190017019,'1179519',1759,,2881,29,,,0
190017019,'1179529',2259,,2882,29,0,8 21,0
190017019,'1179533',729,,2883,29,,,0
190017019,'1179573',1159,,2885,29,,,0
190017019,'1179579',1059,,2886,29,,,0
190017019,'1179599',2059,,2887,29,,,0
190017019,'1179610',1959,,2888,29,,,0
190017019,'1179621',859,,2889,29,,,0
190017019,'1179625',1359,,2890,29,,,0
190017019,'1179626',1629,,2891,29,,,0
190017019,'1179631',1759,,2892,29,,,0
190017019,'1179667',759,,2893,29,,,0
190017019,'1179680',1559,,2894,29,,,0
190017019,'1179683',859,,2895,29,,,0
190017019,'1179686',1459,,2896,29,,,0
190017019,'1179699',959,,2897,29,,,0
190017019,'1179710',1659,,2898,29,,,0
