120019,'1178966',1339,,2294,22,,,0
120019,'1178998',1539,,2295,22,,,0
120019,'1179031',1639,,2296,22,,,0
120019,'1179149',1439,,2297,22,,,0
120019,'1179182',1139,,2298,22,,,0
120019,'1179282',939,,2299,22,,,0
120019,'1179296',1739,,2300,22,,,0
120019,'1179596',1039,,2301,22,,,0
120019,'1179628',1239,,2302,22,,,0
190011019,'1178950',727,,2710,17,,,0
190011019,'1178970',1857,,2711,17,,,0
190011019,'1179009',1827,,2712,17,0,8 21,0
190011019,'1179040',2057,,2713,17,,,0
190011019,'1179145',857,,2715,17,,,0
190011019,'1179159',1757,,2717,17,,,0
190011019,'1179162',2252,,2718,17,0,12,0
190011019,'1179163',757,,2719,17,,,0
190011019,'1179248',657,,2720,17,,,0
190011019,'1179252',1757,,2721,17,,,0
190011019,'1179276',1957,,2722,17,,,0
190011019,'1179307',657,,2723,17,,,0
190011019,'1179332',1058,,2725,18,,,0
190011019,'1179340',857,,2726,17,,,0
190011019,'1179367',1727,,2727,17,,,0
190011019,'1179394',2157,,2730,17,,,0
190011019,'1179412',2252,,2731,17,0,12,0
190011019,'1179413',1258,,2732,18,,,0
190011019,'1179424',2157,,2733,17,,,0
190011019,'1179426',1358,,2734,18,,,0
190011019,'1179430',1558,,2735,18,,,0
190011019,'1179437',1058,,2736,18,,,0
190011019,'1179438',1558,,2737,18,,,0
190011019,'1179442',1857,,2738,17,,,0
190011019,'1179477',757,,2739,17,,,0
190011019,'1179521',1358,,2740,18,,,0
190011019,'1179528',1158,,2741,18,,,0
190011019,'1179555',1957,,2743,17,,,0
190011019,'1179572',1158,,2744,18,,,0
190011019,'1179590',1458,,2745,18,,,0
190011019,'1179619',1657,,2746,17,,,0
190011019,'1179642',957,,2747,17,,,0
190011019,'1179650',1258,,2748,18,,,0
190011019,'1179666',827,,2750,17,,,0
190011019,'1179677',2057,,2752,17,,,0
190011019,'1179678',927,,2753,17,,,0
190011019,'1179688',1657,,2754,17,,,0
190011019,'1179700',1458,,2755,18,,,0
190011019,'1179709',957,,2756,17,,,0
