130029,'1178925',1511,,2321,24,,,0
130029,'1178989',1411,,2322,24,,,0
130029,'1179023',1611,,2323,24,,,0
130029,'1179120',1711,,2324,24,,,0
130029,'1179168',1311,,2325,24,,,0
130029,'1179423',911,,2326,24,,,0
130029,'1179469',1211,,2327,24,,,0
130029,'1179639',1011,,2328,24,,,0
130029,'1179657',1111,,2329,24,,,0
150029,'1178980',1129,,2357,35,,,0
150029,'1179059',929,,2358,35,,,0
150029,'1179210',1329,,2359,35,,,0
150029,'1179274',1729,,2360,35,,,0
150029,'1179311',1029,,2361,35,,,0
150029,'1179362',1629,,2362,35,,,0
150029,'1179450',1429,,2363,35,,,0
150029,'1179616',1229,,2364,35,,,0
150029,'1179674',1529,,2365,35,,,0
300019,'1178915',1009,,2440,18,0,23 24 2 25,0
300019,'1178996',1839,,2447,18,0,23 24 2 25,0
300019,'1178999',739,,2448,18,0,23 24 2 25,0
300019,'1179042',809,,2453,18,0,23 24 2 25,0
300019,'1179065',1139,,2456,18,0,23 24 2 25,0
300019,'1179094',739,,2458,17,0,23 24 2 25,0
300019,'1179132',1239,,2464,18,0,23 24 2 25,0
300019,'1179142',1539,,2465,18,0,23 24 2 25,0
300019,'1179211',1739,,2467,18,0,23 24 2 25,0
300019,'1179220',1039,,2468,18,0,23 24 2 25,0
300019,'1179258',1839,,2470,18,0,23 24 2 25,0
300019,'1179264',1339,,2471,18,0,23 24 2 25,0
300019,'1179288',1739,,2473,18,0,23 24 2 25,0
300019,'1179349',1539,,2478,18,0,23 24 2 25,0
300019,'1179356',1639,,2480,18,0,23 24 2 25,0
300019,'1179360',2139,,2481,18,0,23 24 2 25,0
300019,'1179405',1239,,2486,18,0,23 24 2 25,0
300019,'1179406',1039,,2487,18,0,23 24 2 25,0
300019,'1179409',1609,,2488,18,0,23 24 2 25,0
300019,'1179420',1339,,2489,18,0,23 24 2 25,0
300019,'1179454',1439,,2492,18,0,23 24 2 25,0
300019,'1179463',939,,2493,18,0,23 24 2 25,0
300019,'1179467',839,,2494,18,0,23 24 2 25,0
300019,'1179470',1139,,2495,18,0,23 24 2 25,0
300019,'1179502',2039,,2498,18,0,23 24 2 25,0
300019,'1179527',1939,,2500,18,0,23 24 2 25,0
300019,'1179532',839,,2501,18,0,23 24 2 25,0
300019,'1179554',2139,,2504,18,0,23 24 2 25,0
300019,'1179570',1639,,2507,18,0,23 24 2 25,0
300019,'1179580',1939,,2508,18,0,23 24 2 25,0
300019,'1179597',909,,2511,18,0,23 24 2 25,0
300019,'1179607',709,,2512,17,0,23 24 2 25,0
300019,'1179614',1439,,2513,18,0,23 24 2 25,0
300019,'1179617',1809,,2514,18,0,23 24 2 25,0
300019,'1179624',1709,,2516,18,0,23 24 2 25,0
300019,'1179643',2039,,2518,18,0,23 24 2 25,0
300019,'1179713',939,,2521,18,0,23 24 2 25,0
140014019,'1178954',1551,,2614,11,,,0
140014019,'1178955',1121,,2615,11,,,0
140014019,'1178974',951,,2616,11,,,0
140014019,'1179007',1751,,2617,11,,,0
140014019,'1179027',1451,,2618,11,,,0
140014019,'1179052',751,,2619,11,,,0
140014019,'1179079',721,,2620,11,,,0
140014019,'1179080',1451,,2621,11,,,0
140014019,'1179082',821,,2622,11,,,0
140014019,'1179084',651,,2623,11,,,0
140014019,'1179111',2151,,2624,11,,,0
140014019,'1179143',751,,2625,11,,,0
140014019,'1179200',1221,,2626,11,,,0
140014019,'1179207',1721,,2627,11,,,0
140014019,'1179221',1351,,2628,11,,,0
140014019,'1179271',1151,,2629,11,,,0
140014019,'1179298',1651,,2630,11,,,0
140014019,'1179320',1421,,2631,11,,,0
140014019,'1179323',951,,2632,11,,,0
140014019,'1179350',851,,2634,11,,,0
140014019,'1179353',1751,,2635,11,,,0
140014019,'1179366',1951,,2636,11,,,0
140014019,'1179392',1551,,2637,11,,,0
140014019,'1179403',1851,,2638,11,,,0
140014019,'1179433',1351,,2640,11,,,0
140014019,'1179443',921,,2641,11,,,0
140014019,'1179446',1151,,2642,11,,,0
140014019,'1179449',1021,,2643,11,,,0
140014019,'1179493',1051,,2644,11,,,0
140014019,'1179524',1651,,2646,11,,,0
140014019,'1179535',1321,,2647,11,,,0
140014019,'1179547',1251,,2648,11,,,0
140014019,'1179557',1821,,2650,11,0,8 21,0
140014019,'1179561',1521,,2651,11,,,0
140014019,'1179577',1251,,2652,11,,,0
140014019,'1179598',2051,,2653,11,,,0
140014019,'1179600',2151,,2654,11,,,0
140014019,'1179608',1851,,2655,11,,,0
140014019,'1179636',1621,,2656,11,,,0
140014019,'1179638',851,,2657,11,,,0
140014019,'1179648',1951,,2658,11,,,0
140014019,'1179654',2051,,2659,11,,,0
140014019,'1179662',1051,,2660,11,,,0
190013019,'1178916',1702,,2757,56,,,0
190013019,'1178919',2032,,2758,56,,,0
190013019,'1178920',1202,,2759,56,,,0
190013019,'1178929',832,,2760,56,,,0
190013019,'1178930',1732,,2761,56,,,0
190013019,'1178972',2032,,2762,56,,,0
190013019,'1178983',1302,,2763,56,,,0
190013019,'1178994',2232,,2764,56,,,0
190013019,'1178997',1232,,2765,56,,,0
190013019,'1179048',1602,,2766,56,,,0
190013019,'1179062',1632,,2767,56,,,0
190013019,'1179074',1402,,2768,56,,,0
190013019,'1179087',1332,,2769,56,,,0
190013019,'1179104',1102,,2770,56,,,0
190013019,'1179187',932,,2772,56,,,0
190013019,'1179202',1132,,2773,56,,,0
190013019,'1179203',1032,,2774,56,,,0
190013019,'1179212',1532,,2775,56,,,0
190013019,'1179219',1332,,2776,56,,,0
190013019,'1179243',832,,2777,56,,,0
190013019,'1179287',2232,,2778,56,,,0
190013019,'1179292',1132,,2779,56,,,0
190013019,'1179300',802,,2780,56,,,0
190013019,'1179354',632,,2781,24,,,0
190013019,'1179373',1032,,2782,56,,,0
190013019,'1179380',1432,,2783,56,,,0
190013019,'1179402',1432,,2784,56,,,0
190013019,'1179411',1502,,2785,56,,,0
190013019,'1179457',1932,,2786,56,,,0
190013019,'1179504',732,,2787,56,,,0
190013019,'1179507',1002,,2788,56,,,0
190013019,'1179509',1232,,2789,56,,,0
190013019,'1179516',1632,,2790,56,,,0
190013019,'1179531',2132,,2791,56,,,0
190013019,'1179537',932,,2792,56,,,0
190013019,'1179539',1832,,2793,56,,,0
190013019,'1179546',732,,2794,56,,,0
190013019,'1179553',1932,,2795,56,,,0
190013019,'1179581',702,,2796,24,,,0
190013019,'1179591',1732,,2797,56,,,0
190013019,'1179611',1802,,2798,56,,,0
190013019,'1179635',1532,,2799,56,,,0
190013019,'1179694',902,,2800,56,,,0
190013019,'1179701',2132,,2801,56,,,0
190013019,'1179717',1832,,2802,56,,,0
