120029,'1179032',1517,,2303,2,,,0
120029,'1179055',1317,,2304,2,,,0
120029,'1179056',1617,,2305,2,,,0
120029,'1179099',1717,,2306,2,,,0
120029,'1179153',917,,2307,2,,,0
120029,'1179222',1417,,2308,2,,,0
120029,'1179429',1117,,2309,2,,,0
120029,'1179447',1017,,2310,2,,,0
120029,'1179575',1217,,2311,2,,,0
190017019,'1178928',1643,,2851,2,,,0
190017019,'1178932',913,,2852,2,,,0
190017019,'1179000',2143,,2854,2,0,8 21,0
190017019,'1179014',1813,,2855,2,0,8 21,0
190017019,'1179016',613,,2856,2,,,0
190017019,'1179057',2243,,2857,2,0,8 21,0
190017019,'1179092',643,,2859,2,,,0
190017019,'1179124',1543,,2860,2,,,0
190017019,'1179128',1043,,2861,2,,,0
190017019,'1179133',2143,,2862,2,0,8 21,0
190017019,'1179151',1843,,2863,2,,,0
190017019,'1179161',1713,,2864,2,,,0
190017019,'1179166',943,,2865,2,,,0
190017019,'1179196',643,,2866,2,,,0
190017019,'1179242',1143,,2867,2,,,0
190017019,'1179273',2043,,2868,2,,,0
190017019,'1179277',813,,2869,2,,,0
190017019,'1179293',1243,,2870,2,,,0
190017019,'1179306',1843,,2871,2,,,0
190017019,'1179327',1443,,2873,2,,,0
190017019,'1179385',743,,2876,2,,,0
190017019,'1179401',1943,,2877,2,,,0
190017019,'1179427',1243,,2878,2,,,0
190017019,'1179455',1343,,2879,2,,,0
190017019,'1179519',1743,,2881,2,,,0
190017019,'1179529',2243,,2882,2,0,8 21,0
190017019,'1179533',713,,2883,2,,,0
190017019,'1179573',1143,,2885,2,,,0
190017019,'1179579',1043,,2886,2,,,0
190017019,'1179599',2043,,2887,2,,,0
190017019,'1179610',1943,,2888,2,,,0
190017019,'1179621',843,,2889,2,,,0
190017019,'1179625',1343,,2890,2,,,0
190017019,'1179626',1613,,2891,2,,,0
190017019,'1179631',1743,,2892,2,,,0
190017019,'1179667',743,,2893,2,,,0
190017019,'1179680',1543,,2894,2,,,0
190017019,'1179683',843,,2895,2,,,0
190017019,'1179686',1443,,2896,2,,,0
190017019,'1179699',943,,2897,2,,,0
190017019,'1179710',1643,,2898,2,,,0
