130029,'1178925',1456,,2321,3,,,0
130029,'1178989',1356,,2322,3,,,0
130029,'1179023',1556,,2323,3,,,0
130029,'1179120',1656,,2324,3,,,0
130029,'1179168',1256,,2325,3,,,0
130029,'1179423',856,,2326,3,,,0
130029,'1179469',1156,,2327,3,,,0
130029,'1179639',956,,2328,3,,,0
130029,'1179657',1056,,2329,3,,,0
200019,'1179038',1501,,2384,21,,,0
200019,'1179081',1701,,2385,21,,,0
200019,'1179174',1001,,2386,21,,,0
200019,'1179259',1201,,2387,21,,,0
200019,'1179289',1601,,2388,21,,,0
200019,'1179460',1753,,2389,21,,,0
200019,'1179585',1101,,2390,21,,,0
200019,'1179594',1401,,2391,21,,,0
200019,'1179655',1301,,2392,21,,,0
140010019,'1178921',1516,,2523,35,,,0
140010019,'1178922',1016,,2524,36,,,0
140010019,'1178936',746,,2525,35,,,0
140010019,'1178979',1116,,2527,36,,,0
140010019,'1179012',816,,2528,36,,,0
140010019,'1179037',2016,,2529,35,,,0
140010019,'1179103',1616,,2530,36,,,0
140010019,'1179131',1216,,2532,35,,,0
140010019,'1179140',2216,,2533,35,,,0
140010019,'1179157',716,,2535,35,,,0
140010019,'1179167',1116,,2536,35,,,0
140010019,'1179178',1816,,2537,36,,,0
140010019,'1179180',2216,,2538,36,,,0
140010019,'1179188',1516,,2539,36,,,0
140010019,'1179217',2016,,2540,36,,,0
140010019,'1179251',1646,,2542,35,,,0
140010019,'1179253',846,,2543,35,,,0
140010019,'1179268',1746,,2544,35,,,0
140010019,'1179270',1716,,2545,36,,,0
140010019,'1179302',716,,2546,3,,,0
140010019,'1179336',916,,2547,35,,,0
140010019,'1179347',816,,2548,35,,,0
140010019,'1179361',2116,,2549,35,,,0
140010019,'1179396',2116,,2550,36,,,0
140010019,'1179415',1216,,2552,36,,,0
140010019,'1179445',1416,,2553,35,,,0
140010019,'1179452',1816,,2554,35,,,0
140010019,'1179453',1416,,2555,36,,,0
140010019,'1179479',1316,,2556,35,,,0
140010019,'1179494',1716,,2558,35,,,0
140010019,'1179496',1616,,2559,35,,,0
140010019,'1179544',1916,,2561,35,,,0
140010019,'1179613',1916,,2563,36,,,0
140010019,'1179620',916,,2564,36,,,0
140010019,'1179659',1316,,2566,36,,,0
140010019,'1179692',1016,,2567,35,,,0
140012019,'1178913',1216,,2568,25,,,0
140012019,'1178923',1216,,2569,25,,,0
140012019,'1178934',1016,,2570,25,,,0
140012019,'1178935',816,,2571,25,,,0
140012019,'1178953',916,,2572,25,,,0
140012019,'1178981',716,,2573,25,,,0
140012019,'1178986',1446,,2574,25,,,0
140012019,'1179006',1346,,2575,25,,,0
140012019,'1179011',746,,2576,25,,,0
140012019,'1179015',1916,,2577,25,,,0
140012019,'1179046',916,,2578,25,,,0
140012019,'1179102',1616,,2579,25,,,0
140012019,'1179154',1416,,2580,25,,,0
140012019,'1179183',2016,,2581,25,,,0
140012019,'1179185',946,,2582,25,,,0
140012019,'1179230',1016,,2584,25,,,0
140012019,'1179233',1616,,2585,25,,,0
140012019,'1179236',816,,2586,25,,,0
140012019,'1179238',1516,,2587,25,,,0
140012019,'1179244',2116,,2588,25,,,0
140012019,'1179245',1916,,2589,25,,,0
140012019,'1179250',716,,2590,3,,,0
140012019,'1179261',1116,,2592,25,,,0
140012019,'1179316',2016,,2593,25,,,0
140012019,'1179325',846,,2594,25,,,0
140012019,'1179348',1316,,2595,25,,,0
140012019,'1179359',1746,,2596,25,,,0
140012019,'1179372',2216,,2597,25,,,0
140012019,'1179387',1316,,2598,25,,,0
140012019,'1179399',1146,,2599,25,,,0
140012019,'1179425',2116,,2600,25,,,0
140012019,'1179444',1646,,2601,25,,,0
140012019,'1179495',1416,,2602,25,,,0
140012019,'1179499',1546,,2603,25,,,0
140012019,'1179510',1716,,2604,25,,,0
140012019,'1179511',2216,,2605,25,,,0
140012019,'1179526',1816,,2606,25,,,0
140012019,'1179556',1116,,2607,25,,,0
140012019,'1179567',1246,,2608,25,,,0
140012019,'1179644',1816,,2610,25,,,0
140012019,'1179693',1046,,2611,25,,,0
140012019,'1179704',1516,,2612,25,,,0
140012019,'1179715',1716,,2613,25,,,0
140014019,'1178954',1616,,2614,24,,,0
140014019,'1178955',1146,,2615,24,,,0
140014019,'1178974',1016,,2616,24,,,0
140014019,'1179007',1816,,2617,24,,,0
140014019,'1179027',1516,,2618,24,,,0
140014019,'1179052',816,,2619,24,,,0
140014019,'1179079',746,,2620,24,,,0
140014019,'1179080',1516,,2621,24,,,0
140014019,'1179082',846,,2622,24,,,0
140014019,'1179084',716,,2623,24,,,0
140014019,'1179111',2216,,2624,24,,,0
140014019,'1179143',816,,2625,24,,,0
140014019,'1179200',1246,,2626,24,,,0
140014019,'1179207',1746,,2627,24,,,0
140014019,'1179221',1416,,2628,24,,,0
140014019,'1179271',1216,,2629,24,,,0
140014019,'1179298',1716,,2630,24,,,0
140014019,'1179320',1446,,2631,24,,,0
140014019,'1179323',1016,,2632,24,,,0
140014019,'1179350',916,,2634,24,,,0
140014019,'1179353',1816,,2635,24,,,0
140014019,'1179366',2016,,2636,24,,,0
140014019,'1179392',1616,,2637,24,,,0
140014019,'1179403',1916,,2638,24,,,0
140014019,'1179417',716,,2639,3,,,0
140014019,'1179433',1416,,2640,24,,,0
140014019,'1179443',946,,2641,24,,,0
140014019,'1179446',1216,,2642,24,,,0
140014019,'1179449',1046,,2643,24,,,0
140014019,'1179493',1116,,2644,24,,,0
140014019,'1179524',1716,,2646,24,,,0
140014019,'1179535',1346,,2647,24,,,0
140014019,'1179547',1316,,2648,24,,,0
140014019,'1179550',646,,2649,3,,,0
140014019,'1179561',1546,,2651,24,,,0
140014019,'1179577',1316,,2652,24,,,0
140014019,'1179598',2116,,2653,24,,,0
140014019,'1179600',2216,,2654,24,,,0
140014019,'1179608',1916,,2655,24,,,0
140014019,'1179636',1646,,2656,24,,,0
140014019,'1179638',916,,2657,24,,,0
140014019,'1179648',2016,,2658,24,,,0
140014019,'1179654',2116,,2659,24,,,0
140014019,'1179662',1116,,2660,24,,,0
140016019,'1178912',1716,,2661,23,,,0
140016019,'1178941',816,,2662,23,,,0
140016019,'1179051',2216,,2665,23,,,0
140016019,'1179063',716,,2666,3,,,0
140016019,'1179077',1746,,2667,23,,,0
140016019,'1179112',1916,,2668,23,,,0
140016019,'1179129',1216,,2669,23,,,0
140016019,'1179136',1516,,2670,23,,,0
140016019,'1179158',1316,,2671,23,,,0
140016019,'1179191',916,,2672,23,,,0
140016019,'1179213',1016,,2673,23,,,0
140016019,'1179234',1416,,2675,23,,,0
140016019,'1179256',846,,2677,23,,,0
140016019,'1179267',816,,2678,23,,,0
140016019,'1179284',1916,,2679,23,,,0
140016019,'1179299',2216,,2681,23,,,0
140016019,'1179304',1316,,2682,23,,,0
140016019,'1179312',1616,,2683,23,,,0
140016019,'1179318',1816,,2684,23,,,0
140016019,'1179330',2016,,2685,23,,,0
140016019,'1179333',1416,,2686,23,,,0
140016019,'1179357',1116,,2688,23,,,0
140016019,'1179371',1516,,2689,23,,,0
140016019,'1179389',1646,,2690,23,,,0
140016019,'1179416',1616,,2691,23,,,0
140016019,'1179464',2116,,2693,23,,,0
140016019,'1179475',916,,2694,23,,,0
140016019,'1179481',1716,,2695,23,,,0
140016019,'1179517',1546,,2697,23,,,0
140016019,'1179520',2016,,2698,23,,,0
140016019,'1179536',746,,2699,23,,,0
140016019,'1179538',716,,2700,23,,,0
140016019,'1179601',2116,,2703,23,,,0
140016019,'1179604',1116,,2704,23,,,0
140016019,'1179627',1216,,2705,23,,,0
140016019,'1179663',1016,,2706,23,,,0
140016019,'1179687',1816,,2708,23,,,0
190013019,'1178916',1646,,2757,35,,,0
190013019,'1178919',2016,,2758,35,,,0
190013019,'1178920',1146,,2759,35,,,0
190013019,'1178929',816,,2760,35,,,0
190013019,'1178930',1716,,2761,35,,,0
190013019,'1178972',2016,,2762,35,,,0
190013019,'1178983',1246,,2763,35,,,0
190013019,'1178994',2216,,2764,35,,,0
190013019,'1178997',1216,,2765,35,,,0
190013019,'1179048',1546,,2766,35,,,0
190013019,'1179062',1616,,2767,35,,,0
190013019,'1179074',1346,,2768,35,,,0
190013019,'1179087',1316,,2769,35,,,0
190013019,'1179104',1046,,2770,35,,,0
190013019,'1179187',916,,2772,35,,,0
190013019,'1179202',1116,,2773,35,,,0
190013019,'1179203',1016,,2774,35,,,0
190013019,'1179212',1516,,2775,35,,,0
190013019,'1179219',1316,,2776,35,,,0
190013019,'1179243',816,,2777,35,,,0
190013019,'1179287',2216,,2778,35,,,0
190013019,'1179292',1116,,2779,35,,,0
190013019,'1179300',746,,2780,35,,,0
190013019,'1179354',616,,2781,3,,,0
190013019,'1179373',1016,,2782,35,,,0
190013019,'1179380',1416,,2783,35,,,0
190013019,'1179402',1416,,2784,35,,,0
190013019,'1179411',1446,,2785,35,,,0
190013019,'1179457',1916,,2786,35,,,0
190013019,'1179504',716,,2787,35,,,0
190013019,'1179507',946,,2788,35,,,0
190013019,'1179509',1216,,2789,35,,,0
190013019,'1179516',1616,,2790,35,,,0
190013019,'1179531',2116,,2791,35,,,0
190013019,'1179537',916,,2792,35,,,0
190013019,'1179539',1816,,2793,35,,,0
190013019,'1179546',716,,2794,35,,,0
190013019,'1179553',1916,,2795,35,,,0
190013019,'1179581',646,,2796,3,,,0
190013019,'1179591',1716,,2797,35,,,0
190013019,'1179611',1746,,2798,35,,,0
190013019,'1179635',1516,,2799,35,,,0
190013019,'1179694',846,,2800,35,,,0
190013019,'1179701',2116,,2801,35,,,0
190013019,'1179717',1816,,2802,35,,,0
