140019,'1178969',1319,,2330,7,,,0
140019,'1178977',1519,,2331,7,,,0
140019,'1179164',1619,,2332,7,,,0
140019,'1179344',1419,,2333,7,,,0
140019,'1179352',919,,2334,7,,,0
140019,'1179462',1219,,2335,7,,,0
140019,'1179512',1119,,2336,7,,,0
140019,'1179518',1019,,2337,7,,,0
140019,'1179634',1719,,2338,7,,,0
190011019,'1178950',719,,2710,7,,,0
190011019,'1178970',1849,,2711,7,,,0
190011019,'1179009',1819,,2712,7,0,8 21,0
190011019,'1179040',2049,,2713,7,,,0
190011019,'1179145',849,,2715,7,,,0
190011019,'1179159',1749,,2717,7,,,0
190011019,'1179162',2244,,2718,7,0,12,0
190011019,'1179163',749,,2719,7,,,0
190011019,'1179248',649,,2720,7,,,0
190011019,'1179252',1749,,2721,7,,,0
190011019,'1179276',1949,,2722,7,,,0
190011019,'1179307',649,,2723,7,,,0
190011019,'1179332',1049,,2725,7,,,0
190011019,'1179340',849,,2726,7,,,0
190011019,'1179367',1719,,2727,7,,,0
190011019,'1179394',2149,,2730,7,,,0
190011019,'1179412',2244,,2731,7,0,12,0
190011019,'1179413',1249,,2732,7,,,0
190011019,'1179424',2149,,2733,7,,,0
190011019,'1179426',1349,,2734,7,,,0
190011019,'1179430',1549,,2735,7,,,0
190011019,'1179437',1049,,2736,7,,,0
190011019,'1179438',1549,,2737,7,,,0
190011019,'1179442',1849,,2738,7,,,0
190011019,'1179477',749,,2739,7,,,0
190011019,'1179521',1349,,2740,7,,,0
190011019,'1179528',1149,,2741,7,,,0
190011019,'1179555',1949,,2743,7,,,0
190011019,'1179572',1149,,2744,7,,,0
190011019,'1179590',1449,,2745,7,,,0
190011019,'1179619',1649,,2746,7,,,0
190011019,'1179642',949,,2747,7,,,0
190011019,'1179650',1249,,2748,7,,,0
190011019,'1179666',819,,2750,7,,,0
190011019,'1179677',2049,,2752,7,,,0
190011019,'1179678',919,,2753,7,,,0
190011019,'1179688',1649,,2754,7,,,0
190011019,'1179700',1449,,2755,7,,,0
190011019,'1179709',949,,2756,7,,,0
