110029,'1178926',1258,,2248,6,,,0
110029,'1179044',858,,2249,6,,,0
110029,'1179118',1058,,2250,6,,,0
110029,'1179173',1158,,2251,6,,,0
110029,'1179459',1658,,2252,6,,,0
110029,'1179534',1358,,2253,6,,,0
110029,'1179542',1558,,2254,6,,,0
110029,'1179690',958,,2255,6,,,0
110029,'1179707',1458,,2256,6,,,0
160029,'1178957',900,,2375,8,,,0
160029,'1179098',1400,,2376,8,,,0
160029,'1179137',1600,,2377,8,,,0
160029,'1179301',1200,,2378,8,,,0
160029,'1179398',1300,,2379,8,,,0
160029,'1179410',1700,,2380,8,,,0
160029,'1179543',1100,,2381,8,,,0
160029,'1179558',1000,,2382,8,,,0
160029,'1179623',1500,,2383,8,,,0
216019,'1178924',750,,2403,8,,,0
216019,'1178948',620,,2404,8,,,0
216019,'1178963',2120,,2405,8,,,0
216019,'1178968',1220,,2406,8,,,0
216019,'1179019',1750,,2407,8,,,0
216019,'1179021',1550,,2408,8,,,0
216019,'1179029',1420,,2409,8,,,0
216019,'1179050',1520,,2410,8,,,0
216019,'1179070',1420,,2411,8,,,0
216019,'1179075',1820,,2412,8,,,0
216019,'1179116',720,,2413,8,,,0
216019,'1179123',1320,,2414,8,,,0
216019,'1179160',1720,,2415,8,,,0
216019,'1179179',2020,,2416,8,,,0
216019,'1179181',1120,,2417,8,,,0
216019,'1179199',920,,2418,8,,,0
216019,'1179206',1520,,2419,8,,,0
216019,'1179328',1020,,2420,8,,,0
216019,'1179338',1220,,2421,8,,,0
216019,'1179345',820,,2422,8,,,0
216019,'1179368',1650,,2423,8,,,0
216019,'1179369',1020,,2424,8,,,0
216019,'1179374',1620,,2425,8,,,0
216019,'1179421',1820,,2426,8,,,0
216019,'1179431',1120,,2427,8,,,0
216019,'1179458',1920,,2428,8,,,0
216019,'1179488',720,,2429,8,,,0
216019,'1179523',1320,,2430,8,,,0
216019,'1179574',2020,,2431,8,,,0
216019,'1179582',1920,,2432,8,,,0
216019,'1179605',850,,2433,8,,,0
216019,'1179647',1720,,2434,8,,,0
216019,'1179669',820,,2435,8,,,0
216019,'1179695',2120,,2436,8,,,0
216019,'1179712',650,,2437,8,,,0
216019,'1179714',920,,2438,8,,,0
216019,'1179719',1620,,2439,8,,,0
190011019,'1178945',1548,,2709,6,,,0
190011019,'1178950',748,,2710,30,,,0
190011019,'1178970',1918,,2711,30,,,0
190011019,'1179040',2118,,2713,30,,,0
190011019,'1179064',1048,,2714,6,,,0
190011019,'1179145',918,,2715,30,,,0
190011019,'1179146',1148,,2716,6,,,0
190011019,'1179159',1818,,2717,30,,,0
190011019,'1179163',818,,2719,30,,,0
190011019,'1179248',718,,2720,30,,,0
190011019,'1179252',1818,,2721,30,,,0
190011019,'1179276',2018,,2722,30,,,0
190011019,'1179307',718,,2723,30,,,0
190011019,'1179317',1248,,2724,6,,,0
190011019,'1179332',1118,,2725,31,,,0
190011019,'1179340',918,,2726,30,,,0
190011019,'1179367',1748,,2727,30,,,0
190011019,'1179375',1448,,2728,6,,,0
190011019,'1179393',1648,,2729,6,,,0
190011019,'1179394',2218,,2730,30,,,0
190011019,'1179413',1318,,2732,31,,,0
190011019,'1179424',2218,,2733,30,,,0
190011019,'1179426',1418,,2734,31,,,0
190011019,'1179430',1618,,2735,31,,,0
190011019,'1179437',1118,,2736,31,,,0
190011019,'1179438',1618,,2737,31,,,0
190011019,'1179442',1918,,2738,30,,,0
190011019,'1179477',818,,2739,30,,,0
190011019,'1179521',1418,,2740,31,,,0
190011019,'1179528',1218,,2741,31,,,0
190011019,'1179530',648,,2742,6,,,0
190011019,'1179555',2018,,2743,30,,,0
190011019,'1179572',1218,,2744,31,,,0
190011019,'1179590',1518,,2745,31,,,0
190011019,'1179619',1718,,2746,30,,,0
190011019,'1179642',1018,,2747,30,,,0
190011019,'1179650',1318,,2748,31,,,0
190011019,'1179665',618,,2749,9,,,0
190011019,'1179666',848,,2750,30,,,0
190011019,'1179672',1348,,2751,6,,,0
190011019,'1179677',2118,,2752,30,,,0
190011019,'1179678',948,,2753,30,,,0
190011019,'1179688',1718,,2754,30,,,0
190011019,'1179700',1518,,2755,31,,,0
190011019,'1179709',1018,,2756,30,,,0
