130019,'1179053',1737,,2312,19,,,0
130019,'1179067',1337,,2313,19,,,0
130019,'1179069',1037,,2314,19,,,0
130019,'1179093',1137,,2315,19,,,0
130019,'1179108',1237,,2316,19,,,0
130019,'1179294',1537,,2317,19,,,0
130019,'1179386',1637,,2318,19,,,0
130019,'1179541',937,,2319,19,,,0
130019,'1179675',1437,,2320,19,,,0
300019,'1178918',1209,,2441,19,0,23 24 2 26,0
300019,'1178931',809,,2442,19,0,23 24 2 26,0
300019,'1178939',1409,,2443,19,0,23 24 2 26,0
300019,'1178975',1509,,2445,19,0,23 24 2 26,0
300019,'1178982',1709,,2446,19,0,23 24 2 26,0
300019,'1179001',739,,2449,19,0,23 24 2 26,0
300019,'1179003',2009,,2450,19,0,23 24 2 26,0
300019,'1179008',2209,,2451,19,0,8 9 2 26,0
300019,'1179030',1909,,2452,19,0,23 24 2 26,0
300019,'1179058',1109,,2455,19,0,23 24 2 26,0
300019,'1179066',1809,,2457,19,0,23 24 2 26,0
300019,'1179109',1839,,2459,19,0,8 9 2 26,0
300019,'1179110',1009,,2460,19,0,23 24 2 26,0
300019,'1179115',939,,2461,19,0,23 24 2 26,0
300019,'1179121',1809,,2462,19,0,23 24 2 26,0
300019,'1179125',2009,,2463,19,0,23 24 2 26,0
300019,'1179194',839,,2466,19,0,23 24 2 26,0
300019,'1179246',809,,2469,19,0,23 24 2 26,0
300019,'1179279',909,,2472,19,0,23 24 2 26,0
300019,'1179295',2109,,2474,19,0,23 24 2 26,0
300019,'1179331',1309,,2477,19,0,23 24 2 26,0
300019,'1179355',1209,,2479,19,0,23 24 2 26,0
300019,'1179379',2209,,2482,19,0,8 9 2 26,0
300019,'1179390',1509,,2483,19,0,23 24 2 26,0
300019,'1179397',1639,,2484,19,0,23 24 2 26,0
300019,'1179404',2109,,2485,19,0,23 24 2 26,0
300019,'1179435',1609,,2490,19,0,23 24 2 26,0
300019,'1179448',1409,,2491,19,0,23 24 2 26,0
300019,'1179484',1309,,2496,19,0,23 24 2 26,0
300019,'1179490',1109,,2497,19,0,23 24 2 26,0
300019,'1179508',1009,,2499,19,0,23 24 2 26,0
300019,'1179549',909,,2502,19,0,23 24 2 26,0
300019,'1179566',1709,,2505,19,0,23 24 2 26,0
300019,'1179568',1909,,2506,19,0,23 24 2 26,0
300019,'1179593',1039,,2510,19,0,8 9 2 26,0
300019,'1179622',1739,,2515,19,0,23 24 2 26,0
300019,'1179649',1609,,2519,19,0,23 24 2 26,0
140012019,'1178913',1159,,2568,19,,,0
140012019,'1178923',1159,,2569,19,,,0
140012019,'1178934',959,,2570,19,,,0
140012019,'1178935',759,,2571,19,,,0
140012019,'1178953',859,,2572,19,,,0
140012019,'1178981',659,,2573,19,,,0
140012019,'1178986',1429,,2574,19,,,0
140012019,'1179006',1329,,2575,19,,,0
140012019,'1179011',729,,2576,19,,,0
140012019,'1179015',1859,,2577,19,,,0
140012019,'1179046',859,,2578,19,,,0
140012019,'1179102',1559,,2579,19,,,0
140012019,'1179154',1359,,2580,19,,,0
140012019,'1179183',1959,,2581,19,,,0
140012019,'1179185',929,,2582,19,,,0
140012019,'1179216',2259,,2583,19,0,8 21,0
140012019,'1179230',959,,2584,19,,,0
140012019,'1179233',1559,,2585,19,,,0
140012019,'1179236',759,,2586,19,,,0
140012019,'1179238',1459,,2587,19,,,0
140012019,'1179244',2059,,2588,19,,,0
140012019,'1179245',1859,,2589,19,,,0
140012019,'1179255',1829,,2591,19,0,8 21,0
140012019,'1179261',1059,,2592,19,,,0
140012019,'1179316',1959,,2593,19,,,0
140012019,'1179325',829,,2594,19,,,0
140012019,'1179348',1259,,2595,19,,,0
140012019,'1179359',1729,,2596,19,,,0
140012019,'1179372',2159,,2597,19,,,0
140012019,'1179387',1259,,2598,19,,,0
140012019,'1179399',1129,,2599,19,,,0
140012019,'1179425',2059,,2600,19,,,0
140012019,'1179444',1629,,2601,19,,,0
140012019,'1179495',1359,,2602,19,,,0
140012019,'1179499',1529,,2603,19,,,0
140012019,'1179510',1659,,2604,19,,,0
140012019,'1179511',2159,,2605,19,,,0
140012019,'1179526',1759,,2606,19,,,0
140012019,'1179556',1059,,2607,19,,,0
140012019,'1179567',1229,,2608,19,,,0
140012019,'1179578',2259,,2609,19,0,8 21,0
140012019,'1179644',1759,,2610,19,,,0
140012019,'1179693',1029,,2611,19,,,0
140012019,'1179704',1459,,2612,19,,,0
140012019,'1179715',1659,,2613,19,,,0
