140014019,'1178954',1621,,2614,27,,,0
140014019,'1178955',1151,,2615,27,,,0
140014019,'1178974',1021,,2616,27,,,0
140014019,'1179007',1821,,2617,27,,,0
140014019,'1179027',1521,,2618,27,,,0
140014019,'1179052',821,,2619,27,,,0
140014019,'1179079',751,,2620,27,,,0
140014019,'1179080',1521,,2621,27,,,0
140014019,'1179082',851,,2622,27,,,0
140014019,'1179084',721,,2623,27,,,0
140014019,'1179111',2221,,2624,27,,,0
140014019,'1179143',821,,2625,27,,,0
140014019,'1179200',1251,,2626,27,,,0
140014019,'1179207',1751,,2627,27,,,0
140014019,'1179221',1421,,2628,27,,,0
140014019,'1179271',1221,,2629,27,,,0
140014019,'1179298',1721,,2630,27,,,0
140014019,'1179320',1451,,2631,27,,,0
140014019,'1179323',1021,,2632,27,,,0
140014019,'1179350',921,,2634,27,,,0
140014019,'1179353',1821,,2635,27,,,0
140014019,'1179366',2021,,2636,27,,,0
140014019,'1179392',1621,,2637,27,,,0
140014019,'1179403',1921,,2638,27,,,0
140014019,'1179417',721,,2639,6,,,0
140014019,'1179433',1421,,2640,27,,,0
140014019,'1179443',951,,2641,27,,,0
140014019,'1179446',1221,,2642,27,,,0
140014019,'1179449',1051,,2643,27,,,0
140014019,'1179493',1121,,2644,27,,,0
140014019,'1179524',1721,,2646,27,,,0
140014019,'1179535',1351,,2647,27,,,0
140014019,'1179547',1321,,2648,27,,,0
140014019,'1179550',651,,2649,6,,,0
140014019,'1179561',1551,,2651,27,,,0
140014019,'1179577',1321,,2652,27,,,0
140014019,'1179598',2121,,2653,27,,,0
140014019,'1179600',2221,,2654,27,,,0
140014019,'1179608',1921,,2655,27,,,0
140014019,'1179636',1651,,2656,27,,,0
140014019,'1179638',921,,2657,27,,,0
140014019,'1179648',2021,,2658,27,,,0
140014019,'1179654',2121,,2659,27,,,0
140014019,'1179662',1121,,2660,27,,,0
