140019,'1178969',1327,,2330,19,,,0
140019,'1178977',1527,,2331,19,,,0
140019,'1179164',1627,,2332,19,,,0
140019,'1179344',1427,,2333,19,,,0
140019,'1179352',927,,2334,19,,,0
140019,'1179462',1227,,2335,19,,,0
140019,'1179512',1127,,2336,19,,,0
140019,'1179518',1027,,2337,19,,,0
140019,'1179634',1727,,2338,19,,,0
190013019,'1178916',1626,,2757,23,,,0
190013019,'1178919',1956,,2758,23,,,0
190013019,'1178920',1126,,2759,23,,,0
190013019,'1178929',756,,2760,23,,,0
190013019,'1178930',1656,,2761,23,,,0
190013019,'1178972',1956,,2762,23,,,0
190013019,'1178983',1226,,2763,23,,,0
190013019,'1178994',2156,,2764,23,,,0
190013019,'1178997',1156,,2765,23,,,0
190013019,'1179048',1526,,2766,23,,,0
190013019,'1179062',1556,,2767,23,,,0
190013019,'1179074',1326,,2768,23,,,0
190013019,'1179087',1256,,2769,23,,,0
190013019,'1179104',1026,,2770,23,,,0
190013019,'1179171',1826,,2771,23,0,8 21,0
190013019,'1179187',856,,2772,23,,,0
190013019,'1179202',1056,,2773,23,,,0
190013019,'1179203',956,,2774,23,,,0
190013019,'1179212',1456,,2775,23,,,0
190013019,'1179219',1256,,2776,23,,,0
190013019,'1179243',756,,2777,23,,,0
190013019,'1179287',2156,,2778,23,,,0
190013019,'1179292',1056,,2779,23,,,0
190013019,'1179300',726,,2780,23,,,0
190013019,'1179373',956,,2782,23,,,0
190013019,'1179380',1356,,2783,23,,,0
190013019,'1179402',1356,,2784,23,,,0
190013019,'1179411',1426,,2785,23,,,0
190013019,'1179457',1856,,2786,23,,,0
190013019,'1179504',656,,2787,23,,,0
190013019,'1179507',926,,2788,23,,,0
190013019,'1179509',1156,,2789,23,,,0
190013019,'1179516',1556,,2790,23,,,0
190013019,'1179531',2056,,2791,23,,,0
190013019,'1179537',856,,2792,23,,,0
190013019,'1179539',1756,,2793,23,,,0
190013019,'1179546',656,,2794,23,,,0
190013019,'1179553',1856,,2795,23,,,0
190013019,'1179591',1656,,2797,23,,,0
190013019,'1179611',1726,,2798,23,,,0
190013019,'1179635',1456,,2799,23,,,0
190013019,'1179694',826,,2800,23,,,0
190013019,'1179701',2056,,2801,23,,,0
190013019,'1179717',1756,,2802,23,,,0
