160029,'1178957',917,,2375,32,,,0
160029,'1179098',1417,,2376,32,,,0
160029,'1179137',1617,,2377,32,,,0
160029,'1179301',1217,,2378,32,,,0
160029,'1179398',1317,,2379,32,,,0
160029,'1179410',1717,,2380,32,,,0
160029,'1179543',1117,,2381,32,,,0
160029,'1179558',1017,,2382,32,,,0
160029,'1179623',1517,,2383,32,,,0
216019,'1178924',807,,2403,34,,,0
216019,'1178948',637,,2404,34,,,0
216019,'1178963',2137,,2405,34,,,0
216019,'1178968',1237,,2406,34,,,0
216019,'1179019',1807,,2407,34,,,0
216019,'1179021',1607,,2408,34,,,0
216019,'1179029',1437,,2409,34,,,0
216019,'1179050',1537,,2410,34,,,0
216019,'1179070',1437,,2411,34,,,0
216019,'1179075',1837,,2412,34,,,0
216019,'1179116',738,,2413,35,,,0
216019,'1179123',1337,,2414,34,,,0
216019,'1179160',1738,,2415,35,,,0
216019,'1179179',2037,,2416,34,,,0
216019,'1179181',1137,,2417,34,,,0
216019,'1179199',937,,2418,34,,,0
216019,'1179206',1537,,2419,34,,,0
216019,'1179328',1037,,2420,34,,,0
216019,'1179338',1237,,2421,34,,,0
216019,'1179345',837,,2422,34,,,0
216019,'1179368',1708,,2423,35,,,0
216019,'1179369',1037,,2424,34,,,0
216019,'1179374',1638,,2425,35,,,0
216019,'1179421',1837,,2426,34,,,0
216019,'1179431',1137,,2427,34,,,0
216019,'1179458',1937,,2428,34,,,0
216019,'1179488',737,,2429,34,,,0
216019,'1179523',1337,,2430,34,,,0
216019,'1179574',2037,,2431,34,,,0
216019,'1179582',1937,,2432,34,,,0
216019,'1179605',907,,2433,34,,,0
216019,'1179647',1737,,2434,34,,,0
216019,'1179669',837,,2435,34,,,0
216019,'1179695',2137,,2436,34,,,0
216019,'1179712',708,,2437,35,,,0
216019,'1179714',937,,2438,34,,,0
216019,'1179719',1637,,2439,34,,,0
