150029,'1178980',1112,,2357,21,,,0
150029,'1179059',912,,2358,21,,,0
150029,'1179210',1312,,2359,21,,,0
150029,'1179274',1712,,2360,21,,,0
150029,'1179311',1012,,2361,21,,,0
150029,'1179362',1612,,2362,21,,,0
150029,'1179450',1412,,2363,21,,,0
150029,'1179616',1212,,2364,21,,,0
150029,'1179674',1512,,2365,21,,,0
190015019,'1178937',1202,,2803,41,,,0
190015019,'1178958',1032,,2805,41,,,0
190015019,'1178960',1132,,2806,41,,,0
190015019,'1179018',1432,,2808,41,,,0
190015019,'1179054',1332,,2809,41,,,0
190015019,'1179073',1402,,2810,41,,,0
190015019,'1179083',632,,2811,16,,,0
190015019,'1179089',1232,,2812,41,,,0
190015019,'1179095',1732,,2813,41,,,0
190015019,'1179126',1832,,2814,41,,,0
190015019,'1179130',1632,,2815,41,,,0
190015019,'1179152',1002,,2816,41,,,0
190015019,'1179169',1032,,2818,41,,,0
190015019,'1179170',832,,2819,41,,,0
190015019,'1179189',832,,2820,41,,,0
190015019,'1179226',1832,,2821,41,,,0
190015019,'1179257',2132,,2823,41,,,0
190015019,'1179260',1732,,2824,41,,,0
190015019,'1179280',1532,,2826,41,,,0
190015019,'1179329',1702,,2827,41,,,0
190015019,'1179378',2032,,2828,41,,,0
190015019,'1179382',1802,,2829,41,,,0
190015019,'1179400',1932,,2830,41,,,0
190015019,'1179414',1532,,2831,41,,,0
190015019,'1179456',1602,,2832,41,,,0
190015019,'1179465',1632,,2833,41,,,0
190015019,'1179466',932,,2834,41,,,0
190015019,'1179468',2032,,2835,41,,,0
190015019,'1179480',1332,,2836,41,,,0
190015019,'1179489',1302,,2837,41,,,0
190015019,'1179491',1132,,2838,41,,,0
190015019,'1179501',1102,,2839,41,,,0
190015019,'1179525',732,,2840,41,,,0
190015019,'1179560',2132,,2841,41,,,0
190015019,'1179563',1432,,2842,41,,,0
190015019,'1179576',1932,,2843,41,,,0
190015019,'1179602',902,,2844,41,,,0
190015019,'1179633',802,,2845,41,,,0
190015019,'1179637',702,,2846,16,,,0
190015019,'1179652',932,,2847,41,,,0
190015019,'1179679',1502,,2848,41,,,0
190015019,'1179703',1232,,2849,41,,,0
190015019,'1179716',732,,2850,41,,,0
