140016019,'1178912',1647,,2661,3,,,0
140016019,'1178941',747,,2662,3,,,0
140016019,'1179017',1217,,2664,3,0,8 21,0
140016019,'1179051',2147,,2665,3,,,0
140016019,'1179077',1717,,2667,3,,,0
140016019,'1179112',1847,,2668,3,,,0
140016019,'1179129',1147,,2669,3,,,0
140016019,'1179136',1447,,2670,3,,,0
140016019,'1179158',1247,,2671,3,,,0
140016019,'1179191',847,,2672,3,,,0
140016019,'1179213',947,,2673,3,,,0
140016019,'1179234',1347,,2675,3,,,0
140016019,'1179254',1117,,2676,3,0,8 21,0
140016019,'1179256',817,,2677,3,,,0
140016019,'1179267',747,,2678,3,,,0
140016019,'1179284',1847,,2679,3,,,0
140016019,'1179299',2147,,2681,3,,,0
140016019,'1179304',1247,,2682,3,,,0
140016019,'1179312',1547,,2683,3,,,0
140016019,'1179318',1747,,2684,3,,,0
140016019,'1179330',1947,,2685,3,,,0
140016019,'1179333',1347,,2686,3,,,0
140016019,'1179351',917,,2687,3,0,8 21,0
140016019,'1179357',1047,,2688,3,,,0
140016019,'1179371',1447,,2689,3,,,0
140016019,'1179389',1617,,2690,3,,,0
140016019,'1179416',1547,,2691,3,,,0
140016019,'1179464',2047,,2693,3,,,0
140016019,'1179475',847,,2694,3,,,0
140016019,'1179481',1647,,2695,3,,,0
140016019,'1179503',1417,,2696,3,0,8 21,0
140016019,'1179517',1517,,2697,3,,,0
140016019,'1179520',1947,,2698,3,,,0
140016019,'1179536',717,,2699,3,,,0
140016019,'1179538',647,,2700,3,,,0
140016019,'1179562',1317,,2701,3,0,8 21,0
140016019,'1179569',1817,,2702,3,0,8 21,0
140016019,'1179601',2047,,2703,3,,,0
140016019,'1179604',1047,,2704,3,,,0
140016019,'1179627',1147,,2705,3,,,0
140016019,'1179663',947,,2706,3,,,0
140016019,'1179681',1017,,2707,3,0,8 21,0
140016019,'1179687',1747,,2708,3,,,0
