120029,'1179032',1519,,2303,4,,,0
120029,'1179055',1319,,2304,4,,,0
120029,'1179056',1619,,2305,4,,,0
120029,'1179099',1719,,2306,4,,,0
120029,'1179153',919,,2307,4,,,0
120029,'1179222',1419,,2308,4,,,0
120029,'1179429',1119,,2309,4,,,0
120029,'1179447',1019,,2310,4,,,0
120029,'1179575',1219,,2311,4,,,0
190017019,'1178928',1644,,2851,4,,,0
190017019,'1178932',914,,2852,4,,,0
190017019,'1179000',2144,,2854,4,0,8 21,0
190017019,'1179014',1814,,2855,4,0,8 21,0
190017019,'1179016',614,,2856,4,,,0
190017019,'1179057',2244,,2857,4,0,8 21,0
190017019,'1179092',644,,2859,4,,,0
190017019,'1179124',1544,,2860,4,,,0
190017019,'1179128',1044,,2861,4,,,0
190017019,'1179133',2144,,2862,4,0,8 21,0
190017019,'1179151',1844,,2863,4,,,0
190017019,'1179161',1714,,2864,4,,,0
190017019,'1179166',944,,2865,4,,,0
190017019,'1179196',644,,2866,4,,,0
190017019,'1179242',1144,,2867,4,,,0
190017019,'1179273',2044,,2868,4,,,0
190017019,'1179277',814,,2869,4,,,0
190017019,'1179293',1244,,2870,4,,,0
190017019,'1179306',1844,,2871,4,,,0
190017019,'1179327',1444,,2873,4,,,0
190017019,'1179385',744,,2876,4,,,0
190017019,'1179401',1944,,2877,4,,,0
190017019,'1179427',1244,,2878,4,,,0
190017019,'1179455',1344,,2879,4,,,0
190017019,'1179519',1744,,2881,4,,,0
190017019,'1179529',2244,,2882,4,0,8 21,0
190017019,'1179533',714,,2883,4,,,0
190017019,'1179573',1144,,2885,4,,,0
190017019,'1179579',1044,,2886,4,,,0
190017019,'1179599',2044,,2887,4,,,0
190017019,'1179610',1944,,2888,4,,,0
190017019,'1179621',844,,2889,4,,,0
190017019,'1179625',1344,,2890,4,,,0
190017019,'1179626',1614,,2891,4,,,0
190017019,'1179631',1744,,2892,4,,,0
190017019,'1179667',744,,2893,4,,,0
190017019,'1179680',1544,,2894,4,,,0
190017019,'1179683',844,,2895,4,,,0
190017019,'1179686',1444,,2896,4,,,0
190017019,'1179699',944,,2897,4,,,0
190017019,'1179710',1644,,2898,4,,,0
