150029,'1178980',1126,,2357,31,,,0
150029,'1179059',926,,2358,31,,,0
150029,'1179210',1326,,2359,31,,,0
150029,'1179274',1726,,2360,31,,,0
150029,'1179311',1026,,2361,31,,,0
150029,'1179362',1626,,2362,31,,,0
150029,'1179450',1426,,2363,31,,,0
150029,'1179616',1226,,2364,31,,,0
150029,'1179674',1526,,2365,31,,,0
300019,'1178915',1005,,2440,14,0,23 24 2 25,0
300019,'1178996',1835,,2447,14,0,23 24 2 25,0
300019,'1178999',735,,2448,14,0,23 24 2 25,0
300019,'1179042',805,,2453,14,0,23 24 2 25,0
300019,'1179065',1135,,2456,14,0,23 24 2 25,0
300019,'1179094',735,,2458,13,0,23 24 2 25,0
300019,'1179132',1235,,2464,14,0,23 24 2 25,0
300019,'1179142',1535,,2465,14,0,23 24 2 25,0
300019,'1179211',1735,,2467,14,0,23 24 2 25,0
300019,'1179220',1035,,2468,14,0,23 24 2 25,0
300019,'1179258',1835,,2470,14,0,23 24 2 25,0
300019,'1179264',1335,,2471,14,0,23 24 2 25,0
300019,'1179288',1735,,2473,14,0,23 24 2 25,0
300019,'1179349',1535,,2478,14,0,23 24 2 25,0
300019,'1179356',1635,,2480,14,0,23 24 2 25,0
300019,'1179360',2135,,2481,14,0,23 24 2 25,0
300019,'1179405',1235,,2486,14,0,23 24 2 25,0
300019,'1179406',1035,,2487,14,0,23 24 2 25,0
300019,'1179409',1605,,2488,14,0,23 24 2 25,0
300019,'1179420',1335,,2489,14,0,23 24 2 25,0
300019,'1179454',1435,,2492,14,0,23 24 2 25,0
300019,'1179463',935,,2493,14,0,23 24 2 25,0
300019,'1179467',835,,2494,14,0,23 24 2 25,0
300019,'1179470',1135,,2495,14,0,23 24 2 25,0
300019,'1179502',2035,,2498,14,0,23 24 2 25,0
300019,'1179527',1935,,2500,14,0,23 24 2 25,0
300019,'1179532',835,,2501,14,0,23 24 2 25,0
300019,'1179554',2135,,2504,14,0,23 24 2 25,0
300019,'1179570',1635,,2507,14,0,23 24 2 25,0
300019,'1179580',1935,,2508,14,0,23 24 2 25,0
300019,'1179597',905,,2511,14,0,23 24 2 25,0
300019,'1179607',705,,2512,13,0,23 24 2 25,0
300019,'1179614',1435,,2513,14,0,23 24 2 25,0
300019,'1179617',1805,,2514,14,0,23 24 2 25,0
300019,'1179624',1705,,2516,14,0,23 24 2 25,0
300019,'1179643',2035,,2518,14,0,23 24 2 25,0
300019,'1179713',935,,2521,14,0,23 24 2 25,0
140014019,'1178954',1549,,2614,7,,,0
140014019,'1178955',1119,,2615,7,,,0
140014019,'1178974',949,,2616,7,,,0
140014019,'1179007',1749,,2617,7,,,0
140014019,'1179027',1449,,2618,7,,,0
140014019,'1179052',749,,2619,7,,,0
140014019,'1179079',719,,2620,7,,,0
140014019,'1179080',1449,,2621,7,,,0
140014019,'1179082',819,,2622,7,,,0
140014019,'1179084',649,,2623,7,,,0
140014019,'1179111',2149,,2624,7,,,0
140014019,'1179143',749,,2625,7,,,0
140014019,'1179200',1219,,2626,7,,,0
140014019,'1179207',1719,,2627,7,,,0
140014019,'1179221',1349,,2628,7,,,0
140014019,'1179271',1149,,2629,7,,,0
140014019,'1179298',1649,,2630,7,,,0
140014019,'1179320',1419,,2631,7,,,0
140014019,'1179323',949,,2632,7,,,0
140014019,'1179350',849,,2634,7,,,0
140014019,'1179353',1749,,2635,7,,,0
140014019,'1179366',1949,,2636,7,,,0
140014019,'1179392',1549,,2637,7,,,0
140014019,'1179403',1849,,2638,7,,,0
140014019,'1179433',1349,,2640,7,,,0
140014019,'1179443',919,,2641,7,,,0
140014019,'1179446',1149,,2642,7,,,0
140014019,'1179449',1019,,2643,7,,,0
140014019,'1179493',1049,,2644,7,,,0
140014019,'1179524',1649,,2646,7,,,0
140014019,'1179535',1319,,2647,7,,,0
140014019,'1179547',1249,,2648,7,,,0
140014019,'1179557',1819,,2650,7,0,8 21,0
140014019,'1179561',1519,,2651,7,,,0
140014019,'1179577',1249,,2652,7,,,0
140014019,'1179598',2049,,2653,7,,,0
140014019,'1179600',2149,,2654,7,,,0
140014019,'1179608',1849,,2655,7,,,0
140014019,'1179636',1619,,2656,7,,,0
140014019,'1179638',849,,2657,7,,,0
140014019,'1179648',1949,,2658,7,,,0
140014019,'1179654',2049,,2659,7,,,0
140014019,'1179662',1049,,2660,7,,,0
