150029,'1178980',1104,,2357,10,,,0
150029,'1179059',904,,2358,10,,,0
150029,'1179210',1304,,2359,10,,,0
150029,'1179274',1704,,2360,10,,,0
150029,'1179311',1004,,2361,10,,,0
150029,'1179362',1604,,2362,10,,,0
150029,'1179450',1404,,2363,10,,,0
150029,'1179616',1204,,2364,10,,,0
150029,'1179674',1504,,2365,10,,,0
190015019,'1178937',1151,,2803,35,,,0
190015019,'1178958',1021,,2805,35,,,0
190015019,'1178960',1121,,2806,35,,,0
190015019,'1179018',1421,,2808,35,,,0
190015019,'1179054',1321,,2809,35,,,0
190015019,'1179073',1351,,2810,35,,,0
190015019,'1179083',621,,2811,10,,,0
190015019,'1179089',1221,,2812,35,,,0
190015019,'1179095',1721,,2813,35,,,0
190015019,'1179126',1821,,2814,35,,,0
190015019,'1179130',1621,,2815,35,,,0
190015019,'1179152',951,,2816,35,,,0
190015019,'1179169',1021,,2818,35,,,0
190015019,'1179170',821,,2819,35,,,0
190015019,'1179189',821,,2820,35,,,0
190015019,'1179226',1821,,2821,35,,,0
190015019,'1179257',2121,,2823,35,,,0
190015019,'1179260',1721,,2824,35,,,0
190015019,'1179280',1521,,2826,35,,,0
190015019,'1179329',1651,,2827,35,,,0
190015019,'1179378',2021,,2828,35,,,0
190015019,'1179382',1751,,2829,35,,,0
190015019,'1179400',1921,,2830,35,,,0
190015019,'1179414',1521,,2831,35,,,0
190015019,'1179456',1551,,2832,35,,,0
190015019,'1179465',1621,,2833,35,,,0
190015019,'1179466',921,,2834,35,,,0
190015019,'1179468',2021,,2835,35,,,0
190015019,'1179480',1321,,2836,35,,,0
190015019,'1179489',1251,,2837,35,,,0
190015019,'1179491',1121,,2838,35,,,0
190015019,'1179501',1051,,2839,35,,,0
190015019,'1179525',721,,2840,35,,,0
190015019,'1179560',2121,,2841,35,,,0
190015019,'1179563',1421,,2842,35,,,0
190015019,'1179576',1921,,2843,35,,,0
190015019,'1179602',851,,2844,35,,,0
190015019,'1179633',751,,2845,35,,,0
190015019,'1179637',651,,2846,10,,,0
190015019,'1179652',921,,2847,35,,,0
190015019,'1179679',1451,,2848,35,,,0
190015019,'1179703',1221,,2849,35,,,0
190015019,'1179716',721,,2850,35,,,0
