150019,'1178942',1739,,2348,6,,,0
150019,'1178956',1339,,2349,6,,,0
150019,'1178976',1639,,2350,6,,,0
150019,'1179117',1239,,2351,6,,,0
150019,'1179150',1539,,2352,6,,,0
150019,'1179341',939,,2353,6,,,0
150019,'1179473',1139,,2354,6,,,0
150019,'1179559',1439,,2355,6,,,0
150019,'1179673',1039,,2356,6,,,0
140014019,'1178954',1557,,2614,16,,,0
140014019,'1178955',1127,,2615,16,,,0
140014019,'1178974',957,,2616,16,,,0
140014019,'1179007',1757,,2617,16,,,0
140014019,'1179027',1457,,2618,16,,,0
140014019,'1179052',757,,2619,16,,,0
140014019,'1179079',727,,2620,16,,,0
140014019,'1179080',1457,,2621,16,,,0
140014019,'1179082',827,,2622,16,,,0
140014019,'1179084',657,,2623,16,,,0
140014019,'1179111',2157,,2624,16,,,0
140014019,'1179143',757,,2625,16,,,0
140014019,'1179200',1227,,2626,16,,,0
140014019,'1179207',1727,,2627,16,,,0
140014019,'1179221',1357,,2628,16,,,0
140014019,'1179271',1157,,2629,16,,,0
140014019,'1179298',1657,,2630,16,,,0
140014019,'1179320',1427,,2631,16,,,0
140014019,'1179323',957,,2632,16,,,0
140014019,'1179350',857,,2634,16,,,0
140014019,'1179353',1757,,2635,16,,,0
140014019,'1179366',1957,,2636,16,,,0
140014019,'1179392',1557,,2637,16,,,0
140014019,'1179403',1857,,2638,16,,,0
140014019,'1179433',1357,,2640,16,,,0
140014019,'1179443',927,,2641,16,,,0
140014019,'1179446',1157,,2642,16,,,0
140014019,'1179449',1027,,2643,16,,,0
140014019,'1179493',1057,,2644,16,,,0
140014019,'1179524',1657,,2646,16,,,0
140014019,'1179535',1327,,2647,16,,,0
140014019,'1179547',1257,,2648,16,,,0
140014019,'1179557',1827,,2650,16,0,8 21,0
140014019,'1179561',1527,,2651,16,,,0
140014019,'1179577',1257,,2652,16,,,0
140014019,'1179598',2057,,2653,16,,,0
140014019,'1179600',2157,,2654,16,,,0
140014019,'1179608',1857,,2655,16,,,0
140014019,'1179636',1627,,2656,16,,,0
140014019,'1179638',857,,2657,16,,,0
140014019,'1179648',1957,,2658,16,,,0
140014019,'1179654',2057,,2659,16,,,0
140014019,'1179662',1057,,2660,16,,,0
