120029,'1179032',1524,,2303,12,,,0
120029,'1179055',1324,,2304,12,,,0
120029,'1179056',1624,,2305,12,,,0
120029,'1179099',1724,,2306,12,,,0
120029,'1179153',924,,2307,12,,,0
120029,'1179222',1424,,2308,12,,,0
120029,'1179429',1124,,2309,12,,,0
120029,'1179447',1024,,2310,12,,,0
120029,'1179575',1224,,2311,12,,,0
190017019,'1178928',1648,,2851,12,,,0
190017019,'1178932',918,,2852,12,,,0
190017019,'1179000',2148,,2854,12,0,8 21,0
190017019,'1179014',1818,,2855,12,0,8 21,0
190017019,'1179016',618,,2856,12,,,0
190017019,'1179057',2248,,2857,12,0,8 21,0
190017019,'1179092',648,,2859,12,,,0
190017019,'1179124',1548,,2860,12,,,0
190017019,'1179128',1048,,2861,12,,,0
190017019,'1179133',2148,,2862,12,0,8 21,0
190017019,'1179151',1848,,2863,12,,,0
190017019,'1179161',1718,,2864,12,,,0
190017019,'1179166',948,,2865,12,,,0
190017019,'1179196',648,,2866,12,,,0
190017019,'1179242',1148,,2867,12,,,0
190017019,'1179273',2048,,2868,12,,,0
190017019,'1179277',818,,2869,12,,,0
190017019,'1179293',1248,,2870,12,,,0
190017019,'1179306',1848,,2871,12,,,0
190017019,'1179327',1448,,2873,12,,,0
190017019,'1179385',748,,2876,12,,,0
190017019,'1179401',1948,,2877,12,,,0
190017019,'1179427',1248,,2878,12,,,0
190017019,'1179455',1348,,2879,12,,,0
190017019,'1179519',1748,,2881,12,,,0
190017019,'1179529',2248,,2882,12,0,8 21,0
190017019,'1179533',718,,2883,12,,,0
190017019,'1179573',1148,,2885,12,,,0
190017019,'1179579',1048,,2886,12,,,0
190017019,'1179599',2048,,2887,12,,,0
190017019,'1179610',1948,,2888,12,,,0
190017019,'1179621',848,,2889,12,,,0
190017019,'1179625',1348,,2890,12,,,0
190017019,'1179626',1618,,2891,12,,,0
190017019,'1179631',1748,,2892,12,,,0
190017019,'1179667',748,,2893,12,,,0
190017019,'1179680',1548,,2894,12,,,0
190017019,'1179683',848,,2895,12,,,0
190017019,'1179686',1448,,2896,12,,,0
190017019,'1179699',948,,2897,12,,,0
190017019,'1179710',1648,,2898,12,,,0
