130029,'1178925',1501,,2321,10,,,0
130029,'1178989',1401,,2322,10,,,0
130029,'1179023',1601,,2323,10,,,0
130029,'1179120',1701,,2324,10,,,0
130029,'1179168',1301,,2325,10,,,0
130029,'1179423',901,,2326,10,,,0
130029,'1179469',1201,,2327,10,,,0
130029,'1179639',1001,,2328,10,,,0
130029,'1179657',1101,,2329,10,,,0
190013019,'1178916',1652,,2757,42,,,0
190013019,'1178919',2022,,2758,42,,,0
190013019,'1178920',1152,,2759,42,,,0
190013019,'1178929',822,,2760,42,,,0
190013019,'1178930',1722,,2761,42,,,0
190013019,'1178972',2022,,2762,42,,,0
190013019,'1178983',1252,,2763,42,,,0
190013019,'1178994',2222,,2764,42,,,0
190013019,'1178997',1222,,2765,42,,,0
190013019,'1179048',1552,,2766,42,,,0
190013019,'1179062',1622,,2767,42,,,0
190013019,'1179074',1352,,2768,42,,,0
190013019,'1179087',1322,,2769,42,,,0
190013019,'1179104',1052,,2770,42,,,0
190013019,'1179187',922,,2772,42,,,0
190013019,'1179202',1122,,2773,42,,,0
190013019,'1179203',1022,,2774,42,,,0
190013019,'1179212',1522,,2775,42,,,0
190013019,'1179219',1322,,2776,42,,,0
190013019,'1179243',822,,2777,42,,,0
190013019,'1179287',2222,,2778,42,,,0
190013019,'1179292',1122,,2779,42,,,0
190013019,'1179300',752,,2780,42,,,0
190013019,'1179354',622,,2781,10,,,0
190013019,'1179373',1022,,2782,42,,,0
190013019,'1179380',1422,,2783,42,,,0
190013019,'1179402',1422,,2784,42,,,0
190013019,'1179411',1452,,2785,42,,,0
190013019,'1179457',1922,,2786,42,,,0
190013019,'1179504',722,,2787,42,,,0
190013019,'1179507',952,,2788,42,,,0
190013019,'1179509',1222,,2789,42,,,0
190013019,'1179516',1622,,2790,42,,,0
190013019,'1179531',2122,,2791,42,,,0
190013019,'1179537',922,,2792,42,,,0
190013019,'1179539',1822,,2793,42,,,0
190013019,'1179546',722,,2794,42,,,0
190013019,'1179553',1922,,2795,42,,,0
190013019,'1179581',652,,2796,10,,,0
190013019,'1179591',1722,,2797,42,,,0
190013019,'1179611',1752,,2798,42,,,0
190013019,'1179635',1522,,2799,42,,,0
190013019,'1179694',852,,2800,42,,,0
190013019,'1179701',2122,,2801,42,,,0
190013019,'1179717',1822,,2802,42,,,0
