116019,'1178992',755,,2257,32,,,0
116019,'1178995',755,,2258,32,,,0
116019,'1179088',659,,2259,33,,,0
116019,'1179096',855,,2260,32,,,0
116019,'1179141',1455,,2261,32,,,0
116019,'1179172',1155,,2262,32,,,0
116019,'1179177',855,,2263,32,,,0
116019,'1179190',1625,,2264,32,,,0
116019,'1179215',1055,,2265,32,,,0
116019,'1179228',825,,2266,32,,,0
116019,'1179247',955,,2267,32,,,0
116019,'1179275',1555,,2268,32,,,0
116019,'1179278',1255,,2269,32,,,0
116019,'1179313',1755,,2270,32,,,0
116019,'1179314',2055,,2271,32,,,0
116019,'1179321',1155,,2272,32,,,0
116019,'1179339',729,,2273,33,,,0
116019,'1179343',1955,,2274,32,,,0
116019,'1179365',1655,,2275,32,,,0
116019,'1179381',1855,,2276,32,,,0
116019,'1179418',1659,,2277,33,,,0
116019,'1179432',1729,,2278,33,,,0
116019,'1179434',1955,,2279,32,,,0
116019,'1179439',1355,,2280,32,,,0
116019,'1179441',1455,,2281,32,,,0
116019,'1179476',1055,,2282,32,,,0
116019,'1179500',2155,,2283,32,,,0
116019,'1179515',925,,2284,32,,,0
116019,'1179584',1855,,2285,32,,,0
116019,'1179603',955,,2286,32,,,0
116019,'1179606',1825,,2287,32,,,0
116019,'1179615',1555,,2288,32,,,0
116019,'1179641',1255,,2289,32,,,0
116019,'1179653',1755,,2290,32,,,0
116019,'1179682',1355,,2291,32,,,0
116019,'1179696',2055,,2292,32,,,0
116019,'1179706',2155,,2293,32,,,0
160019,'1178943',1544,,2366,30,,,0
160019,'1178949',944,,2367,30,,,0
160019,'1178951',1344,,2368,30,,,0
160019,'1179047',1444,,2369,30,,,0
160019,'1179060',1744,,2370,30,,,0
160019,'1179205',1144,,2371,30,,,0
160019,'1179319',1244,,2372,30,,,0
160019,'1179451',1644,,2373,30,,,0
160019,'1179697',1044,,2374,30,,,0
