200029,'1178971',1058,,2393,15,,,0
200029,'1179034',1658,,2394,15,,,0
200029,'1179043',1258,,2395,15,,,0
200029,'1179091',1458,,2396,15,,,0
200029,'1179144',858,,2397,5,,,0
200029,'1179198',1158,,2398,15,,,0
200029,'1179283',1358,,2400,15,,,0
200029,'1179383',1558,,2401,15,,,0
200029,'1179689',958,,2402,15,,,0
190017019,'1178928',1718,,2851,37,,,0
190017019,'1178932',948,,2852,37,,,0
190017019,'1178967',1448,,2853,4,,,0
190017019,'1179016',648,,2856,37,,,0
190017019,'1179076',618,,2858,4,,,0
190017019,'1179092',718,,2859,37,,,0
190017019,'1179124',1618,,2860,37,,,0
190017019,'1179128',1118,,2861,37,,,0
190017019,'1179151',1918,,2863,37,,,0
190017019,'1179161',1748,,2864,37,,,0
190017019,'1179166',1018,,2865,37,,,0
190017019,'1179196',718,,2866,37,,,0
190017019,'1179242',1218,,2867,37,,,0
190017019,'1179273',2118,,2868,37,,,0
190017019,'1179277',848,,2869,37,,,0
190017019,'1179293',1318,,2870,37,,,0
190017019,'1179306',1918,,2871,37,,,0
190017019,'1179309',1348,,2872,4,,,0
190017019,'1179327',1518,,2873,37,,,0
190017019,'1179377',1548,,2874,4,,,0
190017019,'1179384',1248,,2875,4,,,0
190017019,'1179385',818,,2876,37,,,0
190017019,'1179401',2018,,2877,37,,,0
190017019,'1179427',1318,,2878,37,,,0
190017019,'1179455',1418,,2879,37,,,0
190017019,'1179492',1148,,2880,4,,,0
190017019,'1179519',1818,,2881,37,,,0
190017019,'1179533',748,,2883,37,,,0
190017019,'1179565',1048,,2884,4,,,0
190017019,'1179573',1218,,2885,37,,,0
190017019,'1179579',1118,,2886,37,,,0
190017019,'1179599',2118,,2887,37,,,0
190017019,'1179610',2018,,2888,37,,,0
190017019,'1179621',918,,2889,37,,,0
190017019,'1179625',1418,,2890,37,,,0
190017019,'1179626',1648,,2891,37,,,0
190017019,'1179631',1818,,2892,37,,,0
190017019,'1179667',818,,2893,37,,,0
190017019,'1179680',1618,,2894,37,,,0
190017019,'1179683',918,,2895,37,,,0
190017019,'1179686',1518,,2896,37,,,0
190017019,'1179699',1018,,2897,37,,,0
190017019,'1179710',1718,,2898,37,,,0
