140019,'1178969',1329,,2330,24,,,0
140019,'1178977',1529,,2331,24,,,0
140019,'1179164',1629,,2332,24,,,0
140019,'1179344',1429,,2333,24,,,0
140019,'1179352',929,,2334,24,,,0
140019,'1179462',1229,,2335,24,,,0
140019,'1179512',1129,,2336,24,,,0
140019,'1179518',1029,,2337,24,,,0
140019,'1179634',1729,,2338,24,,,0
190013019,'1178916',1628,,2757,28,,,0
190013019,'1178919',1958,,2758,28,,,0
190013019,'1178920',1128,,2759,28,,,0
190013019,'1178929',758,,2760,28,,,0
190013019,'1178930',1658,,2761,28,,,0
190013019,'1178972',1958,,2762,28,,,0
190013019,'1178983',1228,,2763,28,,,0
190013019,'1178994',2158,,2764,28,,,0
190013019,'1178997',1158,,2765,28,,,0
190013019,'1179048',1528,,2766,28,,,0
190013019,'1179062',1558,,2767,28,,,0
190013019,'1179074',1328,,2768,28,,,0
190013019,'1179087',1258,,2769,28,,,0
190013019,'1179104',1028,,2770,28,,,0
190013019,'1179171',1828,,2771,28,0,8 21,0
190013019,'1179187',858,,2772,28,,,0
190013019,'1179202',1058,,2773,28,,,0
190013019,'1179203',958,,2774,28,,,0
190013019,'1179212',1458,,2775,28,,,0
190013019,'1179219',1258,,2776,28,,,0
190013019,'1179243',758,,2777,28,,,0
190013019,'1179287',2158,,2778,28,,,0
190013019,'1179292',1058,,2779,28,,,0
190013019,'1179300',728,,2780,28,,,0
190013019,'1179373',958,,2782,28,,,0
190013019,'1179380',1358,,2783,28,,,0
190013019,'1179402',1358,,2784,28,,,0
190013019,'1179411',1428,,2785,28,,,0
190013019,'1179457',1858,,2786,28,,,0
190013019,'1179504',658,,2787,28,,,0
190013019,'1179507',928,,2788,28,,,0
190013019,'1179509',1158,,2789,28,,,0
190013019,'1179516',1558,,2790,28,,,0
190013019,'1179531',2058,,2791,28,,,0
190013019,'1179537',858,,2792,28,,,0
190013019,'1179539',1758,,2793,28,,,0
190013019,'1179546',658,,2794,28,,,0
190013019,'1179553',1858,,2795,28,,,0
190013019,'1179591',1658,,2797,28,,,0
190013019,'1179611',1728,,2798,28,,,0
190013019,'1179635',1458,,2799,28,,,0
190013019,'1179694',828,,2800,28,,,0
190013019,'1179701',2058,,2801,28,,,0
190013019,'1179717',1758,,2802,28,,,0
