190011019,'1178950',728,,2710,19,,,0
190011019,'1178970',1858,,2711,19,,,0
190011019,'1179009',1828,,2712,19,0,8 21,0
190011019,'1179040',2058,,2713,19,,,0
190011019,'1179145',858,,2715,19,,,0
190011019,'1179159',1758,,2717,19,,,0
190011019,'1179162',2253,,2718,19,0,12,0
190011019,'1179163',758,,2719,19,,,0
190011019,'1179248',658,,2720,19,,,0
190011019,'1179252',1758,,2721,19,,,0
190011019,'1179276',1958,,2722,19,,,0
190011019,'1179307',658,,2723,19,,,0
190011019,'1179332',1100,,2725,20,,,0
190011019,'1179340',858,,2726,19,,,0
190011019,'1179367',1728,,2727,19,,,0
190011019,'1179394',2158,,2730,19,,,0
190011019,'1179412',2253,,2731,19,0,12,0
190011019,'1179413',1300,,2732,20,,,0
190011019,'1179424',2158,,2733,19,,,0
190011019,'1179426',1400,,2734,20,,,0
190011019,'1179430',1600,,2735,20,,,0
190011019,'1179437',1100,,2736,20,,,0
190011019,'1179438',1600,,2737,20,,,0
190011019,'1179442',1858,,2738,19,,,0
190011019,'1179477',758,,2739,19,,,0
190011019,'1179521',1400,,2740,20,,,0
190011019,'1179528',1200,,2741,20,,,0
190011019,'1179555',1958,,2743,19,,,0
190011019,'1179572',1200,,2744,20,,,0
190011019,'1179590',1500,,2745,20,,,0
190011019,'1179619',1658,,2746,19,,,0
190011019,'1179642',958,,2747,19,,,0
190011019,'1179650',1300,,2748,20,,,0
190011019,'1179666',828,,2750,19,,,0
190011019,'1179677',2058,,2752,19,,,0
190011019,'1179678',928,,2753,19,,,0
190011019,'1179688',1658,,2754,19,,,0
190011019,'1179700',1500,,2755,20,,,0
190011019,'1179709',958,,2756,19,,,0
