160029,'1178957',911,,2375,27,,,0
160029,'1179098',1411,,2376,27,,,0
160029,'1179137',1611,,2377,27,,,0
160029,'1179301',1211,,2378,27,,,0
160029,'1179398',1311,,2379,27,,,0
160029,'1179410',1711,,2380,27,,,0
160029,'1179543',1111,,2381,27,,,0
160029,'1179558',1011,,2382,27,,,0
160029,'1179623',1511,,2383,27,,,0
216019,'1178924',802,,2403,29,,,0
216019,'1178948',632,,2404,29,,,0
216019,'1178963',2132,,2405,29,,,0
216019,'1178968',1232,,2406,29,,,0
216019,'1179019',1802,,2407,29,,,0
216019,'1179021',1602,,2408,29,,,0
216019,'1179029',1432,,2409,29,,,0
216019,'1179050',1532,,2410,29,,,0
216019,'1179070',1432,,2411,29,,,0
216019,'1179075',1832,,2412,29,,,0
216019,'1179116',734,,2413,30,,,0
216019,'1179123',1332,,2414,29,,,0
216019,'1179160',1734,,2415,30,,,0
216019,'1179179',2032,,2416,29,,,0
216019,'1179181',1132,,2417,29,,,0
216019,'1179199',932,,2418,29,,,0
216019,'1179206',1532,,2419,29,,,0
216019,'1179328',1032,,2420,29,,,0
216019,'1179338',1232,,2421,29,,,0
216019,'1179345',832,,2422,29,,,0
216019,'1179368',1704,,2423,30,,,0
216019,'1179369',1032,,2424,29,,,0
216019,'1179374',1634,,2425,30,,,0
216019,'1179421',1832,,2426,29,,,0
216019,'1179431',1132,,2427,29,,,0
216019,'1179458',1932,,2428,29,,,0
216019,'1179488',732,,2429,29,,,0
216019,'1179523',1332,,2430,29,,,0
216019,'1179574',2032,,2431,29,,,0
216019,'1179582',1932,,2432,29,,,0
216019,'1179605',902,,2433,29,,,0
216019,'1179647',1732,,2434,29,,,0
216019,'1179669',832,,2435,29,,,0
216019,'1179695',2132,,2436,29,,,0
216019,'1179712',704,,2437,30,,,0
216019,'1179714',932,,2438,29,,,0
216019,'1179719',1632,,2439,29,,,0
