130029,'1178925',1508,,2321,19,,,0
130029,'1178989',1408,,2322,19,,,0
130029,'1179023',1608,,2323,19,,,0
130029,'1179120',1708,,2324,19,,,0
130029,'1179168',1308,,2325,19,,,0
130029,'1179423',908,,2326,19,,,0
130029,'1179469',1208,,2327,19,,,0
130029,'1179639',1008,,2328,19,,,0
130029,'1179657',1108,,2329,19,,,0
190013019,'1178916',1659,,2757,51,,,0
190013019,'1178919',2029,,2758,51,,,0
190013019,'1178920',1159,,2759,51,,,0
190013019,'1178929',829,,2760,51,,,0
190013019,'1178930',1729,,2761,51,,,0
190013019,'1178972',2029,,2762,51,,,0
190013019,'1178983',1259,,2763,51,,,0
190013019,'1178994',2229,,2764,51,,,0
190013019,'1178997',1229,,2765,51,,,0
190013019,'1179048',1559,,2766,51,,,0
190013019,'1179062',1629,,2767,51,,,0
190013019,'1179074',1359,,2768,51,,,0
190013019,'1179087',1329,,2769,51,,,0
190013019,'1179104',1059,,2770,51,,,0
190013019,'1179187',929,,2772,51,,,0
190013019,'1179202',1129,,2773,51,,,0
190013019,'1179203',1029,,2774,51,,,0
190013019,'1179212',1529,,2775,51,,,0
190013019,'1179219',1329,,2776,51,,,0
190013019,'1179243',829,,2777,51,,,0
190013019,'1179287',2229,,2778,51,,,0
190013019,'1179292',1129,,2779,51,,,0
190013019,'1179300',759,,2780,51,,,0
190013019,'1179354',629,,2781,19,,,0
190013019,'1179373',1029,,2782,51,,,0
190013019,'1179380',1429,,2783,51,,,0
190013019,'1179402',1429,,2784,51,,,0
190013019,'1179411',1459,,2785,51,,,0
190013019,'1179457',1929,,2786,51,,,0
190013019,'1179504',729,,2787,51,,,0
190013019,'1179507',959,,2788,51,,,0
190013019,'1179509',1229,,2789,51,,,0
190013019,'1179516',1629,,2790,51,,,0
190013019,'1179531',2129,,2791,51,,,0
190013019,'1179537',929,,2792,51,,,0
190013019,'1179539',1829,,2793,51,,,0
190013019,'1179546',729,,2794,51,,,0
190013019,'1179553',1929,,2795,51,,,0
190013019,'1179581',659,,2796,19,,,0
190013019,'1179591',1729,,2797,51,,,0
190013019,'1179611',1759,,2798,51,,,0
190013019,'1179635',1529,,2799,51,,,0
190013019,'1179694',859,,2800,51,,,0
190013019,'1179701',2129,,2801,51,,,0
190013019,'1179717',1829,,2802,51,,,0
