120019,'1178966',1321,,2294,3,,,0
120019,'1178998',1521,,2295,3,,,0
120019,'1179031',1621,,2296,3,,,0
120019,'1179149',1421,,2297,3,,,0
120019,'1179182',1121,,2298,3,,,0
120019,'1179282',921,,2299,3,,,0
120019,'1179296',1721,,2300,3,,,0
120019,'1179596',1021,,2301,3,,,0
120019,'1179628',1221,,2302,3,,,0
190013019,'1178916',1612,,2757,3,,,0
190013019,'1178919',1942,,2758,3,,,0
190013019,'1178920',1112,,2759,3,,,0
190013019,'1178929',742,,2760,3,,,0
190013019,'1178930',1642,,2761,3,,,0
190013019,'1178972',1942,,2762,3,,,0
190013019,'1178983',1212,,2763,3,,,0
190013019,'1178994',2142,,2764,3,,,0
190013019,'1178997',1142,,2765,3,,,0
190013019,'1179048',1512,,2766,3,,,0
190013019,'1179062',1542,,2767,3,,,0
190013019,'1179074',1312,,2768,3,,,0
190013019,'1179087',1242,,2769,3,,,0
190013019,'1179104',1012,,2770,3,,,0
190013019,'1179171',1812,,2771,3,0,8 21,0
190013019,'1179187',842,,2772,3,,,0
190013019,'1179202',1042,,2773,3,,,0
190013019,'1179203',942,,2774,3,,,0
190013019,'1179212',1442,,2775,3,,,0
190013019,'1179219',1242,,2776,3,,,0
190013019,'1179243',742,,2777,3,,,0
190013019,'1179287',2142,,2778,3,,,0
190013019,'1179292',1042,,2779,3,,,0
190013019,'1179300',712,,2780,3,,,0
190013019,'1179373',942,,2782,3,,,0
190013019,'1179380',1342,,2783,3,,,0
190013019,'1179402',1342,,2784,3,,,0
190013019,'1179411',1412,,2785,3,,,0
190013019,'1179457',1842,,2786,3,,,0
190013019,'1179504',642,,2787,3,,,0
190013019,'1179507',912,,2788,3,,,0
190013019,'1179509',1142,,2789,3,,,0
190013019,'1179516',1542,,2790,3,,,0
190013019,'1179531',2042,,2791,3,,,0
190013019,'1179537',842,,2792,3,,,0
190013019,'1179539',1742,,2793,3,,,0
190013019,'1179546',642,,2794,3,,,0
190013019,'1179553',1842,,2795,3,,,0
190013019,'1179591',1642,,2797,3,,,0
190013019,'1179611',1712,,2798,3,,,0
190013019,'1179635',1442,,2799,3,,,0
190013019,'1179694',812,,2800,3,,,0
190013019,'1179701',2042,,2801,3,,,0
190013019,'1179717',1742,,2802,3,,,0
