160029,'1178957',912,,2375,28,,,0
160029,'1179098',1412,,2376,28,,,0
160029,'1179137',1612,,2377,28,,,0
160029,'1179301',1212,,2378,28,,,0
160029,'1179398',1312,,2379,28,,,0
160029,'1179410',1712,,2380,28,,,0
160029,'1179543',1112,,2381,28,,,0
160029,'1179558',1012,,2382,28,,,0
160029,'1179623',1512,,2383,28,,,0
216019,'1178924',802,,2403,30,,,0
216019,'1178948',632,,2404,30,,,0
216019,'1178963',2132,,2405,30,,,0
216019,'1178968',1232,,2406,30,,,0
216019,'1179019',1802,,2407,30,,,0
216019,'1179021',1602,,2408,30,,,0
216019,'1179029',1432,,2409,30,,,0
216019,'1179050',1532,,2410,30,,,0
216019,'1179070',1432,,2411,30,,,0
216019,'1179075',1832,,2412,30,,,0
216019,'1179116',735,,2413,31,,,0
216019,'1179123',1332,,2414,30,,,0
216019,'1179160',1735,,2415,31,,,0
216019,'1179179',2032,,2416,30,,,0
216019,'1179181',1132,,2417,30,,,0
216019,'1179199',932,,2418,30,,,0
216019,'1179206',1532,,2419,30,,,0
216019,'1179328',1032,,2420,30,,,0
216019,'1179338',1232,,2421,30,,,0
216019,'1179345',832,,2422,30,,,0
216019,'1179368',1705,,2423,31,,,0
216019,'1179369',1032,,2424,30,,,0
216019,'1179374',1635,,2425,31,,,0
216019,'1179421',1832,,2426,30,,,0
216019,'1179431',1132,,2427,30,,,0
216019,'1179458',1932,,2428,30,,,0
216019,'1179488',732,,2429,30,,,0
216019,'1179523',1332,,2430,30,,,0
216019,'1179574',2032,,2431,30,,,0
216019,'1179582',1932,,2432,30,,,0
216019,'1179605',902,,2433,30,,,0
216019,'1179647',1732,,2434,30,,,0
216019,'1179669',832,,2435,30,,,0
216019,'1179695',2132,,2436,30,,,0
216019,'1179712',705,,2437,31,,,0
216019,'1179714',932,,2438,30,,,0
216019,'1179719',1632,,2439,30,,,0
