120019,'1178966',1346,,2294,26,,,0
120019,'1178998',1546,,2295,26,,,0
120019,'1179031',1646,,2296,26,,,0
120019,'1179149',1446,,2297,26,,,0
120019,'1179182',1146,,2298,26,,,0
120019,'1179282',946,,2299,26,,,0
120019,'1179296',1759,,2300,26,,,0
120019,'1179596',1046,,2301,26,,,0
120019,'1179628',1246,,2302,26,,,0
140016019,'1178912',1720,,2661,27,,,0
140016019,'1178941',820,,2662,27,,,0
140016019,'1179051',2220,,2665,27,,,0
140016019,'1179063',720,,2666,7,,,0
140016019,'1179077',1750,,2667,27,,,0
140016019,'1179112',1920,,2668,27,,,0
140016019,'1179129',1220,,2669,27,,,0
140016019,'1179136',1520,,2670,27,,,0
140016019,'1179158',1320,,2671,27,,,0
140016019,'1179191',920,,2672,27,,,0
140016019,'1179213',1020,,2673,27,,,0
140016019,'1179234',1420,,2675,27,,,0
140016019,'1179256',850,,2677,27,,,0
140016019,'1179267',820,,2678,27,,,0
140016019,'1179284',1920,,2679,27,,,0
140016019,'1179299',2220,,2681,27,,,0
140016019,'1179304',1320,,2682,27,,,0
140016019,'1179312',1620,,2683,27,,,0
140016019,'1179318',1820,,2684,27,,,0
140016019,'1179330',2020,,2685,27,,,0
140016019,'1179333',1420,,2686,27,,,0
140016019,'1179357',1120,,2688,27,,,0
140016019,'1179371',1520,,2689,27,,,0
140016019,'1179389',1650,,2690,27,,,0
140016019,'1179416',1620,,2691,27,,,0
140016019,'1179464',2120,,2693,27,,,0
140016019,'1179475',920,,2694,27,,,0
140016019,'1179481',1720,,2695,27,,,0
140016019,'1179517',1550,,2697,27,,,0
140016019,'1179520',2020,,2698,27,,,0
140016019,'1179536',750,,2699,27,,,0
140016019,'1179538',720,,2700,27,,,0
140016019,'1179601',2120,,2703,27,,,0
140016019,'1179604',1120,,2704,27,,,0
140016019,'1179627',1220,,2705,27,,,0
140016019,'1179663',1020,,2706,27,,,0
140016019,'1179687',1820,,2708,27,,,0
