120019,'1178966',1348,,2294,29,,,0
120019,'1178998',1548,,2295,29,,,0
120019,'1179031',1648,,2296,29,,,0
120019,'1179149',1448,,2297,29,,,0
120019,'1179182',1148,,2298,29,,,0
120019,'1179282',948,,2299,29,,,0
120019,'1179296',1801,,2300,29,,,0
120019,'1179596',1048,,2301,29,,,0
120019,'1179628',1248,,2302,29,,,0
140016019,'1178912',1723,,2661,30,,,0
140016019,'1178941',823,,2662,30,,,0
140016019,'1179051',2223,,2665,30,,,0
140016019,'1179063',723,,2666,10,,,0
140016019,'1179077',1753,,2667,30,,,0
140016019,'1179112',1923,,2668,30,,,0
140016019,'1179129',1223,,2669,30,,,0
140016019,'1179136',1523,,2670,30,,,0
140016019,'1179158',1323,,2671,30,,,0
140016019,'1179191',923,,2672,30,,,0
140016019,'1179213',1023,,2673,30,,,0
140016019,'1179234',1423,,2675,30,,,0
140016019,'1179256',853,,2677,30,,,0
140016019,'1179267',823,,2678,30,,,0
140016019,'1179284',1923,,2679,30,,,0
140016019,'1179299',2223,,2681,30,,,0
140016019,'1179304',1323,,2682,30,,,0
140016019,'1179312',1623,,2683,30,,,0
140016019,'1179318',1823,,2684,30,,,0
140016019,'1179330',2023,,2685,30,,,0
140016019,'1179333',1423,,2686,30,,,0
140016019,'1179357',1123,,2688,30,,,0
140016019,'1179371',1523,,2689,30,,,0
140016019,'1179389',1653,,2690,30,,,0
140016019,'1179416',1623,,2691,30,,,0
140016019,'1179464',2123,,2693,30,,,0
140016019,'1179475',923,,2694,30,,,0
140016019,'1179481',1723,,2695,30,,,0
140016019,'1179517',1553,,2697,30,,,0
140016019,'1179520',2023,,2698,30,,,0
140016019,'1179536',753,,2699,30,,,0
140016019,'1179538',723,,2700,30,,,0
140016019,'1179601',2123,,2703,30,,,0
140016019,'1179604',1123,,2704,30,,,0
140016019,'1179627',1223,,2705,30,,,0
140016019,'1179663',1023,,2706,30,,,0
140016019,'1179687',1823,,2708,30,,,0
