200029,'1178971',1108,6,2393,19,,,0
200029,'1179034',1708,6,2394,19,,,0
200029,'1179043',1308,6,2395,19,,,0
200029,'1179091',1508,6,2396,19,,,0
200029,'1179144',908,6,2397,9,,,0
200029,'1179198',1208,6,2398,19,,,0
200029,'1179283',1408,6,2400,19,,,0
200029,'1179383',1608,6,2401,19,,,0
200029,'1179689',1008,6,2402,19,,,0
300019,'1178918',1125,,2441,1,0,23 24 2 26,0,98,,2441,23,4,,0
300019,'1178931',725,,2442,1,0,23 24 2 26,0,98,,2442,23,4,,0
300019,'1178939',1325,,2443,1,0,23 24 2 26,0,98,,2443,23,4,,0
300019,'1178962',653,,2444,2,4,,0
300019,'1178975',1425,,2445,1,0,23 24 2 26,0,98,,2445,23,4,,0
300019,'1178982',1625,,2446,1,0,23 24 2 26,0,98,,2446,23,4,,0
300019,'1179001',655,,2449,1,0,23 24 2 26,0,98,,2449,23,4,,0
300019,'1179003',1925,,2450,1,0,23 24 2 26,0,98,,2450,23,4,,0
300019,'1179008',2125,,2451,1,0,8 9 2 26,0
300019,'1179030',1825,,2452,1,0,23 24 2 26,0,98,,2452,23,4,,0
300019,'1179049',723,,2454,2,4,,0
300019,'1179058',1025,,2455,1,0,23 24 2 26,0,98,,2455,23,4,,0
300019,'1179066',1725,,2457,1,0,23 24 2 26,0,98,,2457,23,4,,0
300019,'1179109',1755,,2459,1,0,8 9 2 26,0
300019,'1179110',925,,2460,1,0,23 24 2 26,0,98,,2460,23,4,,0
300019,'1179115',855,,2461,1,0,23 24 2 26,0,98,,2461,23,4,,0
300019,'1179121',1725,,2462,1,0,23 24 2 26,0,98,,2462,23,4,,0
300019,'1179125',1925,,2463,1,0,23 24 2 26,0,98,,2463,23,4,,0
300019,'1179194',755,,2466,1,0,23 24 2 26,0,98,,2466,23,4,,0
300019,'1179246',725,,2469,1,0,23 24 2 26,0,98,,2469,23,4,,0
300019,'1179279',825,,2472,1,0,23 24 2 26,0,98,,2472,23,4,,0
300019,'1179295',2025,,2474,1,0,23 24 2 26,0,98,,2474,23,4,,0
300019,'1179331',1225,,2477,1,0,23 24 2 26,0,98,,2477,23,4,,0
300019,'1179355',1125,,2479,1,0,23 24 2 26,0,98,,2479,23,4,,0
300019,'1179379',2125,,2482,1,0,8 9 2 26,0
300019,'1179390',1425,,2483,1,0,23 24 2 26,0,98,,2483,23,4,,0
300019,'1179397',1555,,2484,1,0,23 24 2 26,0,98,,2484,23,4,,0
300019,'1179404',2025,,2485,1,0,23 24 2 26,0,98,,2485,23,4,,0
300019,'1179435',1525,,2490,1,0,23 24 2 26,0,98,,2490,23,4,,0
300019,'1179448',1325,,2491,1,0,23 24 2 26,0,98,,2491,23,4,,0
300019,'1179484',1225,,2496,1,0,23 24 2 26,0,98,,2496,23,4,,0
300019,'1179490',1025,,2497,1,0,23 24 2 26,0,98,,2497,23,4,,0
300019,'1179508',925,,2499,1,0,23 24 2 26,0,98,,2499,23,4,,0
300019,'1179549',825,,2502,1,0,23 24 2 26,0,98,,2502,23,4,,0
300019,'1179551',1553,,2503,2,4,,0
300019,'1179566',1625,,2505,1,0,23 24 2 26,0,98,,2505,23,4,,0
300019,'1179568',1825,,2506,1,0,23 24 2 26,0,98,,2506,23,4,,0
300019,'1179593',955,,2510,1,0,8 9 2 26,0
300019,'1179622',1655,,2515,1,0,23 24 2 26,0,98,,2515,23,4,,0
300019,'1179649',1525,,2519,1,0,23 24 2 26,0,98,,2519,23,4,,0
300019,'1179671',725,,2520,2,4,,0
190017019,'1178928',1722,,2851,41,,,0
190017019,'1178932',952,,2852,41,,,0
190017019,'1178967',1452,,2853,8,,,0
190017019,'1179016',652,,2856,41,,,0
190017019,'1179076',622,,2858,8,,,0
190017019,'1179092',722,,2859,41,,,0
190017019,'1179124',1622,,2860,41,,,0
190017019,'1179128',1122,,2861,41,,,0
190017019,'1179151',1922,,2863,41,,,0
190017019,'1179161',1752,,2864,41,,,0
190017019,'1179166',1022,,2865,41,,,0
190017019,'1179196',722,,2866,41,,,0
190017019,'1179242',1222,,2867,41,,,0
190017019,'1179273',2122,,2868,41,,,0
190017019,'1179277',852,,2869,41,,,0
190017019,'1179293',1322,,2870,41,,,0
190017019,'1179306',1922,,2871,41,,,0
190017019,'1179309',1352,,2872,8,,,0
190017019,'1179327',1522,,2873,41,,,0
190017019,'1179377',1552,,2874,8,,,0
190017019,'1179384',1252,,2875,8,,,0
190017019,'1179385',822,,2876,41,,,0
190017019,'1179401',2022,,2877,41,,,0
190017019,'1179427',1322,,2878,41,,,0
190017019,'1179455',1422,,2879,41,,,0
190017019,'1179492',1152,,2880,8,,,0
190017019,'1179519',1822,,2881,41,,,0
190017019,'1179533',752,,2883,41,,,0
190017019,'1179565',1052,,2884,8,,,0
190017019,'1179573',1222,,2885,41,,,0
190017019,'1179579',1122,,2886,41,,,0
190017019,'1179599',2122,,2887,41,,,0
190017019,'1179610',2022,,2888,41,,,0
190017019,'1179621',922,,2889,41,,,0
190017019,'1179625',1422,,2890,41,,,0
190017019,'1179626',1652,,2891,41,,,0
190017019,'1179631',1822,,2892,41,,,0
190017019,'1179667',822,,2893,41,,,0
190017019,'1179680',1622,,2894,41,,,0
190017019,'1179683',922,,2895,41,,,0
190017019,'1179686',1522,,2896,41,,,0
190017019,'1179699',1022,,2897,41,,,0
190017019,'1179710',1722,,2898,41,,,0
