110019,'1178947',938,,2239,10,,,0
110019,'1178964',1438,,2240,10,,,0
110019,'1178973',1738,,2241,10,,,0
110019,'1179028',1538,,2242,10,,,0
110019,'1179105',1638,,2243,10,,,0
110019,'1179114',1038,,2244,10,,,0
110019,'1179176',1238,,2245,10,,,0
110019,'1179184',1338,,2246,10,,,0
110019,'1179290',1138,,2247,10,,,0
160029,'1178957',859,,2375,5,,,0
160029,'1179098',1359,,2376,5,,,0
160029,'1179137',1559,,2377,5,,,0
160029,'1179301',1159,,2378,5,,,0
160029,'1179398',1259,,2379,5,,,0
160029,'1179410',1659,,2380,5,,,0
160029,'1179543',1059,,2381,5,,,0
160029,'1179558',959,,2382,5,,,0
160029,'1179623',1459,,2383,5,,,0
216019,'1178924',749,,2403,5,,,0
216019,'1178948',619,,2404,5,,,0
216019,'1178963',2119,,2405,5,,,0
216019,'1178968',1219,,2406,5,,,0
216019,'1179019',1749,,2407,5,,,0
216019,'1179021',1549,,2408,5,,,0
216019,'1179029',1419,,2409,5,,,0
216019,'1179050',1519,,2410,5,,,0
216019,'1179070',1419,,2411,5,,,0
216019,'1179075',1819,,2412,5,,,0
216019,'1179116',719,,2413,5,,,0
216019,'1179123',1319,,2414,5,,,0
216019,'1179160',1719,,2415,5,,,0
216019,'1179179',2019,,2416,5,,,0
216019,'1179181',1119,,2417,5,,,0
216019,'1179199',919,,2418,5,,,0
216019,'1179206',1519,,2419,5,,,0
216019,'1179328',1019,,2420,5,,,0
216019,'1179338',1219,,2421,5,,,0
216019,'1179345',819,,2422,5,,,0
216019,'1179368',1649,,2423,5,,,0
216019,'1179369',1019,,2424,5,,,0
216019,'1179374',1619,,2425,5,,,0
216019,'1179421',1819,,2426,5,,,0
216019,'1179431',1119,,2427,5,,,0
216019,'1179458',1919,,2428,5,,,0
216019,'1179488',719,,2429,5,,,0
216019,'1179523',1319,,2430,5,,,0
216019,'1179574',2019,,2431,5,,,0
216019,'1179582',1919,,2432,5,,,0
216019,'1179605',849,,2433,5,,,0
216019,'1179647',1719,,2434,5,,,0
216019,'1179669',819,,2435,5,,,0
216019,'1179695',2119,,2436,5,,,0
216019,'1179712',649,,2437,5,,,0
216019,'1179714',919,,2438,5,,,0
216019,'1179719',1619,,2439,5,,,0
140010019,'1178914',1118,,2522,12,0,8 21,0
140010019,'1178921',1448,,2523,12,,,0
140010019,'1178922',948,,2524,12,,,0
140010019,'1178936',718,,2525,12,,,0
140010019,'1178946',2248,,2526,12,0,8 21,0
140010019,'1178979',1048,,2527,12,,,0
140010019,'1179012',748,,2528,12,,,0
140010019,'1179037',1948,,2529,12,,,0
140010019,'1179103',1548,,2530,12,,,0
140010019,'1179122',1318,,2531,12,0,8 21,0
140010019,'1179131',1148,,2532,12,,,0
140010019,'1179140',2148,,2533,12,,,0
140010019,'1179147',918,,2534,12,0,8 21,0
140010019,'1179157',648,,2535,12,,,0
140010019,'1179167',1048,,2536,12,,,0
140010019,'1179178',1748,,2537,12,,,0
140010019,'1179180',2148,,2538,12,,,0
140010019,'1179188',1448,,2539,12,,,0
140010019,'1179217',1948,,2540,12,,,0
140010019,'1179232',1518,,2541,12,0,8 21,0
140010019,'1179251',1618,,2542,12,,,0
140010019,'1179253',818,,2543,12,,,0
140010019,'1179268',1718,,2544,12,,,0
140010019,'1179270',1648,,2545,12,,,0
140010019,'1179336',848,,2547,12,,,0
140010019,'1179347',748,,2548,12,,,0
140010019,'1179361',2048,,2549,12,,,0
140010019,'1179396',2048,,2550,12,,,0
140010019,'1179408',2248,,2551,12,0,8 21,0
140010019,'1179415',1148,,2552,12,,,0
140010019,'1179445',1348,,2553,12,,,0
140010019,'1179452',1748,,2554,12,,,0
140010019,'1179453',1348,,2555,12,,,0
140010019,'1179479',1248,,2556,12,,,0
140010019,'1179483',1218,,2557,12,0,8 21,0
140010019,'1179494',1648,,2558,12,,,0
140010019,'1179496',1548,,2559,12,,,0
140010019,'1179498',1418,,2560,12,0,8 21,0
140010019,'1179544',1848,,2561,12,,,0
140010019,'1179548',1018,,2562,12,0,8 21,0
140010019,'1179613',1848,,2563,12,,,0
140010019,'1179620',848,,2564,12,,,0
140010019,'1179629',1818,,2565,12,0,8 21,0
140010019,'1179659',1248,,2566,12,,,0
140010019,'1179692',948,,2567,12,,,0
