116019,'1178992',750,,2257,22,,,0
116019,'1178995',750,,2258,22,,,0
116019,'1179088',653,,2259,23,,,0
116019,'1179096',850,,2260,22,,,0
116019,'1179141',1450,,2261,22,,,0
116019,'1179172',1150,,2262,22,,,0
116019,'1179177',850,,2263,22,,,0
116019,'1179190',1620,,2264,22,,,0
116019,'1179215',1050,,2265,22,,,0
116019,'1179228',820,,2266,22,,,0
116019,'1179247',950,,2267,22,,,0
116019,'1179275',1550,,2268,22,,,0
116019,'1179278',1250,,2269,22,,,0
116019,'1179313',1750,,2270,22,,,0
116019,'1179314',2050,,2271,22,,,0
116019,'1179321',1150,,2272,22,,,0
116019,'1179339',723,,2273,23,,,0
116019,'1179343',1950,,2274,22,,,0
116019,'1179365',1650,,2275,22,,,0
116019,'1179381',1850,,2276,22,,,0
116019,'1179418',1653,,2277,23,,,0
116019,'1179432',1723,,2278,23,,,0
116019,'1179434',1950,,2279,22,,,0
116019,'1179439',1350,,2280,22,,,0
116019,'1179441',1450,,2281,22,,,0
116019,'1179476',1050,,2282,22,,,0
116019,'1179500',2150,,2283,22,,,0
116019,'1179515',920,,2284,22,,,0
116019,'1179584',1850,,2285,22,,,0
116019,'1179603',950,,2286,22,,,0
116019,'1179606',1820,,2287,22,,,0
116019,'1179615',1550,,2288,22,,,0
116019,'1179641',1250,,2289,22,,,0
116019,'1179653',1750,,2290,22,,,0
116019,'1179682',1350,,2291,22,,,0
116019,'1179696',2050,,2292,22,,,0
116019,'1179706',2150,,2293,22,,,0
