120019,'1178966',1357,,2294,42,,,0
120019,'1178998',1557,,2295,42,,,0
120019,'1179031',1657,,2296,42,,,0
120019,'1179149',1457,,2297,42,,,0
120019,'1179182',1157,,2298,42,,,0
120019,'1179282',957,,2299,42,,,0
120019,'1179296',1810,,2300,42,,,0
120019,'1179596',1057,,2301,42,,,0
120019,'1179628',1257,,2302,42,,,0
140016019,'1178912',1731,,2661,43,,,0
140016019,'1178941',831,,2662,43,,,0
140016019,'1179051',2231,,2665,43,,,0
140016019,'1179063',731,,2666,23,,,0
140016019,'1179077',1801,,2667,43,,,0
140016019,'1179112',1931,,2668,43,,,0
140016019,'1179129',1231,,2669,43,,,0
140016019,'1179136',1531,,2670,43,,,0
140016019,'1179158',1331,,2671,43,,,0
140016019,'1179191',931,,2672,43,,,0
140016019,'1179213',1031,,2673,43,,,0
140016019,'1179234',1431,,2675,43,,,0
140016019,'1179256',901,,2677,43,,,0
140016019,'1179267',831,,2678,43,,,0
140016019,'1179284',1931,,2679,43,,,0
140016019,'1179299',2231,,2681,43,,,0
140016019,'1179304',1331,,2682,43,,,0
140016019,'1179312',1631,,2683,43,,,0
140016019,'1179318',1831,,2684,43,,,0
140016019,'1179330',2031,,2685,43,,,0
140016019,'1179333',1431,,2686,43,,,0
140016019,'1179357',1131,,2688,43,,,0
140016019,'1179371',1531,,2689,43,,,0
140016019,'1179389',1701,,2690,43,,,0
140016019,'1179416',1631,,2691,43,,,0
140016019,'1179464',2131,,2693,43,,,0
140016019,'1179475',931,,2694,43,,,0
140016019,'1179481',1731,,2695,43,,,0
140016019,'1179517',1601,,2697,43,,,0
140016019,'1179520',2031,,2698,43,,,0
140016019,'1179536',801,,2699,43,,,0
140016019,'1179538',731,,2700,43,,,0
140016019,'1179601',2131,,2703,43,,,0
140016019,'1179604',1131,,2704,43,,,0
140016019,'1179627',1231,,2705,43,,,0
140016019,'1179663',1031,,2706,43,,,0
140016019,'1179687',1831,,2708,43,,,0
