120019,'1178966',1404,,2294,52,,,0
120019,'1178998',1604,,2295,52,,,0
120019,'1179031',1704,,2296,52,,,0
120019,'1179149',1504,,2297,52,,,0
120019,'1179182',1204,,2298,52,,,0
120019,'1179282',1004,,2299,52,,,0
120019,'1179296',1817,,2300,52,,,0
120019,'1179596',1104,,2301,52,,,0
120019,'1179628',1304,,2302,52,,,0
140016019,'1178912',1738,,2661,53,,,0
140016019,'1178941',838,,2662,53,,,0
140016019,'1179005',638,,2663,10,,,0
140016019,'1179051',2238,,2665,53,,,0
140016019,'1179063',738,,2666,33,,,0
140016019,'1179077',1808,,2667,53,,,0
140016019,'1179112',1938,,2668,53,,,0
140016019,'1179129',1238,,2669,53,,,0
140016019,'1179136',1538,,2670,53,,,0
140016019,'1179158',1338,,2671,53,,,0
140016019,'1179191',938,,2672,53,,,0
140016019,'1179213',1038,,2673,53,,,0
140016019,'1179225',708,,2674,10,,,0
140016019,'1179234',1438,,2675,53,,,0
140016019,'1179256',908,,2677,53,,,0
140016019,'1179267',838,,2678,53,,,0
140016019,'1179284',1938,,2679,53,,,0
140016019,'1179286',611,,2680,10,,,0
140016019,'1179299',2238,,2681,53,,,0
140016019,'1179304',1338,,2682,53,,,0
140016019,'1179312',1638,,2683,53,,,0
140016019,'1179318',1838,,2684,53,,,0
140016019,'1179330',2038,,2685,53,,,0
140016019,'1179333',1438,,2686,53,,,0
140016019,'1179357',1138,,2688,53,,,0
140016019,'1179371',1538,,2689,53,,,0
140016019,'1179389',1708,,2690,53,,,0
140016019,'1179416',1638,,2691,53,,,0
140016019,'1179440',638,,2692,10,,,0
140016019,'1179464',2138,,2693,53,,,0
140016019,'1179475',938,,2694,53,,,0
140016019,'1179481',1738,,2695,53,,,0
140016019,'1179517',1608,,2697,53,,,0
140016019,'1179520',2038,,2698,53,,,0
140016019,'1179536',808,,2699,53,,,0
140016019,'1179538',738,,2700,53,,,0
140016019,'1179601',2138,,2703,53,,,0
140016019,'1179604',1138,,2704,53,,,0
140016019,'1179627',1238,,2705,53,,,0
140016019,'1179663',1038,,2706,53,,,0
140016019,'1179687',1838,,2708,53,,,0
