130029,'1178925',1511,,2321,23,,,0
130029,'1178989',1411,,2322,23,,,0
130029,'1179023',1611,,2323,23,,,0
130029,'1179120',1711,,2324,23,,,0
130029,'1179168',1311,,2325,23,,,0
130029,'1179423',911,,2326,23,,,0
130029,'1179469',1211,,2327,23,,,0
130029,'1179639',1011,,2328,23,,,0
130029,'1179657',1111,,2329,23,,,0
150029,'1178980',1128,,2357,34,,,0
150029,'1179059',928,,2358,34,,,0
150029,'1179210',1328,,2359,34,,,0
150029,'1179274',1728,,2360,34,,,0
150029,'1179311',1028,,2361,34,,,0
150029,'1179362',1628,,2362,34,,,0
150029,'1179450',1428,,2363,34,,,0
150029,'1179616',1228,,2364,34,,,0
150029,'1179674',1528,,2365,34,,,0
300019,'1178915',1008,,2440,17,0,23 24 2 25,0
300019,'1178996',1838,,2447,17,0,23 24 2 25,0
300019,'1178999',738,,2448,17,0,23 24 2 25,0
300019,'1179042',808,,2453,17,0,23 24 2 25,0
300019,'1179065',1138,,2456,17,0,23 24 2 25,0
300019,'1179094',738,,2458,16,0,23 24 2 25,0
300019,'1179132',1238,,2464,17,0,23 24 2 25,0
300019,'1179142',1538,,2465,17,0,23 24 2 25,0
300019,'1179211',1738,,2467,17,0,23 24 2 25,0
300019,'1179220',1038,,2468,17,0,23 24 2 25,0
300019,'1179258',1838,,2470,17,0,23 24 2 25,0
300019,'1179264',1338,,2471,17,0,23 24 2 25,0
300019,'1179288',1738,,2473,17,0,23 24 2 25,0
300019,'1179349',1538,,2478,17,0,23 24 2 25,0
300019,'1179356',1638,,2480,17,0,23 24 2 25,0
300019,'1179360',2138,,2481,17,0,23 24 2 25,0
300019,'1179405',1238,,2486,17,0,23 24 2 25,0
300019,'1179406',1038,,2487,17,0,23 24 2 25,0
300019,'1179409',1608,,2488,17,0,23 24 2 25,0
300019,'1179420',1338,,2489,17,0,23 24 2 25,0
300019,'1179454',1438,,2492,17,0,23 24 2 25,0
300019,'1179463',938,,2493,17,0,23 24 2 25,0
300019,'1179467',838,,2494,17,0,23 24 2 25,0
300019,'1179470',1138,,2495,17,0,23 24 2 25,0
300019,'1179502',2038,,2498,17,0,23 24 2 25,0
300019,'1179527',1938,,2500,17,0,23 24 2 25,0
300019,'1179532',838,,2501,17,0,23 24 2 25,0
300019,'1179554',2138,,2504,17,0,23 24 2 25,0
300019,'1179570',1638,,2507,17,0,23 24 2 25,0
300019,'1179580',1938,,2508,17,0,23 24 2 25,0
300019,'1179597',908,,2511,17,0,23 24 2 25,0
300019,'1179607',708,,2512,16,0,23 24 2 25,0
300019,'1179614',1438,,2513,17,0,23 24 2 25,0
300019,'1179617',1808,,2514,17,0,23 24 2 25,0
300019,'1179624',1708,,2516,17,0,23 24 2 25,0
300019,'1179643',2038,,2518,17,0,23 24 2 25,0
300019,'1179713',938,,2521,17,0,23 24 2 25,0
140014019,'1178954',1551,,2614,10,,,0
140014019,'1178955',1121,,2615,10,,,0
140014019,'1178974',951,,2616,10,,,0
140014019,'1179007',1751,,2617,10,,,0
140014019,'1179027',1451,,2618,10,,,0
140014019,'1179052',751,,2619,10,,,0
140014019,'1179079',721,,2620,10,,,0
140014019,'1179080',1451,,2621,10,,,0
140014019,'1179082',821,,2622,10,,,0
140014019,'1179084',651,,2623,10,,,0
140014019,'1179111',2151,,2624,10,,,0
140014019,'1179143',751,,2625,10,,,0
140014019,'1179200',1221,,2626,10,,,0
140014019,'1179207',1721,,2627,10,,,0
140014019,'1179221',1351,,2628,10,,,0
140014019,'1179271',1151,,2629,10,,,0
140014019,'1179298',1651,,2630,10,,,0
140014019,'1179320',1421,,2631,10,,,0
140014019,'1179323',951,,2632,10,,,0
140014019,'1179350',851,,2634,10,,,0
140014019,'1179353',1751,,2635,10,,,0
140014019,'1179366',1951,,2636,10,,,0
140014019,'1179392',1551,,2637,10,,,0
140014019,'1179403',1851,,2638,10,,,0
140014019,'1179433',1351,,2640,10,,,0
140014019,'1179443',921,,2641,10,,,0
140014019,'1179446',1151,,2642,10,,,0
140014019,'1179449',1021,,2643,10,,,0
140014019,'1179493',1051,,2644,10,,,0
140014019,'1179524',1651,,2646,10,,,0
140014019,'1179535',1321,,2647,10,,,0
140014019,'1179547',1251,,2648,10,,,0
140014019,'1179557',1821,,2650,10,0,8 21,0
140014019,'1179561',1521,,2651,10,,,0
140014019,'1179577',1251,,2652,10,,,0
140014019,'1179598',2051,,2653,10,,,0
140014019,'1179600',2151,,2654,10,,,0
140014019,'1179608',1851,,2655,10,,,0
140014019,'1179636',1621,,2656,10,,,0
140014019,'1179638',851,,2657,10,,,0
140014019,'1179648',1951,,2658,10,,,0
140014019,'1179654',2051,,2659,10,,,0
140014019,'1179662',1051,,2660,10,,,0
190013019,'1178916',1702,,2757,55,,,0
190013019,'1178919',2032,,2758,55,,,0
190013019,'1178920',1202,,2759,55,,,0
190013019,'1178929',832,,2760,55,,,0
190013019,'1178930',1732,,2761,55,,,0
190013019,'1178972',2032,,2762,55,,,0
190013019,'1178983',1302,,2763,55,,,0
190013019,'1178994',2232,,2764,55,,,0
190013019,'1178997',1232,,2765,55,,,0
190013019,'1179048',1602,,2766,55,,,0
190013019,'1179062',1632,,2767,55,,,0
190013019,'1179074',1402,,2768,55,,,0
190013019,'1179087',1332,,2769,55,,,0
190013019,'1179104',1102,,2770,55,,,0
190013019,'1179187',932,,2772,55,,,0
190013019,'1179202',1132,,2773,55,,,0
190013019,'1179203',1032,,2774,55,,,0
190013019,'1179212',1532,,2775,55,,,0
190013019,'1179219',1332,,2776,55,,,0
190013019,'1179243',832,,2777,55,,,0
190013019,'1179287',2232,,2778,55,,,0
190013019,'1179292',1132,,2779,55,,,0
190013019,'1179300',802,,2780,55,,,0
190013019,'1179354',632,,2781,23,,,0
190013019,'1179373',1032,,2782,55,,,0
190013019,'1179380',1432,,2783,55,,,0
190013019,'1179402',1432,,2784,55,,,0
190013019,'1179411',1502,,2785,55,,,0
190013019,'1179457',1932,,2786,55,,,0
190013019,'1179504',732,,2787,55,,,0
190013019,'1179507',1002,,2788,55,,,0
190013019,'1179509',1232,,2789,55,,,0
190013019,'1179516',1632,,2790,55,,,0
190013019,'1179531',2132,,2791,55,,,0
190013019,'1179537',932,,2792,55,,,0
190013019,'1179539',1832,,2793,55,,,0
190013019,'1179546',732,,2794,55,,,0
190013019,'1179553',1932,,2795,55,,,0
190013019,'1179581',702,,2796,23,,,0
190013019,'1179591',1732,,2797,55,,,0
190013019,'1179611',1802,,2798,55,,,0
190013019,'1179635',1532,,2799,55,,,0
190013019,'1179694',902,,2800,55,,,0
190013019,'1179701',2132,,2801,55,,,0
190013019,'1179717',1832,,2802,55,,,0
