140029,'1178990',1447,,2339,18,,,0
140029,'1179039',1147,,2340,18,,,0
140029,'1179106',1047,,2341,18,,,0
140029,'1179281',1347,,2342,18,,,0
140029,'1179335',1647,,2343,18,,,0
140029,'1179461',1800,,2344,18,,,0
140029,'1179478',1547,,2345,18,,,0
140029,'1179522',1247,,2346,18,,,0
140029,'1179651',947,,2347,18,,,0
140012019,'1178913',1220,,2568,28,,,0
140012019,'1178923',1220,,2569,28,,,0
140012019,'1178934',1020,,2570,28,,,0
140012019,'1178935',820,,2571,28,,,0
140012019,'1178953',920,,2572,28,,,0
140012019,'1178981',720,,2573,28,,,0
140012019,'1178986',1450,,2574,28,,,0
140012019,'1179006',1350,,2575,28,,,0
140012019,'1179011',750,,2576,28,,,0
140012019,'1179015',1920,,2577,28,,,0
140012019,'1179046',920,,2578,28,,,0
140012019,'1179102',1620,,2579,28,,,0
140012019,'1179154',1420,,2580,28,,,0
140012019,'1179183',2020,,2581,28,,,0
140012019,'1179185',950,,2582,28,,,0
140012019,'1179230',1020,,2584,28,,,0
140012019,'1179233',1620,,2585,28,,,0
140012019,'1179236',820,,2586,28,,,0
140012019,'1179238',1520,,2587,28,,,0
140012019,'1179244',2120,,2588,28,,,0
140012019,'1179245',1920,,2589,28,,,0
140012019,'1179250',720,,2590,6,,,0
140012019,'1179261',1120,,2592,28,,,0
140012019,'1179316',2020,,2593,28,,,0
140012019,'1179325',850,,2594,28,,,0
140012019,'1179348',1320,,2595,28,,,0
140012019,'1179359',1750,,2596,28,,,0
140012019,'1179372',2220,,2597,28,,,0
140012019,'1179387',1320,,2598,28,,,0
140012019,'1179399',1150,,2599,28,,,0
140012019,'1179425',2120,,2600,28,,,0
140012019,'1179444',1650,,2601,28,,,0
140012019,'1179495',1420,,2602,28,,,0
140012019,'1179499',1550,,2603,28,,,0
140012019,'1179510',1720,,2604,28,,,0
140012019,'1179511',2220,,2605,28,,,0
140012019,'1179526',1820,,2606,28,,,0
140012019,'1179556',1120,,2607,28,,,0
140012019,'1179567',1250,,2608,28,,,0
140012019,'1179644',1820,,2610,28,,,0
140012019,'1179693',1050,,2611,28,,,0
140012019,'1179704',1520,,2612,28,,,0
140012019,'1179715',1720,,2613,28,,,0
