190011019,'1178950',720,,2710,10,,,0
190011019,'1178970',1850,,2711,10,,,0
190011019,'1179009',1820,,2712,10,0,8 21,0
190011019,'1179040',2050,,2713,10,,,0
190011019,'1179145',850,,2715,10,,,0
190011019,'1179159',1750,,2717,10,,,0
190011019,'1179162',2245,,2718,10,0,12,0
190011019,'1179163',750,,2719,10,,,0
190011019,'1179248',650,,2720,10,,,0
190011019,'1179252',1750,,2721,10,,,0
190011019,'1179276',1950,,2722,10,,,0
190011019,'1179307',650,,2723,10,,,0
190011019,'1179332',1050,,2725,10,,,0
190011019,'1179340',850,,2726,10,,,0
190011019,'1179367',1720,,2727,10,,,0
190011019,'1179394',2150,,2730,10,,,0
190011019,'1179412',2245,,2731,10,0,12,0
190011019,'1179413',1250,,2732,10,,,0
190011019,'1179424',2150,,2733,10,,,0
190011019,'1179426',1350,,2734,10,,,0
190011019,'1179430',1550,,2735,10,,,0
190011019,'1179437',1050,,2736,10,,,0
190011019,'1179438',1550,,2737,10,,,0
190011019,'1179442',1850,,2738,10,,,0
190011019,'1179477',750,,2739,10,,,0
190011019,'1179521',1350,,2740,10,,,0
190011019,'1179528',1150,,2741,10,,,0
190011019,'1179555',1950,,2743,10,,,0
190011019,'1179572',1150,,2744,10,,,0
190011019,'1179590',1450,,2745,10,,,0
190011019,'1179619',1650,,2746,10,,,0
190011019,'1179642',950,,2747,10,,,0
190011019,'1179650',1250,,2748,10,,,0
190011019,'1179666',820,,2750,10,,,0
190011019,'1179677',2050,,2752,10,,,0
190011019,'1179678',920,,2753,10,,,0
190011019,'1179688',1650,,2754,10,,,0
190011019,'1179700',1450,,2755,10,,,0
190011019,'1179709',950,,2756,10,,,0
