150029,'1178980',1115,,2357,23,,,0
150029,'1179059',915,,2358,23,,,0
150029,'1179210',1315,,2359,23,,,0
150029,'1179274',1715,,2360,23,,,0
150029,'1179311',1015,,2361,23,,,0
150029,'1179362',1615,,2362,23,,,0
150029,'1179450',1415,,2363,23,,,0
150029,'1179616',1215,,2364,23,,,0
150029,'1179674',1515,,2365,23,,,0
190015019,'1178937',1206,,2803,43,,,0
190015019,'1178958',1036,,2805,43,,,0
190015019,'1178960',1136,,2806,43,,,0
190015019,'1179018',1436,,2808,43,,,0
190015019,'1179054',1336,,2809,43,,,0
190015019,'1179073',1406,,2810,43,,,0
190015019,'1179083',636,,2811,18,,,0
190015019,'1179089',1236,,2812,43,,,0
190015019,'1179095',1736,,2813,43,,,0
190015019,'1179126',1836,,2814,43,,,0
190015019,'1179130',1636,,2815,43,,,0
190015019,'1179152',1006,,2816,43,,,0
190015019,'1179169',1036,,2818,43,,,0
190015019,'1179170',836,,2819,43,,,0
190015019,'1179189',836,,2820,43,,,0
190015019,'1179226',1836,,2821,43,,,0
190015019,'1179257',2136,,2823,43,,,0
190015019,'1179260',1736,,2824,43,,,0
190015019,'1179280',1536,,2826,43,,,0
190015019,'1179329',1706,,2827,43,,,0
190015019,'1179378',2036,,2828,43,,,0
190015019,'1179382',1806,,2829,43,,,0
190015019,'1179400',1936,,2830,43,,,0
190015019,'1179414',1536,,2831,43,,,0
190015019,'1179456',1606,,2832,43,,,0
190015019,'1179465',1636,,2833,43,,,0
190015019,'1179466',936,,2834,43,,,0
190015019,'1179468',2036,,2835,43,,,0
190015019,'1179480',1336,,2836,43,,,0
190015019,'1179489',1306,,2837,43,,,0
190015019,'1179491',1136,,2838,43,,,0
190015019,'1179501',1106,,2839,43,,,0
190015019,'1179525',736,,2840,43,,,0
190015019,'1179560',2136,,2841,43,,,0
190015019,'1179563',1436,,2842,43,,,0
190015019,'1179576',1936,,2843,43,,,0
190015019,'1179602',906,,2844,43,,,0
190015019,'1179633',806,,2845,43,,,0
190015019,'1179637',706,,2846,18,,,0
190015019,'1179652',936,,2847,43,,,0
190015019,'1179679',1506,,2848,43,,,0
190015019,'1179703',1236,,2849,43,,,0
190015019,'1179716',736,,2850,43,,,0
