116019,'1178992',749,,2257,20,,,0
116019,'1178995',749,,2258,20,,,0
116019,'1179088',649,,2259,20,,,0
116019,'1179096',849,,2260,20,,,0
116019,'1179141',1449,,2261,20,,,0
116019,'1179172',1149,,2262,20,,,0
116019,'1179177',849,,2263,20,,,0
116019,'1179190',1619,,2264,20,,,0
116019,'1179215',1049,,2265,20,,,0
116019,'1179228',819,,2266,20,,,0
116019,'1179247',949,,2267,20,,,0
116019,'1179275',1549,,2268,20,,,0
116019,'1179278',1249,,2269,20,,,0
116019,'1179313',1749,,2270,20,,,0
116019,'1179314',2049,,2271,20,,,0
116019,'1179321',1149,,2272,20,,,0
116019,'1179339',719,,2273,20,,,0
116019,'1179343',1949,,2274,20,,,0
116019,'1179365',1649,,2275,20,,,0
116019,'1179381',1849,,2276,20,,,0
116019,'1179418',1649,,2277,20,,,0
116019,'1179432',1719,,2278,20,,,0
116019,'1179434',1949,,2279,20,,,0
116019,'1179439',1349,,2280,20,,,0
116019,'1179441',1449,,2281,20,,,0
116019,'1179476',1049,,2282,20,,,0
116019,'1179500',2149,,2283,20,,,0
116019,'1179515',919,,2284,20,,,0
116019,'1179584',1849,,2285,20,,,0
116019,'1179603',949,,2286,20,,,0
116019,'1179606',1819,,2287,20,,,0
116019,'1179615',1549,,2288,20,,,0
116019,'1179641',1249,,2289,20,,,0
116019,'1179653',1749,,2290,20,,,0
116019,'1179682',1349,,2291,20,,,0
116019,'1179696',2049,,2292,20,,,0
116019,'1179706',2149,,2293,20,,,0
160019,'1178943',1540,,2366,20,,,0
160019,'1178949',940,,2367,20,,,0
160019,'1178951',1340,,2368,20,,,0
160019,'1179047',1440,,2369,20,,,0
160019,'1179060',1740,,2370,20,,,0
160019,'1179205',1140,,2371,20,,,0
160019,'1179319',1240,,2372,20,,,0
160019,'1179451',1640,,2373,20,,,0
160019,'1179697',1040,,2374,20,,,0
