120019,'1178966',1345,,2294,24,,,0
120019,'1178998',1545,,2295,24,,,0
120019,'1179031',1645,,2296,24,,,0
120019,'1179149',1445,,2297,24,,,0
120019,'1179182',1145,,2298,24,,,0
120019,'1179282',945,,2299,24,,,0
120019,'1179296',1758,,2300,24,,,0
120019,'1179596',1045,,2301,24,,,0
120019,'1179628',1245,,2302,24,,,0
140019,'1178969',1344,,2330,28,,,0
140019,'1178977',1544,,2331,28,,,0
140019,'1179164',1644,,2332,28,,,0
140019,'1179344',1444,,2333,28,,,0
140019,'1179352',944,,2334,28,,,0
140019,'1179462',1244,,2335,28,,,0
140019,'1179512',1144,,2336,28,,,0
140019,'1179518',1044,,2337,28,,,0
140019,'1179634',1757,,2338,28,,,0
200019,'1179038',1508,,2384,23,,,0
200019,'1179081',1708,,2385,23,,,0
200019,'1179174',1008,,2386,23,,,0
200019,'1179259',1208,,2387,23,,,0
200019,'1179289',1608,,2388,23,,,0
200019,'1179460',1800,,2389,23,,,0
200019,'1179585',1108,,2390,23,,,0
200019,'1179594',1408,,2391,23,,,0
200019,'1179655',1308,,2392,23,,,0
140010019,'1178921',1519,,2523,37,,,0
140010019,'1178922',1019,,2524,38,,,0
140010019,'1178936',749,,2525,37,,,0
140010019,'1178979',1119,,2527,38,,,0
140010019,'1179012',819,,2528,38,,,0
140010019,'1179037',2019,,2529,37,,,0
140010019,'1179103',1619,,2530,38,,,0
140010019,'1179131',1219,,2532,37,,,0
140010019,'1179140',2219,,2533,37,,,0
140010019,'1179157',719,,2535,37,,,0
140010019,'1179167',1119,,2536,37,,,0
140010019,'1179178',1819,,2537,38,,,0
140010019,'1179180',2219,,2538,38,,,0
140010019,'1179188',1519,,2539,38,,,0
140010019,'1179217',2019,,2540,38,,,0
140010019,'1179251',1649,,2542,37,,,0
140010019,'1179253',849,,2543,37,,,0
140010019,'1179268',1749,,2544,37,,,0
140010019,'1179270',1719,,2545,38,,,0
140010019,'1179302',719,,2546,5,,,0
140010019,'1179336',919,,2547,37,,,0
140010019,'1179347',819,,2548,37,,,0
140010019,'1179361',2119,,2549,37,,,0
140010019,'1179396',2119,,2550,38,,,0
140010019,'1179415',1219,,2552,38,,,0
140010019,'1179445',1419,,2553,37,,,0
140010019,'1179452',1819,,2554,37,,,0
140010019,'1179453',1419,,2555,38,,,0
140010019,'1179479',1319,,2556,37,,,0
140010019,'1179494',1719,,2558,37,,,0
140010019,'1179496',1619,,2559,37,,,0
140010019,'1179544',1919,,2561,37,,,0
140010019,'1179613',1919,,2563,38,,,0
140010019,'1179620',919,,2564,38,,,0
140010019,'1179659',1319,,2566,38,,,0
140010019,'1179692',1019,,2567,37,,,0
140016019,'1178912',1719,,2661,25,,,0
140016019,'1178941',819,,2662,25,,,0
140016019,'1179051',2219,,2665,25,,,0
140016019,'1179063',719,,2666,5,,,0
140016019,'1179077',1749,,2667,25,,,0
140016019,'1179112',1919,,2668,25,,,0
140016019,'1179129',1219,,2669,25,,,0
140016019,'1179136',1519,,2670,25,,,0
140016019,'1179158',1319,,2671,25,,,0
140016019,'1179191',919,,2672,25,,,0
140016019,'1179213',1019,,2673,25,,,0
140016019,'1179234',1419,,2675,25,,,0
140016019,'1179256',849,,2677,25,,,0
140016019,'1179267',819,,2678,25,,,0
140016019,'1179284',1919,,2679,25,,,0
140016019,'1179299',2219,,2681,25,,,0
140016019,'1179304',1319,,2682,25,,,0
140016019,'1179312',1619,,2683,25,,,0
140016019,'1179318',1819,,2684,25,,,0
140016019,'1179330',2019,,2685,25,,,0
140016019,'1179333',1419,,2686,25,,,0
140016019,'1179357',1119,,2688,25,,,0
140016019,'1179371',1519,,2689,25,,,0
140016019,'1179389',1649,,2690,25,,,0
140016019,'1179416',1619,,2691,25,,,0
140016019,'1179464',2119,,2693,25,,,0
140016019,'1179475',919,,2694,25,,,0
140016019,'1179481',1719,,2695,25,,,0
140016019,'1179517',1549,,2697,25,,,0
140016019,'1179520',2019,,2698,25,,,0
140016019,'1179536',749,,2699,25,,,0
140016019,'1179538',719,,2700,25,,,0
140016019,'1179601',2119,,2703,25,,,0
140016019,'1179604',1119,,2704,25,,,0
140016019,'1179627',1219,,2705,25,,,0
140016019,'1179663',1019,,2706,25,,,0
140016019,'1179687',1819,,2708,25,,,0
