140019,'1178969',1315,,2330,1,,,0
140019,'1178977',1515,,2331,1,,,0
140019,'1179164',1615,,2332,1,,,0
140019,'1179344',1415,,2333,1,,,0
140019,'1179352',915,,2334,1,,,0
140019,'1179462',1215,,2335,1,,,0
140019,'1179512',1115,,2336,1,,,0
140019,'1179518',1015,,2337,1,,,0
140019,'1179634',1715,,2338,1,,,0
140029,'1178990',1504,,2339,42,4,,0
140029,'1179039',1204,,2340,42,4,,0
140029,'1179106',1104,,2341,42,4,,0
140029,'1179281',1404,,2342,42,4,,0
140029,'1179335',1704,,2343,42,4,,0
140029,'1179461',1817,,2344,42,4,,0
140029,'1179478',1604,,2345,42,4,,0
140029,'1179522',1304,,2346,42,4,,0
140029,'1179651',1004,,2347,42,4,,0
140010019,'1178921',1530,,2523,57,4,,0
140010019,'1178922',1033,,2524,58,4,,0
140010019,'1178936',805,,2525,56,4,,0
140010019,'1178979',1133,,2527,58,4,,0
140010019,'1179012',835,,2528,57,4,,0
140010019,'1179037',2035,,2529,56,4,,0
140010019,'1179103',1635,,2530,57,4,,0
140010019,'1179131',1230,,2532,57,4,,0
140010019,'1179140',2235,,2533,56,4,,0
140010019,'1179157',735,,2535,56,4,,0
140010019,'1179167',1130,,2536,57,4,,0
140010019,'1179178',1835,,2537,57,4,,0
140010019,'1179180',2235,,2538,57,4,,0
140010019,'1179188',1533,,2539,58,4,,0
140010019,'1179217',2035,,2540,57,4,,0
140010019,'1179251',1705,,2542,56,4,,0
140010019,'1179253',905,,2543,56,4,,0
140010019,'1179268',1805,,2544,56,4,,0
140010019,'1179270',1735,,2545,57,4,,0
140010019,'1179302',735,,2546,24,4,,0
140010019,'1179336',935,,2547,56,4,,0
140010019,'1179347',835,,2548,56,4,,0
140010019,'1179361',2135,,2549,56,4,,0
140010019,'1179396',2135,,2550,57,4,,0
140010019,'1179415',1233,,2552,58,4,,0
140010019,'1179445',1430,,2553,57,4,,0
140010019,'1179452',1835,,2554,56,4,,0
140010019,'1179453',1433,,2555,58,4,,0
140010019,'1179479',1330,,2556,57,4,,0
140010019,'1179494',1735,,2558,56,4,,0
140010019,'1179496',1635,,2559,56,4,,0
140010019,'1179544',1935,,2561,56,4,,0
140010019,'1179613',1935,,2563,57,4,,0
140010019,'1179620',935,,2564,57,4,,0
140010019,'1179659',1333,,2566,58,4,,0
140010019,'1179692',1030,,2567,57,4,,0
190011019,'1178950',715,,2710,1,,,0
190011019,'1178970',1845,,2711,1,,,0
190011019,'1179009',1815,,2712,1,0,8 21,0
190011019,'1179040',2045,,2713,1,,,0
190011019,'1179145',845,,2715,1,,,0
190011019,'1179159',1745,,2717,1,,,0
190011019,'1179162',2240,,2718,1,0,12,0
190011019,'1179163',745,,2719,1,,,0
190011019,'1179248',645,,2720,1,,,0
190011019,'1179252',1745,,2721,1,,,0
190011019,'1179276',1945,,2722,1,,,0
190011019,'1179307',645,,2723,1,,,0
190011019,'1179332',1045,,2725,1,,,0
190011019,'1179340',845,,2726,1,,,0
190011019,'1179367',1715,,2727,1,,,0
190011019,'1179394',2145,,2730,1,,,0
190011019,'1179412',2240,,2731,1,0,12,0
190011019,'1179413',1245,,2732,1,,,0
190011019,'1179424',2145,,2733,1,,,0
190011019,'1179426',1345,,2734,1,,,0
190011019,'1179430',1545,,2735,1,,,0
190011019,'1179437',1045,,2736,1,,,0
190011019,'1179438',1545,,2737,1,,,0
190011019,'1179442',1845,,2738,1,,,0
190011019,'1179477',745,,2739,1,,,0
190011019,'1179521',1345,,2740,1,,,0
190011019,'1179528',1145,,2741,1,,,0
190011019,'1179555',1945,,2743,1,,,0
190011019,'1179572',1145,,2744,1,,,0
190011019,'1179590',1445,,2745,1,,,0
190011019,'1179619',1645,,2746,1,,,0
190011019,'1179642',945,,2747,1,,,0
190011019,'1179650',1245,,2748,1,,,0
190011019,'1179666',815,,2750,1,,,0
190011019,'1179677',2045,,2752,1,,,0
190011019,'1179678',915,,2753,1,,,0
190011019,'1179688',1645,,2754,1,,,0
190011019,'1179700',1445,,2755,1,,,0
190011019,'1179709',945,,2756,1,,,0
