120029,'1179032',1532,,2303,29,,,0
120029,'1179055',1332,,2304,29,,,0
120029,'1179056',1632,,2305,29,,,0
120029,'1179099',1732,,2306,29,,,0
120029,'1179153',932,,2307,29,,,0
120029,'1179222',1432,,2308,29,,,0
120029,'1179429',1132,,2309,29,,,0
120029,'1179447',1032,,2310,29,,,0
120029,'1179575',1232,,2311,29,,,0
140029,'1178990',1431,,2339,14,,,0
140029,'1179039',1131,,2340,14,,,0
140029,'1179106',1031,,2341,14,,,0
140029,'1179281',1331,,2342,14,,,0
140029,'1179335',1631,,2343,14,,,0
140029,'1179461',1731,,2344,14,,,0
140029,'1179478',1531,,2345,14,,,0
140029,'1179522',1231,,2346,14,,,0
140029,'1179651',931,,2347,14,,,0
200029,'1178971',1034,,2393,10,,,0
200029,'1179034',1634,,2394,10,,,0
200029,'1179043',1234,,2395,10,,,0
200029,'1179091',1434,,2396,10,,,0
200029,'1179198',1134,,2398,10,,,0
200029,'1179229',1718,,2399,10,,,0
200029,'1179283',1334,,2400,10,,,0
200029,'1179383',1534,,2401,10,,,0
200029,'1179689',934,,2402,10,,,0
190011019,'1178950',729,,2710,21,,,0
190011019,'1178970',1859,,2711,21,,,0
190011019,'1179009',1829,,2712,21,0,8 21,0
190011019,'1179040',2059,,2713,21,,,0
190011019,'1179145',859,,2715,21,,,0
190011019,'1179159',1759,,2717,21,,,0
190011019,'1179162',2254,,2718,21,0,12,0
190011019,'1179163',759,,2719,21,,,0
190011019,'1179248',659,,2720,21,,,0
190011019,'1179252',1759,,2721,21,,,0
190011019,'1179276',1959,,2722,21,,,0
190011019,'1179307',659,,2723,21,,,0
190011019,'1179332',1101,,2725,22,,,0
190011019,'1179340',859,,2726,21,,,0
190011019,'1179367',1729,,2727,21,,,0
190011019,'1179394',2159,,2730,21,,,0
190011019,'1179412',2254,,2731,21,0,12,0
190011019,'1179413',1301,,2732,22,,,0
190011019,'1179424',2159,,2733,21,,,0
190011019,'1179426',1401,,2734,22,,,0
190011019,'1179430',1601,,2735,22,,,0
190011019,'1179437',1101,,2736,22,,,0
190011019,'1179438',1601,,2737,22,,,0
190011019,'1179442',1859,,2738,21,,,0
190011019,'1179477',759,,2739,21,,,0
190011019,'1179521',1401,,2740,22,,,0
190011019,'1179528',1201,,2741,22,,,0
190011019,'1179555',1959,,2743,21,,,0
190011019,'1179572',1201,,2744,22,,,0
190011019,'1179590',1501,,2745,22,,,0
190011019,'1179619',1659,,2746,21,,,0
190011019,'1179642',959,,2747,21,,,0
190011019,'1179650',1301,,2748,22,,,0
190011019,'1179666',829,,2750,21,,,0
190011019,'1179677',2059,,2752,21,,,0
190011019,'1179678',929,,2753,21,,,0
190011019,'1179688',1659,,2754,21,,,0
190011019,'1179700',1501,,2755,22,,,0
190011019,'1179709',959,,2756,21,,,0
190017019,'1178928',1700,,2851,30,,,0
190017019,'1178932',930,,2852,30,,,0
190017019,'1179000',2200,,2854,30,0,8 21,0
190017019,'1179014',1830,,2855,30,0,8 21,0
190017019,'1179016',630,,2856,30,,,0
190017019,'1179057',2300,,2857,30,0,8 21,0
190017019,'1179092',700,,2859,30,,,0
190017019,'1179124',1600,,2860,30,,,0
190017019,'1179128',1100,,2861,30,,,0
190017019,'1179133',2200,,2862,30,0,8 21,0
190017019,'1179151',1900,,2863,30,,,0
190017019,'1179161',1730,,2864,30,,,0
190017019,'1179166',1000,,2865,30,,,0
190017019,'1179196',700,,2866,30,,,0
190017019,'1179242',1200,,2867,30,,,0
190017019,'1179273',2100,,2868,30,,,0
190017019,'1179277',830,,2869,30,,,0
190017019,'1179293',1300,,2870,30,,,0
190017019,'1179306',1900,,2871,30,,,0
190017019,'1179327',1500,,2873,30,,,0
190017019,'1179385',800,,2876,30,,,0
190017019,'1179401',2000,,2877,30,,,0
190017019,'1179427',1300,,2878,30,,,0
190017019,'1179455',1400,,2879,30,,,0
190017019,'1179519',1800,,2881,30,,,0
190017019,'1179529',2300,,2882,30,0,8 21,0
190017019,'1179533',730,,2883,30,,,0
190017019,'1179573',1200,,2885,30,,,0
190017019,'1179579',1100,,2886,30,,,0
190017019,'1179599',2100,,2887,30,,,0
190017019,'1179610',2000,,2888,30,,,0
190017019,'1179621',900,,2889,30,,,0
190017019,'1179625',1400,,2890,30,,,0
190017019,'1179626',1630,,2891,30,,,0
190017019,'1179631',1800,,2892,30,,,0
190017019,'1179667',800,,2893,30,,,0
190017019,'1179680',1600,,2894,30,,,0
190017019,'1179683',900,,2895,30,,,0
190017019,'1179686',1500,,2896,30,,,0
190017019,'1179699',1000,,2897,30,,,0
190017019,'1179710',1700,,2898,30,,,0
