140010019,'1178921',1520,,2523,39,,,0
140010019,'1178922',1020,,2524,40,,,0
140010019,'1178936',751,,2525,39,,,0
140010019,'1178979',1120,,2527,40,,,0
140010019,'1179012',821,,2528,40,,,0
140010019,'1179037',2021,,2529,39,,,0
140010019,'1179103',1621,,2530,40,,,0
140010019,'1179131',1220,,2532,39,,,0
140010019,'1179140',2221,,2533,39,,,0
140010019,'1179157',721,,2535,39,,,0
140010019,'1179167',1120,,2536,39,,,0
140010019,'1179178',1821,,2537,40,,,0
140010019,'1179180',2221,,2538,40,,,0
140010019,'1179188',1520,,2539,40,,,0
140010019,'1179217',2021,,2540,40,,,0
140010019,'1179251',1651,,2542,39,,,0
140010019,'1179253',851,,2543,39,,,0
140010019,'1179268',1751,,2544,39,,,0
140010019,'1179270',1721,,2545,40,,,0
140010019,'1179302',721,,2546,7,,,0
140010019,'1179336',921,,2547,39,,,0
140010019,'1179347',821,,2548,39,,,0
140010019,'1179361',2121,,2549,39,,,0
140010019,'1179396',2121,,2550,40,,,0
140010019,'1179415',1220,,2552,40,,,0
140010019,'1179445',1420,,2553,39,,,0
140010019,'1179452',1821,,2554,39,,,0
140010019,'1179453',1420,,2555,40,,,0
140010019,'1179479',1320,,2556,39,,,0
140010019,'1179494',1721,,2558,39,,,0
140010019,'1179496',1621,,2559,39,,,0
140010019,'1179544',1921,,2561,39,,,0
140010019,'1179613',1921,,2563,40,,,0
140010019,'1179620',921,,2564,40,,,0
140010019,'1179659',1320,,2566,40,,,0
140010019,'1179692',1020,,2567,39,,,0
