110029,'1178926',1303,,2248,15,,,0
110029,'1179044',903,,2249,15,,,0
110029,'1179118',1103,,2250,15,,,0
110029,'1179173',1203,,2251,15,,,0
110029,'1179459',1703,,2252,15,,,0
110029,'1179534',1403,,2253,15,,,0
110029,'1179542',1603,,2254,15,,,0
110029,'1179690',1003,,2255,15,,,0
110029,'1179707',1503,,2256,15,,,0
190011019,'1178945',1555,,2709,15,,,0
190011019,'1178950',755,,2710,39,,,0
190011019,'1178970',1925,,2711,39,,,0
190011019,'1179040',2125,,2713,39,,,0
190011019,'1179064',1055,,2714,15,,,0
190011019,'1179145',925,,2715,39,,,0
190011019,'1179146',1155,,2716,15,,,0
190011019,'1179159',1825,,2717,39,,,0
190011019,'1179163',825,,2719,39,,,0
190011019,'1179248',725,,2720,39,,,0
190011019,'1179252',1825,,2721,39,,,0
190011019,'1179276',2025,,2722,39,,,0
190011019,'1179307',725,,2723,39,,,0
190011019,'1179317',1255,,2724,15,,,0
190011019,'1179332',1125,,2725,40,,,0
190011019,'1179340',925,,2726,39,,,0
190011019,'1179367',1755,,2727,39,,,0
190011019,'1179375',1455,,2728,15,,,0
190011019,'1179393',1655,,2729,15,,,0
190011019,'1179394',2225,,2730,39,,,0
190011019,'1179413',1325,,2732,40,,,0
190011019,'1179424',2225,,2733,39,,,0
190011019,'1179426',1425,,2734,40,,,0
190011019,'1179430',1625,,2735,40,,,0
190011019,'1179437',1125,,2736,40,,,0
190011019,'1179438',1625,,2737,40,,,0
190011019,'1179442',1925,,2738,39,,,0
190011019,'1179477',825,,2739,39,,,0
190011019,'1179521',1425,,2740,40,,,0
190011019,'1179528',1225,,2741,40,,,0
190011019,'1179530',655,,2742,15,,,0
190011019,'1179555',2025,,2743,39,,,0
190011019,'1179572',1225,,2744,40,,,0
190011019,'1179590',1525,,2745,40,,,0
190011019,'1179619',1725,,2746,39,,,0
190011019,'1179642',1025,,2747,39,,,0
190011019,'1179650',1325,,2748,40,,,0
190011019,'1179665',625,,2749,18,,,0
190011019,'1179666',855,,2750,39,,,0
190011019,'1179672',1355,,2751,15,,,0
190011019,'1179677',2125,,2752,39,,,0
190011019,'1179678',955,,2753,39,,,0
190011019,'1179688',1725,,2754,39,,,0
190011019,'1179700',1525,,2755,40,,,0
190011019,'1179709',1025,,2756,39,,,0
