110029,'1178926',1309,,2248,26,,,0
110029,'1179044',909,,2249,26,,,0
110029,'1179118',1109,,2250,26,,,0
110029,'1179173',1209,,2251,26,,,0
110029,'1179459',1709,,2252,26,,,0
110029,'1179534',1409,,2253,26,,,0
110029,'1179542',1609,,2254,26,,,0
110029,'1179690',1009,,2255,26,,,0
110029,'1179707',1509,,2256,26,,,0
190011019,'1178945',1602,,2709,26,,,0
190011019,'1178950',802,,2710,50,,,0
190011019,'1178970',1932,,2711,50,,,0
190011019,'1179040',2132,,2713,50,,,0
190011019,'1179064',1102,,2714,26,,,0
190011019,'1179145',932,,2715,50,,,0
190011019,'1179146',1202,,2716,26,,,0
190011019,'1179159',1832,,2717,50,,,0
190011019,'1179163',832,,2719,50,,,0
190011019,'1179248',732,,2720,50,,,0
190011019,'1179252',1832,,2721,50,,,0
190011019,'1179276',2032,,2722,50,,,0
190011019,'1179307',732,,2723,50,,,0
190011019,'1179317',1302,,2724,26,,,0
190011019,'1179332',1132,,2725,51,,,0
190011019,'1179340',932,,2726,50,,,0
190011019,'1179367',1802,,2727,50,,,0
190011019,'1179375',1502,,2728,26,,,0
190011019,'1179393',1702,,2729,26,,,0
190011019,'1179394',2232,,2730,50,,,0
190011019,'1179413',1332,,2732,51,,,0
190011019,'1179424',2232,,2733,50,,,0
190011019,'1179426',1432,,2734,51,,,0
190011019,'1179430',1632,,2735,51,,,0
190011019,'1179437',1132,,2736,51,,,0
190011019,'1179438',1632,,2737,51,,,0
190011019,'1179442',1932,,2738,50,,,0
190011019,'1179477',832,,2739,50,,,0
190011019,'1179521',1432,,2740,51,,,0
190011019,'1179528',1232,,2741,51,,,0
190011019,'1179530',702,,2742,26,,,0
190011019,'1179555',2032,,2743,50,,,0
190011019,'1179572',1232,,2744,51,,,0
190011019,'1179590',1532,,2745,51,,,0
190011019,'1179619',1732,,2746,50,,,0
190011019,'1179642',1032,,2747,50,,,0
190011019,'1179650',1332,,2748,51,,,0
190011019,'1179665',632,,2749,29,,,0
190011019,'1179666',902,,2750,50,,,0
190011019,'1179672',1402,,2751,26,,,0
190011019,'1179677',2132,,2752,50,,,0
190011019,'1179678',1002,,2753,50,,,0
190011019,'1179688',1732,,2754,50,,,0
190011019,'1179700',1532,,2755,51,,,0
190011019,'1179709',1032,,2756,50,,,0
