200019,'1179038',1442,,2384,11,,,0
200019,'1179081',1642,,2385,11,,,0
200019,'1179174',942,,2386,11,,,0
200019,'1179259',1142,,2387,11,,,0
200019,'1179289',1542,,2388,11,,,0
200019,'1179460',1742,,2389,11,,,0
200019,'1179585',1042,,2390,11,,,0
200019,'1179594',1342,,2391,11,,,0
200019,'1179655',1242,,2392,11,,,0
300019,'1178915',936,,2440,1,0,23 24 2 25,0,98,,2440,24,4,,0
300019,'1178996',1806,,2447,1,0,23 24 2 25,0,98,,2447,24,4,,0
300019,'1178999',706,,2448,1,0,23 24 2 25,0,98,,2448,24,4,,0
300019,'1179042',736,,2453,1,0,23 24 2 25,0,98,,2453,24,4,,0
300019,'1179065',1106,,2456,1,0,23 24 2 25,0,98,,2456,24,4,,0
300019,'1179094',804,,2458,23,4,,0
300019,'1179132',1206,,2464,1,0,23 24 2 25,0,98,,2464,24,4,,0
300019,'1179142',1506,,2465,1,0,23 24 2 25,0,98,,2465,24,4,,0
300019,'1179211',1706,,2467,1,0,23 24 2 25,0,98,,2467,24,4,,0
300019,'1179220',1006,,2468,1,0,23 24 2 25,0,98,,2468,24,4,,0
300019,'1179258',1806,,2470,1,0,23 24 2 25,0,98,,2470,24,4,,0
300019,'1179264',1306,,2471,1,0,23 24 2 25,0,98,,2471,24,4,,0
300019,'1179288',1706,,2473,1,0,23 24 2 25,0,98,,2473,24,4,,0
300019,'1179297',2206,,2475,1,0,8 9 2 25,0
300019,'1179310',1836,,2476,1,0,8 9 2 25,0
300019,'1179349',1506,,2478,1,0,23 24 2 25,0,98,,2478,24,4,,0
300019,'1179356',1606,,2480,1,0,23 24 2 25,0,98,,2480,24,4,,0
300019,'1179360',2106,,2481,1,0,23 24 2 25,0,98,,2481,24,4,,0
300019,'1179405',1206,,2486,1,0,23 24 2 25,0,98,,2486,24,4,,0
300019,'1179406',1006,,2487,1,0,23 24 2 25,0,98,,2487,24,4,,0
300019,'1179409',1536,,2488,1,0,23 24 2 25,0,98,,2488,24,4,,0
300019,'1179420',1306,,2489,1,0,23 24 2 25,0,98,,2489,24,4,,0
300019,'1179454',1406,,2492,1,0,23 24 2 25,0,98,,2492,24,4,,0
300019,'1179463',906,,2493,1,0,23 24 2 25,0,98,,2493,24,4,,0
300019,'1179467',806,,2494,1,0,23 24 2 25,0,98,,2494,24,4,,0
300019,'1179470',1106,,2495,1,0,23 24 2 25,0,98,,2495,24,4,,0
300019,'1179502',2006,,2498,1,0,23 24 2 25,0,98,,2498,24,4,,0
300019,'1179527',1906,,2500,1,0,23 24 2 25,0,98,,2500,24,4,,0
300019,'1179532',806,,2501,1,0,23 24 2 25,0,98,,2501,24,4,,0
300019,'1179554',2106,,2504,1,0,23 24 2 25,0,98,,2504,24,4,,0
300019,'1179570',1606,,2507,1,0,23 24 2 25,0,98,,2507,24,4,,0
300019,'1179580',1906,,2508,1,0,23 24 2 25,0,98,,2508,24,4,,0
300019,'1179588',1036,,2509,1,0,8 9 2 25,0
300019,'1179597',836,,2511,1,0,23 24 2 25,0,98,,2511,24,4,,0
300019,'1179607',734,,2512,23,4,,0
300019,'1179614',1406,,2513,1,0,23 24 2 25,0,98,,2513,24,4,,0
300019,'1179617',1736,,2514,1,0,23 24 2 25,0,98,,2514,24,4,,0
300019,'1179624',1636,,2516,1,0,23 24 2 25,0,98,,2516,24,4,,0
300019,'1179640',2206,,2517,1,0,8 9 2 25,0
300019,'1179643',2006,,2518,1,0,23 24 2 25,0,98,,2518,24,4,,0
300019,'1179713',906,,2521,1,0,23 24 2 25,0,98,,2521,24,4,,0
140016019,'1178912',1655,,2661,13,,,0
140016019,'1178941',755,,2662,13,,,0
140016019,'1179017',1225,,2664,13,0,8 21,0
140016019,'1179051',2155,,2665,13,,,0
140016019,'1179077',1725,,2667,13,,,0
140016019,'1179112',1855,,2668,13,,,0
140016019,'1179129',1155,,2669,13,,,0
140016019,'1179136',1455,,2670,13,,,0
140016019,'1179158',1255,,2671,13,,,0
140016019,'1179191',855,,2672,13,,,0
140016019,'1179213',955,,2673,13,,,0
140016019,'1179234',1355,,2675,13,,,0
140016019,'1179254',1125,,2676,13,0,8 21,0
140016019,'1179256',825,,2677,13,,,0
140016019,'1179267',755,,2678,13,,,0
140016019,'1179284',1855,,2679,13,,,0
140016019,'1179299',2155,,2681,13,,,0
140016019,'1179304',1255,,2682,13,,,0
140016019,'1179312',1555,,2683,13,,,0
140016019,'1179318',1755,,2684,13,,,0
140016019,'1179330',1955,,2685,13,,,0
140016019,'1179333',1355,,2686,13,,,0
140016019,'1179351',925,,2687,13,0,8 21,0
140016019,'1179357',1055,,2688,13,,,0
140016019,'1179371',1455,,2689,13,,,0
140016019,'1179389',1625,,2690,13,,,0
140016019,'1179416',1555,,2691,13,,,0
140016019,'1179464',2055,,2693,13,,,0
140016019,'1179475',855,,2694,13,,,0
140016019,'1179481',1655,,2695,13,,,0
140016019,'1179503',1425,,2696,13,0,8 21,0
140016019,'1179517',1525,,2697,13,,,0
140016019,'1179520',1955,,2698,13,,,0
140016019,'1179536',725,,2699,13,,,0
140016019,'1179538',655,,2700,13,,,0
140016019,'1179562',1325,,2701,13,0,8 21,0
140016019,'1179569',1825,,2702,13,0,8 21,0
140016019,'1179601',2055,,2703,13,,,0
140016019,'1179604',1055,,2704,13,,,0
140016019,'1179627',1155,,2705,13,,,0
140016019,'1179663',955,,2706,13,,,0
140016019,'1179681',1025,,2707,13,0,8 21,0
140016019,'1179687',1755,,2708,13,,,0
