200019,'1179038',1510,,2384,26,,,0
200019,'1179081',1710,,2385,26,,,0
200019,'1179174',1010,,2386,26,,,0
200019,'1179259',1210,,2387,26,,,0
200019,'1179289',1610,,2388,26,,,0
200019,'1179460',1802,,2389,26,,,0
200019,'1179585',1110,,2390,26,,,0
200019,'1179594',1410,,2391,26,,,0
200019,'1179655',1310,,2392,26,,,0
190015019,'1178937',1123,,2803,13,,,0
190015019,'1178938',2253,,2804,13,0,12,0
190015019,'1178958',953,,2805,13,,,0
190015019,'1178960',1053,,2806,13,,,0
190015019,'1178991',2153,,2807,13,0,12,0
190015019,'1179018',1353,,2808,13,,,0
190015019,'1179054',1253,,2809,13,,,0
190015019,'1179073',1323,,2810,13,,,0
190015019,'1179089',1153,,2812,13,,,0
190015019,'1179095',1653,,2813,13,,,0
190015019,'1179126',1753,,2814,13,,,0
190015019,'1179130',1553,,2815,13,,,0
190015019,'1179152',923,,2816,13,,,0
190015019,'1179165',2153,,2817,13,0,12,0
190015019,'1179169',953,,2818,13,,,0
190015019,'1179170',753,,2819,13,,,0
190015019,'1179189',753,,2820,13,,,0
190015019,'1179226',1753,,2821,13,,,0
190015019,'1179241',1823,,2822,13,0,12,0
190015019,'1179257',2053,,2823,13,,,0
190015019,'1179260',1653,,2824,13,,,0
190015019,'1179269',2253,,2825,13,0,12,0
190015019,'1179280',1453,,2826,13,,,0
190015019,'1179329',1623,,2827,13,,,0
190015019,'1179378',1953,,2828,13,,,0
190015019,'1179382',1723,,2829,13,,,0
190015019,'1179400',1853,,2830,13,,,0
190015019,'1179414',1453,,2831,13,,,0
190015019,'1179456',1523,,2832,13,,,0
190015019,'1179465',1553,,2833,13,,,0
190015019,'1179466',853,,2834,13,,,0
190015019,'1179468',1953,,2835,13,,,0
190015019,'1179480',1253,,2836,13,,,0
190015019,'1179489',1223,,2837,13,,,0
190015019,'1179491',1053,,2838,13,,,0
190015019,'1179501',1023,,2839,13,,,0
190015019,'1179525',653,,2840,13,,,0
190015019,'1179560',2053,,2841,13,,,0
190015019,'1179563',1353,,2842,13,,,0
190015019,'1179576',1853,,2843,13,,,0
190015019,'1179602',823,,2844,13,,,0
190015019,'1179633',723,,2845,13,,,0
190015019,'1179652',853,,2847,13,,,0
190015019,'1179679',1423,,2848,13,,,0
190015019,'1179703',1153,,2849,13,,,0
190015019,'1179716',653,,2850,13,,,0
