200019,'1179038',1440,,2384,10,,,0
200019,'1179081',1640,,2385,10,,,0
200019,'1179174',940,,2386,10,,,0
200019,'1179259',1140,,2387,10,,,0
200019,'1179289',1540,,2388,10,,,0
200019,'1179460',1740,,2389,10,,,0
200019,'1179585',1040,,2390,10,,,0
200019,'1179594',1340,,2391,10,,,0
200019,'1179655',1240,,2392,10,,,0
140016019,'1178912',1654,,2661,12,,,0
140016019,'1178941',754,,2662,12,,,0
140016019,'1179017',1224,,2664,12,0,8 21,0
140016019,'1179051',2154,,2665,12,,,0
140016019,'1179077',1724,,2667,12,,,0
140016019,'1179112',1854,,2668,12,,,0
140016019,'1179129',1154,,2669,12,,,0
140016019,'1179136',1454,,2670,12,,,0
140016019,'1179158',1254,,2671,12,,,0
140016019,'1179191',854,,2672,12,,,0
140016019,'1179213',954,,2673,12,,,0
140016019,'1179234',1354,,2675,12,,,0
140016019,'1179254',1124,,2676,12,0,8 21,0
140016019,'1179256',824,,2677,12,,,0
140016019,'1179267',754,,2678,12,,,0
140016019,'1179284',1854,,2679,12,,,0
140016019,'1179299',2154,,2681,12,,,0
140016019,'1179304',1254,,2682,12,,,0
140016019,'1179312',1554,,2683,12,,,0
140016019,'1179318',1754,,2684,12,,,0
140016019,'1179330',1954,,2685,12,,,0
140016019,'1179333',1354,,2686,12,,,0
140016019,'1179351',924,,2687,12,0,8 21,0
140016019,'1179357',1054,,2688,12,,,0
140016019,'1179371',1454,,2689,12,,,0
140016019,'1179389',1624,,2690,12,,,0
140016019,'1179416',1554,,2691,12,,,0
140016019,'1179464',2054,,2693,12,,,0
140016019,'1179475',854,,2694,12,,,0
140016019,'1179481',1654,,2695,12,,,0
140016019,'1179503',1424,,2696,12,0,8 21,0
140016019,'1179517',1524,,2697,12,,,0
140016019,'1179520',1954,,2698,12,,,0
140016019,'1179536',724,,2699,12,,,0
140016019,'1179538',654,,2700,12,,,0
140016019,'1179562',1324,,2701,12,0,8 21,0
140016019,'1179569',1824,,2702,12,0,8 21,0
140016019,'1179601',2054,,2703,12,,,0
140016019,'1179604',1054,,2704,12,,,0
140016019,'1179627',1154,,2705,12,,,0
140016019,'1179663',954,,2706,12,,,0
140016019,'1179681',1024,,2707,12,0,8 21,0
140016019,'1179687',1754,,2708,12,,,0
