200029,'1178971',1031,,2393,4,,,0
200029,'1179034',1631,,2394,4,,,0
200029,'1179043',1231,,2395,4,,,0
200029,'1179091',1431,,2396,4,,,0
200029,'1179198',1131,,2398,4,,,0
200029,'1179229',1715,,2399,4,,,0
200029,'1179283',1331,,2400,4,,,0
200029,'1179383',1531,,2401,4,,,0
200029,'1179689',931,,2402,4,,,0
140014019,'1178954',1625,,2614,32,,,0
140014019,'1178955',1155,,2615,32,,,0
140014019,'1178974',1025,,2616,32,,,0
140014019,'1179007',1824,,2617,32,,,0
140014019,'1179027',1525,,2618,32,,,0
140014019,'1179052',824,,2619,32,,,0
140014019,'1179079',755,,2620,32,,,0
140014019,'1179080',1524,,2621,32,,,0
140014019,'1179082',855,,2622,32,,,0
140014019,'1179084',725,,2623,32,,,0
140014019,'1179111',2225,,2624,32,,,0
140014019,'1179143',825,,2625,32,,,0
140014019,'1179200',1255,,2626,32,,,0
140014019,'1179207',1755,,2627,32,,,0
140014019,'1179221',1424,,2628,32,,,0
140014019,'1179271',1225,,2629,32,,,0
140014019,'1179298',1724,,2630,32,,,0
140014019,'1179320',1455,,2631,32,,,0
140014019,'1179323',1024,,2632,32,,,0
140014019,'1179337',624,,2633,4,,,0
140014019,'1179350',924,,2634,32,,,0
140014019,'1179353',1825,,2635,32,,,0
140014019,'1179366',2024,,2636,32,,,0
140014019,'1179392',1624,,2637,32,,,0
140014019,'1179403',1925,,2638,32,,,0
140014019,'1179417',724,,2639,11,,,0
140014019,'1179433',1425,,2640,32,,,0
140014019,'1179443',955,,2641,32,,,0
140014019,'1179446',1224,,2642,32,,,0
140014019,'1179449',1055,,2643,32,,,0
140014019,'1179493',1125,,2644,32,,,0
140014019,'1179513',625,,2645,4,,,0
140014019,'1179524',1725,,2646,32,,,0
140014019,'1179535',1355,,2647,32,,,0
140014019,'1179547',1324,,2648,32,,,0
140014019,'1179550',655,,2649,11,,,0
140014019,'1179561',1555,,2651,32,,,0
140014019,'1179577',1325,,2652,32,,,0
140014019,'1179598',2125,,2653,32,,,0
140014019,'1179600',2224,,2654,32,,,0
140014019,'1179608',1924,,2655,32,,,0
140014019,'1179636',1655,,2656,32,,,0
140014019,'1179638',925,,2657,32,,,0
140014019,'1179648',2025,,2658,32,,,0
140014019,'1179654',2124,,2659,32,,,0
140014019,'1179662',1124,,2660,32,,,0
