116019,'1178992',751,,2257,25,,,0
116019,'1178995',751,,2258,25,,,0
116019,'1179088',655,,2259,26,,,0
116019,'1179096',851,,2260,25,,,0
116019,'1179141',1451,,2261,25,,,0
116019,'1179172',1151,,2262,25,,,0
116019,'1179177',851,,2263,25,,,0
116019,'1179190',1621,,2264,25,,,0
116019,'1179215',1051,,2265,25,,,0
116019,'1179228',821,,2266,25,,,0
116019,'1179247',951,,2267,25,,,0
116019,'1179275',1551,,2268,25,,,0
116019,'1179278',1251,,2269,25,,,0
116019,'1179313',1751,,2270,25,,,0
116019,'1179314',2051,,2271,25,,,0
116019,'1179321',1151,,2272,25,,,0
116019,'1179339',725,,2273,26,,,0
116019,'1179343',1951,,2274,25,,,0
116019,'1179365',1651,,2275,25,,,0
116019,'1179381',1851,,2276,25,,,0
116019,'1179418',1655,,2277,26,,,0
116019,'1179432',1725,,2278,26,,,0
116019,'1179434',1951,,2279,25,,,0
116019,'1179439',1351,,2280,25,,,0
116019,'1179441',1451,,2281,25,,,0
116019,'1179476',1051,,2282,25,,,0
116019,'1179500',2151,,2283,25,,,0
116019,'1179515',921,,2284,25,,,0
116019,'1179584',1851,,2285,25,,,0
116019,'1179603',951,,2286,25,,,0
116019,'1179606',1821,,2287,25,,,0
116019,'1179615',1551,,2288,25,,,0
116019,'1179641',1251,,2289,25,,,0
116019,'1179653',1751,,2290,25,,,0
116019,'1179682',1351,,2291,25,,,0
116019,'1179696',2051,,2292,25,,,0
116019,'1179706',2151,,2293,25,,,0
160019,'1178943',1542,,2366,23,,,0
160019,'1178949',942,,2367,23,,,0
160019,'1178951',1342,,2368,23,,,0
160019,'1179047',1442,,2369,23,,,0
160019,'1179060',1742,,2370,23,,,0
160019,'1179205',1142,,2371,23,,,0
160019,'1179319',1242,,2372,23,,,0
160019,'1179451',1642,,2373,23,,,0
160019,'1179697',1042,,2374,23,,,0
