120019,'1178966',1327,,2294,13,,,0
120019,'1178998',1527,,2295,13,,,0
120019,'1179031',1627,,2296,13,,,0
120019,'1179149',1427,,2297,13,,,0
120019,'1179182',1127,,2298,13,,,0
120019,'1179282',927,,2299,13,,,0
120019,'1179296',1727,,2300,13,,,0
120019,'1179596',1027,,2301,13,,,0
120019,'1179628',1227,,2302,13,,,0
190013019,'1178916',1618,,2757,13,,,0
190013019,'1178919',1948,,2758,13,,,0
190013019,'1178920',1118,,2759,13,,,0
190013019,'1178929',748,,2760,13,,,0
190013019,'1178930',1648,,2761,13,,,0
190013019,'1178972',1948,,2762,13,,,0
190013019,'1178983',1218,,2763,13,,,0
190013019,'1178994',2148,,2764,13,,,0
190013019,'1178997',1148,,2765,13,,,0
190013019,'1179048',1518,,2766,13,,,0
190013019,'1179062',1548,,2767,13,,,0
190013019,'1179074',1318,,2768,13,,,0
190013019,'1179087',1248,,2769,13,,,0
190013019,'1179104',1018,,2770,13,,,0
190013019,'1179171',1818,,2771,13,0,8 21,0
190013019,'1179187',848,,2772,13,,,0
190013019,'1179202',1048,,2773,13,,,0
190013019,'1179203',948,,2774,13,,,0
190013019,'1179212',1448,,2775,13,,,0
190013019,'1179219',1248,,2776,13,,,0
190013019,'1179243',748,,2777,13,,,0
190013019,'1179287',2148,,2778,13,,,0
190013019,'1179292',1048,,2779,13,,,0
190013019,'1179300',718,,2780,13,,,0
190013019,'1179373',948,,2782,13,,,0
190013019,'1179380',1348,,2783,13,,,0
190013019,'1179402',1348,,2784,13,,,0
190013019,'1179411',1418,,2785,13,,,0
190013019,'1179457',1848,,2786,13,,,0
190013019,'1179504',648,,2787,13,,,0
190013019,'1179507',918,,2788,13,,,0
190013019,'1179509',1148,,2789,13,,,0
190013019,'1179516',1548,,2790,13,,,0
190013019,'1179531',2048,,2791,13,,,0
190013019,'1179537',848,,2792,13,,,0
190013019,'1179539',1748,,2793,13,,,0
190013019,'1179546',648,,2794,13,,,0
190013019,'1179553',1848,,2795,13,,,0
190013019,'1179591',1648,,2797,13,,,0
190013019,'1179611',1718,,2798,13,,,0
190013019,'1179635',1448,,2799,13,,,0
190013019,'1179694',818,,2800,13,,,0
190013019,'1179701',2048,,2801,13,,,0
190013019,'1179717',1748,,2802,13,,,0
