110019,'1178947',937,,2239,9,,,0
110019,'1178964',1437,,2240,9,,,0
110019,'1178973',1737,,2241,9,,,0
110019,'1179028',1537,,2242,9,,,0
110019,'1179105',1637,,2243,9,,,0
110019,'1179114',1037,,2244,9,,,0
110019,'1179176',1237,,2245,9,,,0
110019,'1179184',1337,,2246,9,,,0
110019,'1179290',1137,,2247,9,,,0
140010019,'1178914',1118,,2522,11,0,8 21,0
140010019,'1178921',1448,,2523,11,,,0
140010019,'1178922',947,,2524,11,,,0
140010019,'1178936',718,,2525,11,,,0
140010019,'1178946',2248,,2526,11,0,8 21,0
140010019,'1178979',1047,,2527,11,,,0
140010019,'1179012',747,,2528,11,,,0
140010019,'1179037',1948,,2529,11,,,0
140010019,'1179103',1547,,2530,11,,,0
140010019,'1179122',1318,,2531,11,0,8 21,0
140010019,'1179131',1148,,2532,11,,,0
140010019,'1179140',2148,,2533,11,,,0
140010019,'1179147',918,,2534,11,0,8 21,0
140010019,'1179157',648,,2535,11,,,0
140010019,'1179167',1048,,2536,11,,,0
140010019,'1179178',1747,,2537,11,,,0
140010019,'1179180',2147,,2538,11,,,0
140010019,'1179188',1447,,2539,11,,,0
140010019,'1179217',1947,,2540,11,,,0
140010019,'1179232',1518,,2541,11,0,8 21,0
140010019,'1179251',1618,,2542,11,,,0
140010019,'1179253',818,,2543,11,,,0
140010019,'1179268',1718,,2544,11,,,0
140010019,'1179270',1647,,2545,11,,,0
140010019,'1179336',848,,2547,11,,,0
140010019,'1179347',748,,2548,11,,,0
140010019,'1179361',2048,,2549,11,,,0
140010019,'1179396',2047,,2550,11,,,0
140010019,'1179408',2247,,2551,11,0,8 21,0
140010019,'1179415',1147,,2552,11,,,0
140010019,'1179445',1348,,2553,11,,,0
140010019,'1179452',1748,,2554,11,,,0
140010019,'1179453',1347,,2555,11,,,0
140010019,'1179479',1248,,2556,11,,,0
140010019,'1179483',1218,,2557,11,0,8 21,0
140010019,'1179494',1648,,2558,11,,,0
140010019,'1179496',1548,,2559,11,,,0
140010019,'1179498',1418,,2560,11,0,8 21,0
140010019,'1179544',1848,,2561,11,,,0
140010019,'1179548',1018,,2562,11,0,8 21,0
140010019,'1179613',1847,,2563,11,,,0
140010019,'1179620',847,,2564,11,,,0
140010019,'1179629',1818,,2565,11,0,8 21,0
140010019,'1179659',1247,,2566,11,,,0
140010019,'1179692',948,,2567,11,,,0
