160029,'1178957',918,,2375,33,,,0
160029,'1179098',1418,,2376,33,,,0
160029,'1179137',1618,,2377,33,,,0
160029,'1179301',1218,,2378,33,,,0
160029,'1179398',1318,,2379,33,,,0
160029,'1179410',1718,,2380,33,,,0
160029,'1179543',1118,,2381,33,,,0
160029,'1179558',1018,,2382,33,,,0
160029,'1179623',1518,,2383,33,,,0
216019,'1178924',808,,2403,35,,,0
216019,'1178948',638,,2404,35,,,0
216019,'1178963',2138,,2405,35,,,0
216019,'1178968',1238,,2406,35,,,0
216019,'1179019',1808,,2407,35,,,0
216019,'1179021',1608,,2408,35,,,0
216019,'1179029',1438,,2409,35,,,0
216019,'1179050',1538,,2410,35,,,0
216019,'1179070',1438,,2411,35,,,0
216019,'1179075',1838,,2412,35,,,0
216019,'1179116',739,,2413,36,,,0
216019,'1179123',1338,,2414,35,,,0
216019,'1179160',1739,,2415,36,,,0
216019,'1179179',2038,,2416,35,,,0
216019,'1179181',1138,,2417,35,,,0
216019,'1179199',938,,2418,35,,,0
216019,'1179206',1538,,2419,35,,,0
216019,'1179328',1038,,2420,35,,,0
216019,'1179338',1238,,2421,35,,,0
216019,'1179345',838,,2422,35,,,0
216019,'1179368',1709,,2423,36,,,0
216019,'1179369',1038,,2424,35,,,0
216019,'1179374',1639,,2425,36,,,0
216019,'1179421',1838,,2426,35,,,0
216019,'1179431',1138,,2427,35,,,0
216019,'1179458',1938,,2428,35,,,0
216019,'1179488',738,,2429,35,,,0
216019,'1179523',1338,,2430,35,,,0
216019,'1179574',2038,,2431,35,,,0
216019,'1179582',1938,,2432,35,,,0
216019,'1179605',908,,2433,35,,,0
216019,'1179647',1738,,2434,35,,,0
216019,'1179669',838,,2435,35,,,0
216019,'1179695',2138,,2436,35,,,0
216019,'1179712',709,,2437,36,,,0
216019,'1179714',938,,2438,35,,,0
216019,'1179719',1638,,2439,35,,,0
