120019,'1178966',1332,,2294,16,,,0
120019,'1178998',1532,,2295,16,,,0
120019,'1179031',1632,,2296,16,,,0
120019,'1179149',1432,,2297,16,,,0
120019,'1179182',1132,,2298,16,,,0
120019,'1179282',932,,2299,16,,,0
120019,'1179296',1732,,2300,16,,,0
120019,'1179596',1032,,2301,16,,,0
120019,'1179628',1232,,2302,16,,,0
190013019,'1178916',1621,,2757,16,,,0
190013019,'1178919',1951,,2758,16,,,0
190013019,'1178920',1121,,2759,16,,,0
190013019,'1178929',751,,2760,16,,,0
190013019,'1178930',1651,,2761,16,,,0
190013019,'1178972',1951,,2762,16,,,0
190013019,'1178983',1221,,2763,16,,,0
190013019,'1178994',2151,,2764,16,,,0
190013019,'1178997',1151,,2765,16,,,0
190013019,'1179048',1521,,2766,16,,,0
190013019,'1179062',1551,,2767,16,,,0
190013019,'1179074',1321,,2768,16,,,0
190013019,'1179087',1251,,2769,16,,,0
190013019,'1179104',1021,,2770,16,,,0
190013019,'1179171',1821,,2771,16,0,8 21,0
190013019,'1179187',851,,2772,16,,,0
190013019,'1179202',1051,,2773,16,,,0
190013019,'1179203',951,,2774,16,,,0
190013019,'1179212',1451,,2775,16,,,0
190013019,'1179219',1251,,2776,16,,,0
190013019,'1179243',751,,2777,16,,,0
190013019,'1179287',2151,,2778,16,,,0
190013019,'1179292',1051,,2779,16,,,0
190013019,'1179300',721,,2780,16,,,0
190013019,'1179373',951,,2782,16,,,0
190013019,'1179380',1351,,2783,16,,,0
190013019,'1179402',1351,,2784,16,,,0
190013019,'1179411',1421,,2785,16,,,0
190013019,'1179457',1851,,2786,16,,,0
190013019,'1179504',651,,2787,16,,,0
190013019,'1179507',921,,2788,16,,,0
190013019,'1179509',1151,,2789,16,,,0
190013019,'1179516',1551,,2790,16,,,0
190013019,'1179531',2051,,2791,16,,,0
190013019,'1179537',851,,2792,16,,,0
190013019,'1179539',1751,,2793,16,,,0
190013019,'1179546',651,,2794,16,,,0
190013019,'1179553',1851,,2795,16,,,0
190013019,'1179591',1651,,2797,16,,,0
190013019,'1179611',1721,,2798,16,,,0
190013019,'1179635',1451,,2799,16,,,0
190013019,'1179694',821,,2800,16,,,0
190013019,'1179701',2051,,2801,16,,,0
190013019,'1179717',1751,,2802,16,,,0
