120019,'1178966',1403,,2294,51,,,0
120019,'1178998',1603,,2295,51,,,0
120019,'1179031',1703,,2296,51,,,0
120019,'1179149',1503,,2297,51,,,0
120019,'1179182',1203,,2298,51,,,0
120019,'1179282',1003,,2299,51,,,0
120019,'1179296',1816,,2300,51,,,0
120019,'1179596',1103,,2301,51,,,0
120019,'1179628',1303,,2302,51,,,0
140016019,'1178912',1737,,2661,52,,,0
140016019,'1178941',837,,2662,52,,,0
140016019,'1179005',637,,2663,9,,,0
140016019,'1179051',2237,,2665,52,,,0
140016019,'1179063',737,,2666,32,,,0
140016019,'1179077',1807,,2667,52,,,0
140016019,'1179112',1937,,2668,52,,,0
140016019,'1179129',1237,,2669,52,,,0
140016019,'1179136',1537,,2670,52,,,0
140016019,'1179158',1337,,2671,52,,,0
140016019,'1179191',937,,2672,52,,,0
140016019,'1179213',1037,,2673,52,,,0
140016019,'1179225',707,,2674,9,,,0
140016019,'1179234',1437,,2675,52,,,0
140016019,'1179256',907,,2677,52,,,0
140016019,'1179267',837,,2678,52,,,0
140016019,'1179284',1937,,2679,52,,,0
140016019,'1179286',610,,2680,9,,,0
140016019,'1179299',2237,,2681,52,,,0
140016019,'1179304',1337,,2682,52,,,0
140016019,'1179312',1637,,2683,52,,,0
140016019,'1179318',1837,,2684,52,,,0
140016019,'1179330',2037,,2685,52,,,0
140016019,'1179333',1437,,2686,52,,,0
140016019,'1179357',1137,,2688,52,,,0
140016019,'1179371',1537,,2689,52,,,0
140016019,'1179389',1707,,2690,52,,,0
140016019,'1179416',1637,,2691,52,,,0
140016019,'1179440',637,,2692,9,,,0
140016019,'1179464',2137,,2693,52,,,0
140016019,'1179475',937,,2694,52,,,0
140016019,'1179481',1737,,2695,52,,,0
140016019,'1179517',1607,,2697,52,,,0
140016019,'1179520',2037,,2698,52,,,0
140016019,'1179536',807,,2699,52,,,0
140016019,'1179538',737,,2700,52,,,0
140016019,'1179601',2137,,2703,52,,,0
140016019,'1179604',1137,,2704,52,,,0
140016019,'1179627',1237,,2705,52,,,0
140016019,'1179663',1037,,2706,52,,,0
140016019,'1179687',1837,,2708,52,,,0
