130019,'1179053',1722,,2312,2,,,0
130019,'1179067',1322,,2313,2,,,0
130019,'1179069',1022,,2314,2,,,0
130019,'1179093',1122,,2315,2,,,0
130019,'1179108',1222,,2316,2,,,0
130019,'1179294',1522,,2317,2,,,0
130019,'1179386',1622,,2318,2,,,0
130019,'1179541',922,,2319,2,,,0
130019,'1179675',1422,,2320,2,,,0
300019,'1178918',1149,,2441,5,0,23 24 2 26,0
300019,'1178931',749,,2442,5,0,23 24 2 26,0
300019,'1178939',1349,,2443,5,0,23 24 2 26,0
300019,'1178975',1449,,2445,5,0,23 24 2 26,0
300019,'1178982',1649,,2446,5,0,23 24 2 26,0
300019,'1179001',719,,2449,5,0,23 24 2 26,0
300019,'1179003',1949,,2450,5,0,23 24 2 26,0
300019,'1179008',2149,,2451,5,0,8 9 2 26,0
300019,'1179030',1849,,2452,5,0,23 24 2 26,0
300019,'1179058',1049,,2455,5,0,23 24 2 26,0
300019,'1179066',1749,,2457,5,0,23 24 2 26,0
300019,'1179109',1819,,2459,5,0,8 9 2 26,0
300019,'1179110',949,,2460,5,0,23 24 2 26,0
300019,'1179115',919,,2461,5,0,23 24 2 26,0
300019,'1179121',1749,,2462,5,0,23 24 2 26,0
300019,'1179125',1949,,2463,5,0,23 24 2 26,0
300019,'1179194',819,,2466,5,0,23 24 2 26,0
300019,'1179246',749,,2469,5,0,23 24 2 26,0
300019,'1179279',849,,2472,5,0,23 24 2 26,0
300019,'1179295',2049,,2474,5,0,23 24 2 26,0
300019,'1179331',1249,,2477,5,0,23 24 2 26,0
300019,'1179355',1149,,2479,5,0,23 24 2 26,0
300019,'1179379',2149,,2482,5,0,8 9 2 26,0
300019,'1179390',1449,,2483,5,0,23 24 2 26,0
300019,'1179397',1619,,2484,5,0,23 24 2 26,0
300019,'1179404',2049,,2485,5,0,23 24 2 26,0
300019,'1179435',1549,,2490,5,0,23 24 2 26,0
300019,'1179448',1349,,2491,5,0,23 24 2 26,0
300019,'1179484',1249,,2496,5,0,23 24 2 26,0
300019,'1179490',1049,,2497,5,0,23 24 2 26,0
300019,'1179508',949,,2499,5,0,23 24 2 26,0
300019,'1179549',849,,2502,5,0,23 24 2 26,0
300019,'1179566',1649,,2505,5,0,23 24 2 26,0
300019,'1179568',1849,,2506,5,0,23 24 2 26,0
300019,'1179593',1019,,2510,5,0,8 9 2 26,0
300019,'1179622',1719,,2515,5,0,23 24 2 26,0
300019,'1179649',1549,,2519,5,0,23 24 2 26,0
140012019,'1178913',1145,,2568,2,,,0
140012019,'1178923',1145,,2569,2,,,0
140012019,'1178934',945,,2570,2,,,0
140012019,'1178935',745,,2571,2,,,0
140012019,'1178953',845,,2572,2,,,0
140012019,'1178981',645,,2573,2,,,0
140012019,'1178986',1415,,2574,2,,,0
140012019,'1179006',1315,,2575,2,,,0
140012019,'1179011',715,,2576,2,,,0
140012019,'1179015',1845,,2577,2,,,0
140012019,'1179046',845,,2578,2,,,0
140012019,'1179102',1545,,2579,2,,,0
140012019,'1179154',1345,,2580,2,,,0
140012019,'1179183',1945,,2581,2,,,0
140012019,'1179185',915,,2582,2,,,0
140012019,'1179216',2245,,2583,2,0,8 21,0
140012019,'1179230',945,,2584,2,,,0
140012019,'1179233',1545,,2585,2,,,0
140012019,'1179236',745,,2586,2,,,0
140012019,'1179238',1445,,2587,2,,,0
140012019,'1179244',2045,,2588,2,,,0
140012019,'1179245',1845,,2589,2,,,0
140012019,'1179255',1815,,2591,2,0,8 21,0
140012019,'1179261',1045,,2592,2,,,0
140012019,'1179316',1945,,2593,2,,,0
140012019,'1179325',815,,2594,2,,,0
140012019,'1179348',1245,,2595,2,,,0
140012019,'1179359',1715,,2596,2,,,0
140012019,'1179372',2145,,2597,2,,,0
140012019,'1179387',1245,,2598,2,,,0
140012019,'1179399',1115,,2599,2,,,0
140012019,'1179425',2045,,2600,2,,,0
140012019,'1179444',1615,,2601,2,,,0
140012019,'1179495',1345,,2602,2,,,0
140012019,'1179499',1515,,2603,2,,,0
140012019,'1179510',1645,,2604,2,,,0
140012019,'1179511',2145,,2605,2,,,0
140012019,'1179526',1745,,2606,2,,,0
140012019,'1179556',1045,,2607,2,,,0
140012019,'1179567',1215,,2608,2,,,0
140012019,'1179578',2245,,2609,2,0,8 21,0
140012019,'1179644',1745,,2610,2,,,0
140012019,'1179693',1015,,2611,2,,,0
140012019,'1179704',1445,,2612,2,,,0
140012019,'1179715',1645,,2613,2,,,0
