200029,'1178971',1032,,2393,7,,,0
200029,'1179034',1632,,2394,7,,,0
200029,'1179043',1232,,2395,7,,,0
200029,'1179091',1432,,2396,7,,,0
200029,'1179198',1132,,2398,7,,,0
200029,'1179229',1716,,2399,7,,,0
200029,'1179283',1332,,2400,7,,,0
200029,'1179383',1532,,2401,7,,,0
200029,'1179689',932,,2402,7,,,0
140014019,'1178954',1627,,2614,35,,,0
140014019,'1178955',1157,,2615,35,,,0
140014019,'1178974',1027,,2616,35,,,0
140014019,'1179007',1826,,2617,35,,,0
140014019,'1179027',1527,,2618,35,,,0
140014019,'1179052',826,,2619,35,,,0
140014019,'1179079',757,,2620,35,,,0
140014019,'1179080',1526,,2621,35,,,0
140014019,'1179082',857,,2622,35,,,0
140014019,'1179084',727,,2623,35,,,0
140014019,'1179111',2227,,2624,35,,,0
140014019,'1179143',827,,2625,35,,,0
140014019,'1179200',1257,,2626,35,,,0
140014019,'1179207',1757,,2627,35,,,0
140014019,'1179221',1426,,2628,35,,,0
140014019,'1179271',1227,,2629,35,,,0
140014019,'1179298',1726,,2630,35,,,0
140014019,'1179320',1457,,2631,35,,,0
140014019,'1179323',1026,,2632,35,,,0
140014019,'1179337',626,,2633,7,,,0
140014019,'1179350',926,,2634,35,,,0
140014019,'1179353',1827,,2635,35,,,0
140014019,'1179366',2026,,2636,35,,,0
140014019,'1179392',1626,,2637,35,,,0
140014019,'1179403',1927,,2638,35,,,0
140014019,'1179417',726,,2639,14,,,0
140014019,'1179433',1427,,2640,35,,,0
140014019,'1179443',957,,2641,35,,,0
140014019,'1179446',1226,,2642,35,,,0
140014019,'1179449',1057,,2643,35,,,0
140014019,'1179493',1127,,2644,35,,,0
140014019,'1179513',627,,2645,7,,,0
140014019,'1179524',1727,,2646,35,,,0
140014019,'1179535',1357,,2647,35,,,0
140014019,'1179547',1326,,2648,35,,,0
140014019,'1179550',657,,2649,14,,,0
140014019,'1179561',1557,,2651,35,,,0
140014019,'1179577',1327,,2652,35,,,0
140014019,'1179598',2127,,2653,35,,,0
140014019,'1179600',2226,,2654,35,,,0
140014019,'1179608',1926,,2655,35,,,0
140014019,'1179636',1657,,2656,35,,,0
140014019,'1179638',927,,2657,35,,,0
140014019,'1179648',2027,,2658,35,,,0
140014019,'1179654',2126,,2659,35,,,0
140014019,'1179662',1126,,2660,35,,,0
