110,110019,'1178947',2239
110,110019,'1178964',2240
110,110019,'1178973',2241
110,110019,'1179028',2242
110,110019,'1179105',2243
110,110019,'1179114',2244
110,110019,'1179176',2245
110,110019,'1179184',2246
110,110019,'1179290',2247
110,110029,'1178926',2248
110,110029,'1179044',2249
110,110029,'1179118',2250
110,110029,'1179173',2251
110,110029,'1179459',2252
110,110029,'1179534',2253
110,110029,'1179542',2254
110,110029,'1179690',2255
110,110029,'1179707',2256
116,116019,'1178992',2257
116,116019,'1178995',2258
116,116019,'1179088',2259
116,116019,'1179096',2260
116,116019,'1179141',2261
116,116019,'1179172',2262
116,116019,'1179177',2263
116,116019,'1179190',2264
116,116019,'1179215',2265
116,116019,'1179228',2266
116,116019,'1179247',2267
116,116019,'1179275',2268
116,116019,'1179278',2269
116,116019,'1179313',2270
116,116019,'1179314',2271
116,116019,'1179321',2272
116,116019,'1179339',2273
116,116019,'1179343',2274
116,116019,'1179365',2275
116,116019,'1179381',2276
116,116019,'1179418',2277
116,116019,'1179432',2278
116,116019,'1179434',2279
116,116019,'1179439',2280
116,116019,'1179441',2281
116,116019,'1179476',2282
116,116019,'1179500',2283
116,116019,'1179515',2284
116,116019,'1179584',2285
116,116019,'1179603',2286
116,116019,'1179606',2287
116,116019,'1179615',2288
116,116019,'1179641',2289
116,116019,'1179653',2290
116,116019,'1179682',2291
116,116019,'1179696',2292
116,116019,'1179706',2293
120,120019,'1178966',2294
120,120019,'1178998',2295
120,120019,'1179031',2296
120,120019,'1179149',2297
120,120019,'1179182',2298
120,120019,'1179282',2299
120,120019,'1179296',2300
120,120019,'1179596',2301
120,120019,'1179628',2302
120,120029,'1179032',2303
120,120029,'1179055',2304
120,120029,'1179056',2305
120,120029,'1179099',2306
120,120029,'1179153',2307
120,120029,'1179222',2308
120,120029,'1179429',2309
120,120029,'1179447',2310
120,120029,'1179575',2311
130,130019,'1179053',2312
130,130019,'1179067',2313
130,130019,'1179069',2314
130,130019,'1179093',2315
130,130019,'1179108',2316
130,130019,'1179294',2317
130,130019,'1179386',2318
130,130019,'1179541',2319
130,130019,'1179675',2320
130,130029,'1178925',2321
130,130029,'1178989',2322
130,130029,'1179023',2323
130,130029,'1179120',2324
130,130029,'1179168',2325
130,130029,'1179423',2326
130,130029,'1179469',2327
130,130029,'1179639',2328
130,130029,'1179657',2329
140,140019,'1178969',2330
140,140019,'1178977',2331
140,140019,'1179164',2332
140,140019,'1179344',2333
140,140019,'1179352',2334
140,140019,'1179462',2335
140,140019,'1179512',2336
140,140019,'1179518',2337
140,140019,'1179634',2338
140,140029,'1178990',2339
140,140029,'1179039',2340
140,140029,'1179106',2341
140,140029,'1179281',2342
140,140029,'1179335',2343
140,140029,'1179461',2344
140,140029,'1179478',2345
140,140029,'1179522',2346
140,140029,'1179651',2347
150,150019,'1178942',2348
150,150019,'1178956',2349
150,150019,'1178976',2350
150,150019,'1179117',2351
150,150019,'1179150',2352
150,150019,'1179341',2353
150,150019,'1179473',2354
150,150019,'1179559',2355
150,150019,'1179673',2356
150,150029,'1178980',2357
150,150029,'1179059',2358
150,150029,'1179210',2359
150,150029,'1179274',2360
150,150029,'1179311',2361
150,150029,'1179362',2362
150,150029,'1179450',2363
150,150029,'1179616',2364
150,150029,'1179674',2365
160,160019,'1178943',2366
160,160019,'1178949',2367
160,160019,'1178951',2368
160,160019,'1179047',2369
160,160019,'1179060',2370
160,160019,'1179205',2371
160,160019,'1179319',2372
160,160019,'1179451',2373
160,160019,'1179697',2374
160,160029,'1178957',2375
160,160029,'1179098',2376
160,160029,'1179137',2377
160,160029,'1179301',2378
160,160029,'1179398',2379
160,160029,'1179410',2380
160,160029,'1179543',2381
160,160029,'1179558',2382
160,160029,'1179623',2383
200,200019,'1179038',2384
200,200019,'1179081',2385
200,200019,'1179174',2386
200,200019,'1179259',2387
200,200019,'1179289',2388
200,200019,'1179460',2389
200,200019,'1179585',2390
200,200019,'1179594',2391
200,200019,'1179655',2392
200,200029,'1178971',2393
200,200029,'1179034',2394
200,200029,'1179043',2395
200,200029,'1179091',2396
200,200029,'1179144',2397
200,200029,'1179198',2398
200,200029,'1179229',2399
200,200029,'1179283',2400
200,200029,'1179383',2401
200,200029,'1179689',2402
216,216019,'1178924',2403
216,216019,'1178948',2404
216,216019,'1178963',2405
216,216019,'1178968',2406
216,216019,'1179019',2407
216,216019,'1179021',2408
216,216019,'1179029',2409
216,216019,'1179050',2410
216,216019,'1179070',2411
216,216019,'1179075',2412
216,216019,'1179116',2413
216,216019,'1179123',2414
216,216019,'1179160',2415
216,216019,'1179179',2416
216,216019,'1179181',2417
216,216019,'1179199',2418
216,216019,'1179206',2419
216,216019,'1179328',2420
216,216019,'1179338',2421
216,216019,'1179345',2422
216,216019,'1179368',2423
216,216019,'1179369',2424
216,216019,'1179374',2425
216,216019,'1179421',2426
216,216019,'1179431',2427
216,216019,'1179458',2428
216,216019,'1179488',2429
216,216019,'1179523',2430
216,216019,'1179574',2431
216,216019,'1179582',2432
216,216019,'1179605',2433
216,216019,'1179647',2434
216,216019,'1179669',2435
216,216019,'1179695',2436
216,216019,'1179712',2437
216,216019,'1179714',2438
216,216019,'1179719',2439
300,300019,'1178915',2440
300,300019,'1178918',2441
300,300019,'1178931',2442
300,300019,'1178939',2443
300,300019,'1178962',2444
300,300019,'1178975',2445
300,300019,'1178982',2446
300,300019,'1178996',2447
300,300019,'1178999',2448
300,300019,'1179001',2449
300,300019,'1179003',2450
300,300019,'1179008',2451
300,300019,'1179030',2452
300,300019,'1179042',2453
300,300019,'1179049',2454
300,300019,'1179058',2455
300,300019,'1179065',2456
300,300019,'1179066',2457
300,300019,'1179094',2458
300,300019,'1179109',2459
300,300019,'1179110',2460
300,300019,'1179115',2461
300,300019,'1179121',2462
300,300019,'1179125',2463
300,300019,'1179132',2464
300,300019,'1179142',2465
300,300019,'1179194',2466
300,300019,'1179211',2467
300,300019,'1179220',2468
300,300019,'1179246',2469
300,300019,'1179258',2470
300,300019,'1179264',2471
300,300019,'1179279',2472
300,300019,'1179288',2473
300,300019,'1179295',2474
300,300019,'1179297',2475
300,300019,'1179310',2476
300,300019,'1179331',2477
300,300019,'1179349',2478
300,300019,'1179355',2479
300,300019,'1179356',2480
300,300019,'1179360',2481
300,300019,'1179379',2482
300,300019,'1179390',2483
300,300019,'1179397',2484
300,300019,'1179404',2485
300,300019,'1179405',2486
300,300019,'1179406',2487
300,300019,'1179409',2488
300,300019,'1179420',2489
300,300019,'1179435',2490
300,300019,'1179448',2491
300,300019,'1179454',2492
300,300019,'1179463',2493
300,300019,'1179467',2494
300,300019,'1179470',2495
300,300019,'1179484',2496
300,300019,'1179490',2497
300,300019,'1179502',2498
300,300019,'1179508',2499
300,300019,'1179527',2500
300,300019,'1179532',2501
300,300019,'1179549',2502
300,300019,'1179551',2503
300,300019,'1179554',2504
300,300019,'1179566',2505
300,300019,'1179568',2506
300,300019,'1179570',2507
300,300019,'1179580',2508
300,300019,'1179588',2509
300,300019,'1179593',2510
300,300019,'1179597',2511
300,300019,'1179607',2512
300,300019,'1179614',2513
300,300019,'1179617',2514
300,300019,'1179622',2515
300,300019,'1179624',2516
300,300019,'1179640',2517
300,300019,'1179643',2518
300,300019,'1179649',2519
300,300019,'1179671',2520
300,300019,'1179713',2521
140010,140010019,'1178914',2522
140010,140010019,'1178921',2523
140010,140010019,'1178922',2524
140010,140010019,'1178936',2525
140010,140010019,'1178946',2526
140010,140010019,'1178979',2527
140010,140010019,'1179012',2528
140010,140010019,'1179037',2529
140010,140010019,'1179103',2530
140010,140010019,'1179122',2531
140010,140010019,'1179131',2532
140010,140010019,'1179140',2533
140010,140010019,'1179147',2534
140010,140010019,'1179157',2535
140010,140010019,'1179167',2536
140010,140010019,'1179178',2537
140010,140010019,'1179180',2538
140010,140010019,'1179188',2539
140010,140010019,'1179217',2540
140010,140010019,'1179232',2541
140010,140010019,'1179251',2542
140010,140010019,'1179253',2543
140010,140010019,'1179268',2544
140010,140010019,'1179270',2545
140010,140010019,'1179302',2546
140010,140010019,'1179336',2547
140010,140010019,'1179347',2548
140010,140010019,'1179361',2549
140010,140010019,'1179396',2550
140010,140010019,'1179408',2551
140010,140010019,'1179415',2552
140010,140010019,'1179445',2553
140010,140010019,'1179452',2554
140010,140010019,'1179453',2555
140010,140010019,'1179479',2556
140010,140010019,'1179483',2557
140010,140010019,'1179494',2558
140010,140010019,'1179496',2559
140010,140010019,'1179498',2560
140010,140010019,'1179544',2561
140010,140010019,'1179548',2562
140010,140010019,'1179613',2563
140010,140010019,'1179620',2564
140010,140010019,'1179629',2565
140010,140010019,'1179659',2566
140010,140010019,'1179692',2567
140012,140012019,'1178913',2568
140012,140012019,'1178923',2569
140012,140012019,'1178934',2570
140012,140012019,'1178935',2571
140012,140012019,'1178953',2572
140012,140012019,'1178981',2573
140012,140012019,'1178986',2574
140012,140012019,'1179006',2575
140012,140012019,'1179011',2576
140012,140012019,'1179015',2577
140012,140012019,'1179046',2578
140012,140012019,'1179102',2579
140012,140012019,'1179154',2580
140012,140012019,'1179183',2581
140012,140012019,'1179185',2582
140012,140012019,'1179216',2583
140012,140012019,'1179230',2584
140012,140012019,'1179233',2585
140012,140012019,'1179236',2586
140012,140012019,'1179238',2587
140012,140012019,'1179244',2588
140012,140012019,'1179245',2589
140012,140012019,'1179250',2590
140012,140012019,'1179255',2591
140012,140012019,'1179261',2592
140012,140012019,'1179316',2593
140012,140012019,'1179325',2594
140012,140012019,'1179348',2595
140012,140012019,'1179359',2596
140012,140012019,'1179372',2597
140012,140012019,'1179387',2598
140012,140012019,'1179399',2599
140012,140012019,'1179425',2600
140012,140012019,'1179444',2601
140012,140012019,'1179495',2602
140012,140012019,'1179499',2603
140012,140012019,'1179510',2604
140012,140012019,'1179511',2605
140012,140012019,'1179526',2606
140012,140012019,'1179556',2607
140012,140012019,'1179567',2608
140012,140012019,'1179578',2609
140012,140012019,'1179644',2610
140012,140012019,'1179693',2611
140012,140012019,'1179704',2612
140012,140012019,'1179715',2613
140014,140014019,'1178954',2614
140014,140014019,'1178955',2615
140014,140014019,'1178974',2616
140014,140014019,'1179007',2617
140014,140014019,'1179027',2618
140014,140014019,'1179052',2619
140014,140014019,'1179079',2620
140014,140014019,'1179080',2621
140014,140014019,'1179082',2622
140014,140014019,'1179084',2623
140014,140014019,'1179111',2624
140014,140014019,'1179143',2625
140014,140014019,'1179200',2626
140014,140014019,'1179207',2627
140014,140014019,'1179221',2628
140014,140014019,'1179271',2629
140014,140014019,'1179298',2630
140014,140014019,'1179320',2631
140014,140014019,'1179323',2632
140014,140014019,'1179337',2633
140014,140014019,'1179350',2634
140014,140014019,'1179353',2635
140014,140014019,'1179366',2636
140014,140014019,'1179392',2637
140014,140014019,'1179403',2638
140014,140014019,'1179417',2639
140014,140014019,'1179433',2640
140014,140014019,'1179443',2641
140014,140014019,'1179446',2642
140014,140014019,'1179449',2643
140014,140014019,'1179493',2644
140014,140014019,'1179513',2645
140014,140014019,'1179524',2646
140014,140014019,'1179535',2647
140014,140014019,'1179547',2648
140014,140014019,'1179550',2649
140014,140014019,'1179557',2650
140014,140014019,'1179561',2651
140014,140014019,'1179577',2652
140014,140014019,'1179598',2653
140014,140014019,'1179600',2654
140014,140014019,'1179608',2655
140014,140014019,'1179636',2656
140014,140014019,'1179638',2657
140014,140014019,'1179648',2658
140014,140014019,'1179654',2659
140014,140014019,'1179662',2660
140016,140016019,'1178912',2661
140016,140016019,'1178941',2662
140016,140016019,'1179005',2663
140016,140016019,'1179017',2664
140016,140016019,'1179051',2665
140016,140016019,'1179063',2666
140016,140016019,'1179077',2667
140016,140016019,'1179112',2668
140016,140016019,'1179129',2669
140016,140016019,'1179136',2670
140016,140016019,'1179158',2671
140016,140016019,'1179191',2672
140016,140016019,'1179213',2673
140016,140016019,'1179225',2674
140016,140016019,'1179234',2675
140016,140016019,'1179254',2676
140016,140016019,'1179256',2677
140016,140016019,'1179267',2678
140016,140016019,'1179284',2679
140016,140016019,'1179286',2680
140016,140016019,'1179299',2681
140016,140016019,'1179304',2682
140016,140016019,'1179312',2683
140016,140016019,'1179318',2684
140016,140016019,'1179330',2685
140016,140016019,'1179333',2686
140016,140016019,'1179351',2687
140016,140016019,'1179357',2688
140016,140016019,'1179371',2689
140016,140016019,'1179389',2690
140016,140016019,'1179416',2691
140016,140016019,'1179440',2692
140016,140016019,'1179464',2693
140016,140016019,'1179475',2694
140016,140016019,'1179481',2695
140016,140016019,'1179503',2696
140016,140016019,'1179517',2697
140016,140016019,'1179520',2698
140016,140016019,'1179536',2699
140016,140016019,'1179538',2700
140016,140016019,'1179562',2701
140016,140016019,'1179569',2702
140016,140016019,'1179601',2703
140016,140016019,'1179604',2704
140016,140016019,'1179627',2705
140016,140016019,'1179663',2706
140016,140016019,'1179681',2707
140016,140016019,'1179687',2708
190011,190011019,'1178945',2709
190011,190011019,'1178950',2710
190011,190011019,'1178970',2711
190011,190011019,'1179009',2712
190011,190011019,'1179040',2713
190011,190011019,'1179064',2714
190011,190011019,'1179145',2715
190011,190011019,'1179146',2716
190011,190011019,'1179159',2717
190011,190011019,'1179162',2718
190011,190011019,'1179163',2719
190011,190011019,'1179248',2720
190011,190011019,'1179252',2721
190011,190011019,'1179276',2722
190011,190011019,'1179307',2723
190011,190011019,'1179317',2724
190011,190011019,'1179332',2725
190011,190011019,'1179340',2726
190011,190011019,'1179367',2727
190011,190011019,'1179375',2728
190011,190011019,'1179393',2729
190011,190011019,'1179394',2730
190011,190011019,'1179412',2731
190011,190011019,'1179413',2732
190011,190011019,'1179424',2733
190011,190011019,'1179426',2734
190011,190011019,'1179430',2735
190011,190011019,'1179437',2736
190011,190011019,'1179438',2737
190011,190011019,'1179442',2738
190011,190011019,'1179477',2739
190011,190011019,'1179521',2740
190011,190011019,'1179528',2741
190011,190011019,'1179530',2742
190011,190011019,'1179555',2743
190011,190011019,'1179572',2744
190011,190011019,'1179590',2745
190011,190011019,'1179619',2746
190011,190011019,'1179642',2747
190011,190011019,'1179650',2748
190011,190011019,'1179665',2749
190011,190011019,'1179666',2750
190011,190011019,'1179672',2751
190011,190011019,'1179677',2752
190011,190011019,'1179678',2753
190011,190011019,'1179688',2754
190011,190011019,'1179700',2755
190011,190011019,'1179709',2756
190013,190013019,'1178916',2757
190013,190013019,'1178919',2758
190013,190013019,'1178920',2759
190013,190013019,'1178929',2760
190013,190013019,'1178930',2761
190013,190013019,'1178972',2762
190013,190013019,'1178983',2763
190013,190013019,'1178994',2764
190013,190013019,'1178997',2765
190013,190013019,'1179048',2766
190013,190013019,'1179062',2767
190013,190013019,'1179074',2768
190013,190013019,'1179087',2769
190013,190013019,'1179104',2770
190013,190013019,'1179171',2771
190013,190013019,'1179187',2772
190013,190013019,'1179202',2773
190013,190013019,'1179203',2774
190013,190013019,'1179212',2775
190013,190013019,'1179219',2776
190013,190013019,'1179243',2777
190013,190013019,'1179287',2778
190013,190013019,'1179292',2779
190013,190013019,'1179300',2780
190013,190013019,'1179354',2781
190013,190013019,'1179373',2782
190013,190013019,'1179380',2783
190013,190013019,'1179402',2784
190013,190013019,'1179411',2785
190013,190013019,'1179457',2786
190013,190013019,'1179504',2787
190013,190013019,'1179507',2788
190013,190013019,'1179509',2789
190013,190013019,'1179516',2790
190013,190013019,'1179531',2791
190013,190013019,'1179537',2792
190013,190013019,'1179539',2793
190013,190013019,'1179546',2794
190013,190013019,'1179553',2795
190013,190013019,'1179581',2796
190013,190013019,'1179591',2797
190013,190013019,'1179611',2798
190013,190013019,'1179635',2799
190013,190013019,'1179694',2800
190013,190013019,'1179701',2801
190013,190013019,'1179717',2802
190015,190015019,'1178937',2803
190015,190015019,'1178938',2804
190015,190015019,'1178958',2805
190015,190015019,'1178960',2806
190015,190015019,'1178991',2807
190015,190015019,'1179018',2808
190015,190015019,'1179054',2809
190015,190015019,'1179073',2810
190015,190015019,'1179083',2811
190015,190015019,'1179089',2812
190015,190015019,'1179095',2813
190015,190015019,'1179126',2814
190015,190015019,'1179130',2815
190015,190015019,'1179152',2816
190015,190015019,'1179165',2817
190015,190015019,'1179169',2818
190015,190015019,'1179170',2819
190015,190015019,'1179189',2820
190015,190015019,'1179226',2821
190015,190015019,'1179241',2822
190015,190015019,'1179257',2823
190015,190015019,'1179260',2824
190015,190015019,'1179269',2825
190015,190015019,'1179280',2826
190015,190015019,'1179329',2827
190015,190015019,'1179378',2828
190015,190015019,'1179382',2829
190015,190015019,'1179400',2830
190015,190015019,'1179414',2831
190015,190015019,'1179456',2832
190015,190015019,'1179465',2833
190015,190015019,'1179466',2834
190015,190015019,'1179468',2835
190015,190015019,'1179480',2836
190015,190015019,'1179489',2837
190015,190015019,'1179491',2838
190015,190015019,'1179501',2839
190015,190015019,'1179525',2840
190015,190015019,'1179560',2841
190015,190015019,'1179563',2842
190015,190015019,'1179576',2843
190015,190015019,'1179602',2844
190015,190015019,'1179633',2845
190015,190015019,'1179637',2846
190015,190015019,'1179652',2847
190015,190015019,'1179679',2848
190015,190015019,'1179703',2849
190015,190015019,'1179716',2850
190017,190017019,'1178928',2851
190017,190017019,'1178932',2852
190017,190017019,'1178967',2853
190017,190017019,'1179000',2854
190017,190017019,'1179014',2855
190017,190017019,'1179016',2856
190017,190017019,'1179057',2857
190017,190017019,'1179076',2858
190017,190017019,'1179092',2859
190017,190017019,'1179124',2860
190017,190017019,'1179128',2861
190017,190017019,'1179133',2862
190017,190017019,'1179151',2863
190017,190017019,'1179161',2864
190017,190017019,'1179166',2865
190017,190017019,'1179196',2866
190017,190017019,'1179242',2867
190017,190017019,'1179273',2868
190017,190017019,'1179277',2869
190017,190017019,'1179293',2870
190017,190017019,'1179306',2871
190017,190017019,'1179309',2872
190017,190017019,'1179327',2873
190017,190017019,'1179377',2874
190017,190017019,'1179384',2875
190017,190017019,'1179385',2876
190017,190017019,'1179401',2877
190017,190017019,'1179427',2878
190017,190017019,'1179455',2879
190017,190017019,'1179492',2880
190017,190017019,'1179519',2881
190017,190017019,'1179529',2882
190017,190017019,'1179533',2883
190017,190017019,'1179565',2884
190017,190017019,'1179573',2885
190017,190017019,'1179579',2886
190017,190017019,'1179599',2887
190017,190017019,'1179610',2888
190017,190017019,'1179621',2889
190017,190017019,'1179625',2890
190017,190017019,'1179626',2891
190017,190017019,'1179631',2892
190017,190017019,'1179667',2893
190017,190017019,'1179680',2894
190017,190017019,'1179683',2895
190017,190017019,'1179686',2896
190017,190017019,'1179699',2897
190017,190017019,'1179710',2898
