110029,'1178926',1308,,2248,25,,,0
110029,'1179044',908,,2249,25,,,0
110029,'1179118',1108,,2250,25,,,0
110029,'1179173',1208,,2251,25,,,0
110029,'1179459',1708,,2252,25,,,0
110029,'1179534',1408,,2253,25,,,0
110029,'1179542',1608,,2254,25,,,0
110029,'1179690',1008,,2255,25,,,0
110029,'1179707',1508,,2256,25,,,0
190011019,'1178945',1601,,2709,25,,,0
190011019,'1178950',801,,2710,49,,,0
190011019,'1178970',1931,,2711,49,,,0
190011019,'1179040',2131,,2713,49,,,0
190011019,'1179064',1101,,2714,25,,,0
190011019,'1179145',931,,2715,49,,,0
190011019,'1179146',1201,,2716,25,,,0
190011019,'1179159',1831,,2717,49,,,0
190011019,'1179163',831,,2719,49,,,0
190011019,'1179248',731,,2720,49,,,0
190011019,'1179252',1831,,2721,49,,,0
190011019,'1179276',2031,,2722,49,,,0
190011019,'1179307',731,,2723,49,,,0
190011019,'1179317',1301,,2724,25,,,0
190011019,'1179332',1131,,2725,50,,,0
190011019,'1179340',931,,2726,49,,,0
190011019,'1179367',1801,,2727,49,,,0
190011019,'1179375',1501,,2728,25,,,0
190011019,'1179393',1701,,2729,25,,,0
190011019,'1179394',2231,,2730,49,,,0
190011019,'1179413',1331,,2732,50,,,0
190011019,'1179424',2231,,2733,49,,,0
190011019,'1179426',1431,,2734,50,,,0
190011019,'1179430',1631,,2735,50,,,0
190011019,'1179437',1131,,2736,50,,,0
190011019,'1179438',1631,,2737,50,,,0
190011019,'1179442',1931,,2738,49,,,0
190011019,'1179477',831,,2739,49,,,0
190011019,'1179521',1431,,2740,50,,,0
190011019,'1179528',1231,,2741,50,,,0
190011019,'1179530',701,,2742,25,,,0
190011019,'1179555',2031,,2743,49,,,0
190011019,'1179572',1231,,2744,50,,,0
190011019,'1179590',1531,,2745,50,,,0
190011019,'1179619',1731,,2746,49,,,0
190011019,'1179642',1031,,2747,49,,,0
190011019,'1179650',1331,,2748,50,,,0
190011019,'1179665',631,,2749,28,,,0
190011019,'1179666',901,,2750,49,,,0
190011019,'1179672',1401,,2751,25,,,0
190011019,'1179677',2131,,2752,49,,,0
190011019,'1179678',1001,,2753,49,,,0
190011019,'1179688',1731,,2754,49,,,0
190011019,'1179700',1531,,2755,50,,,0
190011019,'1179709',1031,,2756,49,,,0
