190011019,'1178950',729,,2710,20,,,0
190011019,'1178970',1859,,2711,20,,,0
190011019,'1179009',1829,,2712,20,0,8 21,0
190011019,'1179040',2059,,2713,20,,,0
190011019,'1179145',859,,2715,20,,,0
190011019,'1179159',1759,,2717,20,,,0
190011019,'1179162',2254,,2718,20,0,12,0
190011019,'1179163',759,,2719,20,,,0
190011019,'1179248',659,,2720,20,,,0
190011019,'1179252',1759,,2721,20,,,0
190011019,'1179276',1959,,2722,20,,,0
190011019,'1179307',659,,2723,20,,,0
190011019,'1179332',1100,,2725,21,,,0
190011019,'1179340',859,,2726,20,,,0
190011019,'1179367',1729,,2727,20,,,0
190011019,'1179394',2159,,2730,20,,,0
190011019,'1179412',2254,,2731,20,0,12,0
190011019,'1179413',1300,,2732,21,,,0
190011019,'1179424',2159,,2733,20,,,0
190011019,'1179426',1400,,2734,21,,,0
190011019,'1179430',1600,,2735,21,,,0
190011019,'1179437',1100,,2736,21,,,0
190011019,'1179438',1600,,2737,21,,,0
190011019,'1179442',1859,,2738,20,,,0
190011019,'1179477',759,,2739,20,,,0
190011019,'1179521',1400,,2740,21,,,0
190011019,'1179528',1200,,2741,21,,,0
190011019,'1179555',1959,,2743,20,,,0
190011019,'1179572',1200,,2744,21,,,0
190011019,'1179590',1500,,2745,21,,,0
190011019,'1179619',1659,,2746,20,,,0
190011019,'1179642',959,,2747,20,,,0
190011019,'1179650',1300,,2748,21,,,0
190011019,'1179666',829,,2750,20,,,0
190011019,'1179677',2059,,2752,20,,,0
190011019,'1179678',929,,2753,20,,,0
190011019,'1179688',1659,,2754,20,,,0
190011019,'1179700',1500,,2755,21,,,0
190011019,'1179709',959,,2756,20,,,0
