120029,'1179032',1558,,2303,38,,,0
120029,'1179055',1358,,2304,38,,,0
120029,'1179056',1658,,2305,38,,,0
120029,'1179099',1811,,2306,38,,,0
120029,'1179153',958,,2307,38,,,0
120029,'1179222',1458,,2308,38,,,0
120029,'1179429',1158,,2309,38,,,0
120029,'1179447',1058,,2310,38,,,0
120029,'1179575',1258,,2311,38,,,0
140012019,'1178913',1227,,2568,42,,,0
140012019,'1178923',1227,,2569,42,,,0
140012019,'1178934',1027,,2570,42,,,0
140012019,'1178935',827,,2571,42,,,0
140012019,'1178953',927,,2572,42,,,0
140012019,'1178981',727,,2573,42,,,0
140012019,'1178986',1457,,2574,42,,,0
140012019,'1179006',1357,,2575,42,,,0
140012019,'1179011',757,,2576,42,,,0
140012019,'1179015',1927,,2577,42,,,0
140012019,'1179046',927,,2578,42,,,0
140012019,'1179102',1627,,2579,42,,,0
140012019,'1179154',1427,,2580,42,,,0
140012019,'1179183',2027,,2581,42,,,0
140012019,'1179185',957,,2582,42,,,0
140012019,'1179230',1027,,2584,42,,,0
140012019,'1179233',1627,,2585,42,,,0
140012019,'1179236',827,,2586,42,,,0
140012019,'1179238',1527,,2587,42,,,0
140012019,'1179244',2127,,2588,42,,,0
140012019,'1179245',1927,,2589,42,,,0
140012019,'1179250',727,,2590,20,,,0
140012019,'1179261',1127,,2592,42,,,0
140012019,'1179316',2027,,2593,42,,,0
140012019,'1179325',857,,2594,42,,,0
140012019,'1179348',1327,,2595,42,,,0
140012019,'1179359',1757,,2596,42,,,0
140012019,'1179372',2227,,2597,42,,,0
140012019,'1179387',1327,,2598,42,,,0
140012019,'1179399',1157,,2599,42,,,0
140012019,'1179425',2127,,2600,42,,,0
140012019,'1179444',1657,,2601,42,,,0
140012019,'1179495',1427,,2602,42,,,0
140012019,'1179499',1557,,2603,42,,,0
140012019,'1179510',1727,,2604,42,,,0
140012019,'1179511',2227,,2605,42,,,0
140012019,'1179526',1827,,2606,42,,,0
140012019,'1179556',1127,,2607,42,,,0
140012019,'1179567',1257,,2608,42,,,0
140012019,'1179644',1827,,2610,42,,,0
140012019,'1179693',1057,,2611,42,,,0
140012019,'1179704',1527,,2612,42,,,0
140012019,'1179715',1727,,2613,42,,,0
