120019,'1178966',1359,,2294,45,,,0
120019,'1178998',1559,,2295,45,,,0
120019,'1179031',1659,,2296,45,,,0
120019,'1179149',1459,,2297,45,,,0
120019,'1179182',1159,,2298,45,,,0
120019,'1179282',959,,2299,45,,,0
120019,'1179296',1812,,2300,45,,,0
120019,'1179596',1059,,2301,45,,,0
120019,'1179628',1259,,2302,45,,,0
140016019,'1178912',1733,,2661,46,,,0
140016019,'1178941',833,,2662,46,,,0
140016019,'1179005',633,,2663,3,,,0
140016019,'1179051',2233,,2665,46,,,0
140016019,'1179063',733,,2666,26,,,0
140016019,'1179077',1803,,2667,46,,,0
140016019,'1179112',1933,,2668,46,,,0
140016019,'1179129',1233,,2669,46,,,0
140016019,'1179136',1533,,2670,46,,,0
140016019,'1179158',1333,,2671,46,,,0
140016019,'1179191',933,,2672,46,,,0
140016019,'1179213',1033,,2673,46,,,0
140016019,'1179225',703,,2674,3,,,0
140016019,'1179234',1433,,2675,46,,,0
140016019,'1179256',903,,2677,46,,,0
140016019,'1179267',833,,2678,46,,,0
140016019,'1179284',1933,,2679,46,,,0
140016019,'1179286',606,,2680,3,,,0
140016019,'1179299',2233,,2681,46,,,0
140016019,'1179304',1333,,2682,46,,,0
140016019,'1179312',1633,,2683,46,,,0
140016019,'1179318',1833,,2684,46,,,0
140016019,'1179330',2033,,2685,46,,,0
140016019,'1179333',1433,,2686,46,,,0
140016019,'1179357',1133,,2688,46,,,0
140016019,'1179371',1533,,2689,46,,,0
140016019,'1179389',1703,,2690,46,,,0
140016019,'1179416',1633,,2691,46,,,0
140016019,'1179440',633,,2692,3,,,0
140016019,'1179464',2133,,2693,46,,,0
140016019,'1179475',933,,2694,46,,,0
140016019,'1179481',1733,,2695,46,,,0
140016019,'1179517',1603,,2697,46,,,0
140016019,'1179520',2033,,2698,46,,,0
140016019,'1179536',803,,2699,46,,,0
140016019,'1179538',733,,2700,46,,,0
140016019,'1179601',2133,,2703,46,,,0
140016019,'1179604',1133,,2704,46,,,0
140016019,'1179627',1233,,2705,46,,,0
140016019,'1179663',1033,,2706,46,,,0
140016019,'1179687',1833,,2708,46,,,0
