200019,'1179038',1443,,2384,12,,,0
200019,'1179081',1643,,2385,12,,,0
200019,'1179174',943,,2386,12,,,0
200019,'1179259',1143,,2387,12,,,0
200019,'1179289',1543,,2388,12,,,0
200019,'1179460',1743,,2389,12,,,0
200019,'1179585',1043,,2390,12,,,0
200019,'1179594',1343,,2391,12,,,0
200019,'1179655',1243,,2392,12,,,0
140016019,'1178912',1656,,2661,14,,,0
140016019,'1178941',756,,2662,14,,,0
140016019,'1179017',1226,,2664,14,0,8 21,0
140016019,'1179051',2156,,2665,14,,,0
140016019,'1179077',1726,,2667,14,,,0
140016019,'1179112',1856,,2668,14,,,0
140016019,'1179129',1156,,2669,14,,,0
140016019,'1179136',1456,,2670,14,,,0
140016019,'1179158',1256,,2671,14,,,0
140016019,'1179191',856,,2672,14,,,0
140016019,'1179213',956,,2673,14,,,0
140016019,'1179234',1356,,2675,14,,,0
140016019,'1179254',1126,,2676,14,0,8 21,0
140016019,'1179256',826,,2677,14,,,0
140016019,'1179267',756,,2678,14,,,0
140016019,'1179284',1856,,2679,14,,,0
140016019,'1179299',2156,,2681,14,,,0
140016019,'1179304',1256,,2682,14,,,0
140016019,'1179312',1556,,2683,14,,,0
140016019,'1179318',1756,,2684,14,,,0
140016019,'1179330',1956,,2685,14,,,0
140016019,'1179333',1356,,2686,14,,,0
140016019,'1179351',926,,2687,14,0,8 21,0
140016019,'1179357',1056,,2688,14,,,0
140016019,'1179371',1456,,2689,14,,,0
140016019,'1179389',1626,,2690,14,,,0
140016019,'1179416',1556,,2691,14,,,0
140016019,'1179464',2056,,2693,14,,,0
140016019,'1179475',856,,2694,14,,,0
140016019,'1179481',1656,,2695,14,,,0
140016019,'1179503',1426,,2696,14,0,8 21,0
140016019,'1179517',1526,,2697,14,,,0
140016019,'1179520',1956,,2698,14,,,0
140016019,'1179536',726,,2699,14,,,0
140016019,'1179538',656,,2700,14,,,0
140016019,'1179562',1326,,2701,14,0,8 21,0
140016019,'1179569',1826,,2702,14,0,8 21,0
140016019,'1179601',2056,,2703,14,,,0
140016019,'1179604',1056,,2704,14,,,0
140016019,'1179627',1156,,2705,14,,,0
140016019,'1179663',956,,2706,14,,,0
140016019,'1179681',1026,,2707,14,0,8 21,0
140016019,'1179687',1756,,2708,14,,,0
