120019,'1178966',1348,,2294,28,,,0
120019,'1178998',1548,,2295,28,,,0
120019,'1179031',1648,,2296,28,,,0
120019,'1179149',1448,,2297,28,,,0
120019,'1179182',1148,,2298,28,,,0
120019,'1179282',948,,2299,28,,,0
120019,'1179296',1801,,2300,28,,,0
120019,'1179596',1048,,2301,28,,,0
120019,'1179628',1248,,2302,28,,,0
140016019,'1178912',1722,,2661,29,,,0
140016019,'1178941',822,,2662,29,,,0
140016019,'1179051',2222,,2665,29,,,0
140016019,'1179063',722,,2666,9,,,0
140016019,'1179077',1752,,2667,29,,,0
140016019,'1179112',1922,,2668,29,,,0
140016019,'1179129',1222,,2669,29,,,0
140016019,'1179136',1522,,2670,29,,,0
140016019,'1179158',1322,,2671,29,,,0
140016019,'1179191',922,,2672,29,,,0
140016019,'1179213',1022,,2673,29,,,0
140016019,'1179234',1422,,2675,29,,,0
140016019,'1179256',852,,2677,29,,,0
140016019,'1179267',822,,2678,29,,,0
140016019,'1179284',1922,,2679,29,,,0
140016019,'1179299',2222,,2681,29,,,0
140016019,'1179304',1322,,2682,29,,,0
140016019,'1179312',1622,,2683,29,,,0
140016019,'1179318',1822,,2684,29,,,0
140016019,'1179330',2022,,2685,29,,,0
140016019,'1179333',1422,,2686,29,,,0
140016019,'1179357',1122,,2688,29,,,0
140016019,'1179371',1522,,2689,29,,,0
140016019,'1179389',1652,,2690,29,,,0
140016019,'1179416',1622,,2691,29,,,0
140016019,'1179464',2122,,2693,29,,,0
140016019,'1179475',922,,2694,29,,,0
140016019,'1179481',1722,,2695,29,,,0
140016019,'1179517',1552,,2697,29,,,0
140016019,'1179520',2022,,2698,29,,,0
140016019,'1179536',752,,2699,29,,,0
140016019,'1179538',722,,2700,29,,,0
140016019,'1179601',2122,,2703,29,,,0
140016019,'1179604',1122,,2704,29,,,0
140016019,'1179627',1222,,2705,29,,,0
140016019,'1179663',1022,,2706,29,,,0
140016019,'1179687',1822,,2708,29,,,0
