120029,'1179032',1528,,2303,19,,,0
120029,'1179055',1328,,2304,19,,,0
120029,'1179056',1628,,2305,19,,,0
120029,'1179099',1728,,2306,19,,,0
120029,'1179153',928,,2307,19,,,0
120029,'1179222',1428,,2308,19,,,0
120029,'1179429',1128,,2309,19,,,0
120029,'1179447',1028,,2310,19,,,0
120029,'1179575',1228,,2311,19,,,0
190017019,'1178928',1654,,2851,20,,,0
190017019,'1178932',924,,2852,20,,,0
190017019,'1179000',2154,,2854,20,0,8 21,0
190017019,'1179014',1824,,2855,20,0,8 21,0
190017019,'1179016',624,,2856,20,,,0
190017019,'1179057',2254,,2857,20,0,8 21,0
190017019,'1179092',654,,2859,20,,,0
190017019,'1179124',1554,,2860,20,,,0
190017019,'1179128',1054,,2861,20,,,0
190017019,'1179133',2154,,2862,20,0,8 21,0
190017019,'1179151',1854,,2863,20,,,0
190017019,'1179161',1724,,2864,20,,,0
190017019,'1179166',954,,2865,20,,,0
190017019,'1179196',654,,2866,20,,,0
190017019,'1179242',1154,,2867,20,,,0
190017019,'1179273',2054,,2868,20,,,0
190017019,'1179277',824,,2869,20,,,0
190017019,'1179293',1254,,2870,20,,,0
190017019,'1179306',1854,,2871,20,,,0
190017019,'1179327',1454,,2873,20,,,0
190017019,'1179385',754,,2876,20,,,0
190017019,'1179401',1954,,2877,20,,,0
190017019,'1179427',1254,,2878,20,,,0
190017019,'1179455',1354,,2879,20,,,0
190017019,'1179519',1754,,2881,20,,,0
190017019,'1179529',2254,,2882,20,0,8 21,0
190017019,'1179533',724,,2883,20,,,0
190017019,'1179573',1154,,2885,20,,,0
190017019,'1179579',1054,,2886,20,,,0
190017019,'1179599',2054,,2887,20,,,0
190017019,'1179610',1954,,2888,20,,,0
190017019,'1179621',854,,2889,20,,,0
190017019,'1179625',1354,,2890,20,,,0
190017019,'1179626',1624,,2891,20,,,0
190017019,'1179631',1754,,2892,20,,,0
190017019,'1179667',754,,2893,20,,,0
190017019,'1179680',1554,,2894,20,,,0
190017019,'1179683',854,,2895,20,,,0
190017019,'1179686',1454,,2896,20,,,0
190017019,'1179699',954,,2897,20,,,0
190017019,'1179710',1654,,2898,20,,,0
