120029,'1179032',1554,,2303,34,,,0
120029,'1179055',1354,,2304,34,,,0
120029,'1179056',1654,,2305,34,,,0
120029,'1179099',1807,,2306,34,,,0
120029,'1179153',954,,2307,34,,,0
120029,'1179222',1454,,2308,34,,,0
120029,'1179429',1154,,2309,34,,,0
120029,'1179447',1054,,2310,34,,,0
120029,'1179575',1254,,2311,34,,,0
140012019,'1178913',1225,,2568,38,,,0
140012019,'1178923',1225,,2569,38,,,0
140012019,'1178934',1025,,2570,38,,,0
140012019,'1178935',825,,2571,38,,,0
140012019,'1178953',925,,2572,38,,,0
140012019,'1178981',725,,2573,38,,,0
140012019,'1178986',1455,,2574,38,,,0
140012019,'1179006',1355,,2575,38,,,0
140012019,'1179011',755,,2576,38,,,0
140012019,'1179015',1925,,2577,38,,,0
140012019,'1179046',925,,2578,38,,,0
140012019,'1179102',1625,,2579,38,,,0
140012019,'1179154',1425,,2580,38,,,0
140012019,'1179183',2025,,2581,38,,,0
140012019,'1179185',955,,2582,38,,,0
140012019,'1179230',1025,,2584,38,,,0
140012019,'1179233',1625,,2585,38,,,0
140012019,'1179236',825,,2586,38,,,0
140012019,'1179238',1525,,2587,38,,,0
140012019,'1179244',2125,,2588,38,,,0
140012019,'1179245',1925,,2589,38,,,0
140012019,'1179250',725,,2590,16,,,0
140012019,'1179261',1125,,2592,38,,,0
140012019,'1179316',2025,,2593,38,,,0
140012019,'1179325',855,,2594,38,,,0
140012019,'1179348',1325,,2595,38,,,0
140012019,'1179359',1755,,2596,38,,,0
140012019,'1179372',2225,,2597,38,,,0
140012019,'1179387',1325,,2598,38,,,0
140012019,'1179399',1155,,2599,38,,,0
140012019,'1179425',2125,,2600,38,,,0
140012019,'1179444',1655,,2601,38,,,0
140012019,'1179495',1425,,2602,38,,,0
140012019,'1179499',1555,,2603,38,,,0
140012019,'1179510',1725,,2604,38,,,0
140012019,'1179511',2225,,2605,38,,,0
140012019,'1179526',1825,,2606,38,,,0
140012019,'1179556',1125,,2607,38,,,0
140012019,'1179567',1255,,2608,38,,,0
140012019,'1179644',1825,,2610,38,,,0
140012019,'1179693',1055,,2611,38,,,0
140012019,'1179704',1525,,2612,38,,,0
140012019,'1179715',1725,,2613,38,,,0
