110029,'1178926',1257,,2248,4,,,0
110029,'1179044',857,,2249,4,,,0
110029,'1179118',1057,,2250,4,,,0
110029,'1179173',1157,,2251,4,,,0
110029,'1179459',1657,,2252,4,,,0
110029,'1179534',1357,,2253,4,,,0
110029,'1179542',1557,,2254,4,,,0
110029,'1179690',957,,2255,4,,,0
110029,'1179707',1457,,2256,4,,,0
190011019,'1178945',1547,,2709,4,,,0
190011019,'1178950',747,,2710,28,,,0
190011019,'1178970',1917,,2711,28,,,0
190011019,'1179040',2117,,2713,28,,,0
190011019,'1179064',1047,,2714,4,,,0
190011019,'1179145',917,,2715,28,,,0
190011019,'1179146',1147,,2716,4,,,0
190011019,'1179159',1817,,2717,28,,,0
190011019,'1179163',817,,2719,28,,,0
190011019,'1179248',717,,2720,28,,,0
190011019,'1179252',1817,,2721,28,,,0
190011019,'1179276',2017,,2722,28,,,0
190011019,'1179307',717,,2723,28,,,0
190011019,'1179317',1247,,2724,4,,,0
190011019,'1179332',1117,,2725,29,,,0
190011019,'1179340',917,,2726,28,,,0
190011019,'1179367',1747,,2727,28,,,0
190011019,'1179375',1447,,2728,4,,,0
190011019,'1179393',1647,,2729,4,,,0
190011019,'1179394',2217,,2730,28,,,0
190011019,'1179413',1317,,2732,29,,,0
190011019,'1179424',2217,,2733,28,,,0
190011019,'1179426',1417,,2734,29,,,0
190011019,'1179430',1617,,2735,29,,,0
190011019,'1179437',1117,,2736,29,,,0
190011019,'1179438',1617,,2737,29,,,0
190011019,'1179442',1917,,2738,28,,,0
190011019,'1179477',817,,2739,28,,,0
190011019,'1179521',1417,,2740,29,,,0
190011019,'1179528',1217,,2741,29,,,0
190011019,'1179530',647,,2742,4,,,0
190011019,'1179555',2017,,2743,28,,,0
190011019,'1179572',1217,,2744,29,,,0
190011019,'1179590',1517,,2745,29,,,0
190011019,'1179619',1717,,2746,28,,,0
190011019,'1179642',1017,,2747,28,,,0
190011019,'1179650',1317,,2748,29,,,0
190011019,'1179665',617,,2749,7,,,0
190011019,'1179666',847,,2750,28,,,0
190011019,'1179672',1347,,2751,4,,,0
190011019,'1179677',2117,,2752,28,,,0
190011019,'1179678',947,,2753,28,,,0
190011019,'1179688',1717,,2754,28,,,0
190011019,'1179700',1517,,2755,29,,,0
190011019,'1179709',1017,,2756,28,,,0
