160029,'1178957',858,,2375,4,,,0
160029,'1179098',1358,,2376,4,,,0
160029,'1179137',1558,,2377,4,,,0
160029,'1179301',1158,,2378,4,,,0
160029,'1179398',1258,,2379,4,,,0
160029,'1179410',1658,,2380,4,,,0
160029,'1179543',1058,,2381,4,,,0
160029,'1179558',958,,2382,4,,,0
160029,'1179623',1458,,2383,4,,,0
216019,'1178924',748,,2403,4,,,0
216019,'1178948',618,,2404,4,,,0
216019,'1178963',2118,,2405,4,,,0
216019,'1178968',1218,,2406,4,,,0
216019,'1179019',1748,,2407,4,,,0
216019,'1179021',1548,,2408,4,,,0
216019,'1179029',1418,,2409,4,,,0
216019,'1179050',1518,,2410,4,,,0
216019,'1179070',1418,,2411,4,,,0
216019,'1179075',1818,,2412,4,,,0
216019,'1179116',718,,2413,4,,,0
216019,'1179123',1318,,2414,4,,,0
216019,'1179160',1718,,2415,4,,,0
216019,'1179179',2018,,2416,4,,,0
216019,'1179181',1118,,2417,4,,,0
216019,'1179199',918,,2418,4,,,0
216019,'1179206',1518,,2419,4,,,0
216019,'1179328',1018,,2420,4,,,0
216019,'1179338',1218,,2421,4,,,0
216019,'1179345',818,,2422,4,,,0
216019,'1179368',1648,,2423,4,,,0
216019,'1179369',1018,,2424,4,,,0
216019,'1179374',1618,,2425,4,,,0
216019,'1179421',1818,,2426,4,,,0
216019,'1179431',1118,,2427,4,,,0
216019,'1179458',1918,,2428,4,,,0
216019,'1179488',718,,2429,4,,,0
216019,'1179523',1318,,2430,4,,,0
216019,'1179574',2018,,2431,4,,,0
216019,'1179582',1918,,2432,4,,,0
216019,'1179605',848,,2433,4,,,0
216019,'1179647',1718,,2434,4,,,0
216019,'1179669',818,,2435,4,,,0
216019,'1179695',2118,,2436,4,,,0
216019,'1179712',648,,2437,4,,,0
216019,'1179714',918,,2438,4,,,0
216019,'1179719',1618,,2439,4,,,0
