130029,'1178925',1507,,2321,17,,,0
130029,'1178989',1407,,2322,17,,,0
130029,'1179023',1607,,2323,17,,,0
130029,'1179120',1707,,2324,17,,,0
130029,'1179168',1307,,2325,17,,,0
130029,'1179423',907,,2326,17,,,0
130029,'1179469',1207,,2327,17,,,0
130029,'1179639',1007,,2328,17,,,0
130029,'1179657',1107,,2329,17,,,0
190013019,'1178916',1658,,2757,49,,,0
190013019,'1178919',2028,,2758,49,,,0
190013019,'1178920',1158,,2759,49,,,0
190013019,'1178929',828,,2760,49,,,0
190013019,'1178930',1728,,2761,49,,,0
190013019,'1178972',2028,,2762,49,,,0
190013019,'1178983',1258,,2763,49,,,0
190013019,'1178994',2228,,2764,49,,,0
190013019,'1178997',1228,,2765,49,,,0
190013019,'1179048',1558,,2766,49,,,0
190013019,'1179062',1628,,2767,49,,,0
190013019,'1179074',1358,,2768,49,,,0
190013019,'1179087',1328,,2769,49,,,0
190013019,'1179104',1058,,2770,49,,,0
190013019,'1179187',928,,2772,49,,,0
190013019,'1179202',1128,,2773,49,,,0
190013019,'1179203',1028,,2774,49,,,0
190013019,'1179212',1528,,2775,49,,,0
190013019,'1179219',1328,,2776,49,,,0
190013019,'1179243',828,,2777,49,,,0
190013019,'1179287',2228,,2778,49,,,0
190013019,'1179292',1128,,2779,49,,,0
190013019,'1179300',758,,2780,49,,,0
190013019,'1179354',628,,2781,17,,,0
190013019,'1179373',1028,,2782,49,,,0
190013019,'1179380',1428,,2783,49,,,0
190013019,'1179402',1428,,2784,49,,,0
190013019,'1179411',1458,,2785,49,,,0
190013019,'1179457',1928,,2786,49,,,0
190013019,'1179504',728,,2787,49,,,0
190013019,'1179507',958,,2788,49,,,0
190013019,'1179509',1228,,2789,49,,,0
190013019,'1179516',1628,,2790,49,,,0
190013019,'1179531',2128,,2791,49,,,0
190013019,'1179537',928,,2792,49,,,0
190013019,'1179539',1828,,2793,49,,,0
190013019,'1179546',728,,2794,49,,,0
190013019,'1179553',1928,,2795,49,,,0
190013019,'1179581',658,,2796,17,,,0
190013019,'1179591',1728,,2797,49,,,0
190013019,'1179611',1758,,2798,49,,,0
190013019,'1179635',1528,,2799,49,,,0
190013019,'1179694',858,,2800,49,,,0
190013019,'1179701',2128,,2801,49,,,0
190013019,'1179717',1828,,2802,49,,,0
