140019,'1178969',1316,,2330,2,,,0
140019,'1178977',1516,,2331,2,,,0
140019,'1179164',1616,,2332,2,,,0
140019,'1179344',1416,,2333,2,,,0
140019,'1179352',916,,2334,2,,,0
140019,'1179462',1216,,2335,2,,,0
140019,'1179512',1116,,2336,2,,,0
140019,'1179518',1016,,2337,2,,,0
140019,'1179634',1716,,2338,2,,,0
190011019,'1178950',716,,2710,2,,,0
190011019,'1178970',1846,,2711,2,,,0
190011019,'1179009',1816,,2712,2,0,8 21,0
190011019,'1179040',2046,,2713,2,,,0
190011019,'1179145',846,,2715,2,,,0
190011019,'1179159',1746,,2717,2,,,0
190011019,'1179162',2241,,2718,2,0,12,0
190011019,'1179163',746,,2719,2,,,0
190011019,'1179248',646,,2720,2,,,0
190011019,'1179252',1746,,2721,2,,,0
190011019,'1179276',1946,,2722,2,,,0
190011019,'1179307',646,,2723,2,,,0
190011019,'1179332',1046,,2725,2,,,0
190011019,'1179340',846,,2726,2,,,0
190011019,'1179367',1716,,2727,2,,,0
190011019,'1179394',2146,,2730,2,,,0
190011019,'1179412',2241,,2731,2,0,12,0
190011019,'1179413',1246,,2732,2,,,0
190011019,'1179424',2146,,2733,2,,,0
190011019,'1179426',1346,,2734,2,,,0
190011019,'1179430',1546,,2735,2,,,0
190011019,'1179437',1046,,2736,2,,,0
190011019,'1179438',1546,,2737,2,,,0
190011019,'1179442',1846,,2738,2,,,0
190011019,'1179477',746,,2739,2,,,0
190011019,'1179521',1346,,2740,2,,,0
190011019,'1179528',1146,,2741,2,,,0
190011019,'1179555',1946,,2743,2,,,0
190011019,'1179572',1146,,2744,2,,,0
190011019,'1179590',1446,,2745,2,,,0
190011019,'1179619',1646,,2746,2,,,0
190011019,'1179642',946,,2747,2,,,0
190011019,'1179650',1246,,2748,2,,,0
190011019,'1179666',816,,2750,2,,,0
190011019,'1179677',2046,,2752,2,,,0
190011019,'1179678',916,,2753,2,,,0
190011019,'1179688',1646,,2754,2,,,0
190011019,'1179700',1446,,2755,2,,,0
190011019,'1179709',946,,2756,2,,,0
