110029,'1178926',1310,,2248,29,,,0
110029,'1179044',910,,2249,29,,,0
110029,'1179118',1110,,2250,29,,,0
110029,'1179173',1210,,2251,29,,,0
110029,'1179459',1710,,2252,29,,,0
110029,'1179534',1410,,2253,29,,,0
110029,'1179542',1610,,2254,29,,,0
110029,'1179690',1010,,2255,29,,,0
110029,'1179707',1510,,2256,29,,,0
130029,'1178925',1514,,2321,27,,,0
130029,'1178989',1414,,2322,27,,,0
130029,'1179023',1614,,2323,27,,,0
130029,'1179120',1714,,2324,27,,,0
130029,'1179168',1314,,2325,27,,,0
130029,'1179423',914,,2326,27,,,0
130029,'1179469',1214,,2327,27,,,0
130029,'1179639',1014,,2328,27,,,0
130029,'1179657',1114,,2329,27,,,0
150029,'1178980',1131,,2357,38,,,0
150029,'1179059',931,,2358,38,,,0
150029,'1179210',1331,,2359,38,,,0
150029,'1179274',1731,,2360,38,,,0
150029,'1179311',1031,,2361,38,,,0
150029,'1179362',1631,,2362,38,,,0
150029,'1179450',1431,,2363,38,,,0
150029,'1179616',1231,,2364,38,,,0
150029,'1179674',1531,,2365,38,,,0
200029,'1178971',1116,,2393,27,,,0
200029,'1179034',1716,,2394,27,,,0
200029,'1179043',1316,,2395,27,,,0
200029,'1179091',1516,,2396,27,,,0
200029,'1179144',916,,2397,17,,,0
200029,'1179198',1216,,2398,27,,,0
200029,'1179283',1416,,2400,27,,,0
200029,'1179383',1616,,2401,27,,,0
200029,'1179689',1016,,2402,27,,,0
190011019,'1178945',1605,,2709,29,,,0
190011019,'1178950',805,,2710,53,,,0
190011019,'1178970',1935,,2711,53,,,0
190011019,'1179040',2135,,2713,53,,,0
190011019,'1179064',1105,,2714,29,,,0
190011019,'1179145',935,,2715,53,,,0
190011019,'1179146',1205,,2716,29,,,0
190011019,'1179159',1835,,2717,53,,,0
190011019,'1179163',835,,2719,53,,,0
190011019,'1179248',735,,2720,53,,,0
190011019,'1179252',1835,,2721,53,,,0
190011019,'1179276',2035,,2722,53,,,0
190011019,'1179307',735,,2723,53,,,0
190011019,'1179317',1305,,2724,29,,,0
190011019,'1179332',1135,,2725,54,,,0
190011019,'1179340',935,,2726,53,,,0
190011019,'1179367',1805,,2727,53,,,0
190011019,'1179375',1505,,2728,29,,,0
190011019,'1179393',1705,,2729,29,,,0
190011019,'1179394',2235,,2730,53,,,0
190011019,'1179413',1335,,2732,54,,,0
190011019,'1179424',2235,,2733,53,,,0
190011019,'1179426',1435,,2734,54,,,0
190011019,'1179430',1635,,2735,54,,,0
190011019,'1179437',1135,,2736,54,,,0
190011019,'1179438',1635,,2737,54,,,0
190011019,'1179442',1935,,2738,53,,,0
190011019,'1179477',835,,2739,53,,,0
190011019,'1179521',1435,,2740,54,,,0
190011019,'1179528',1235,,2741,54,,,0
190011019,'1179530',705,,2742,29,,,0
190011019,'1179555',2035,,2743,53,,,0
190011019,'1179572',1235,,2744,54,,,0
190011019,'1179590',1535,,2745,54,,,0
190011019,'1179619',1735,,2746,53,,,0
190011019,'1179642',1035,,2747,53,,,0
190011019,'1179650',1335,,2748,54,,,0
190011019,'1179665',635,,2749,32,,,0
190011019,'1179666',905,,2750,53,,,0
190011019,'1179672',1405,,2751,29,,,0
190011019,'1179677',2135,,2752,53,,,0
190011019,'1179678',1005,,2753,53,,,0
190011019,'1179688',1735,,2754,53,,,0
190011019,'1179700',1535,,2755,54,,,0
190011019,'1179709',1035,,2756,53,,,0
190013019,'1178916',1705,,2757,59,,,0
190013019,'1178919',2035,,2758,59,,,0
190013019,'1178920',1205,,2759,59,,,0
190013019,'1178929',835,,2760,59,,,0
190013019,'1178930',1735,,2761,59,,,0
190013019,'1178972',2035,,2762,59,,,0
190013019,'1178983',1305,,2763,59,,,0
190013019,'1178994',2235,,2764,59,,,0
190013019,'1178997',1235,,2765,59,,,0
190013019,'1179048',1605,,2766,59,,,0
190013019,'1179062',1635,,2767,59,,,0
190013019,'1179074',1405,,2768,59,,,0
190013019,'1179087',1335,,2769,59,,,0
190013019,'1179104',1105,,2770,59,,,0
190013019,'1179187',935,,2772,59,,,0
190013019,'1179202',1135,,2773,59,,,0
190013019,'1179203',1035,,2774,59,,,0
190013019,'1179212',1535,,2775,59,,,0
190013019,'1179219',1335,,2776,59,,,0
190013019,'1179243',835,,2777,59,,,0
190013019,'1179287',2235,,2778,59,,,0
190013019,'1179292',1135,,2779,59,,,0
190013019,'1179300',805,,2780,59,,,0
190013019,'1179354',635,,2781,27,,,0
190013019,'1179373',1035,,2782,59,,,0
190013019,'1179380',1435,,2783,59,,,0
190013019,'1179402',1435,,2784,59,,,0
190013019,'1179411',1505,,2785,59,,,0
190013019,'1179457',1935,,2786,59,,,0
190013019,'1179504',735,,2787,59,,,0
190013019,'1179507',1005,,2788,59,,,0
190013019,'1179509',1235,,2789,59,,,0
190013019,'1179516',1635,,2790,59,,,0
190013019,'1179531',2135,,2791,59,,,0
190013019,'1179537',935,,2792,59,,,0
190013019,'1179539',1835,,2793,59,,,0
190013019,'1179546',735,,2794,59,,,0
190013019,'1179553',1935,,2795,59,,,0
190013019,'1179581',705,,2796,27,,,0
190013019,'1179591',1735,,2797,59,,,0
190013019,'1179611',1805,,2798,59,,,0
190013019,'1179635',1535,,2799,59,,,0
190013019,'1179694',905,,2800,59,,,0
190013019,'1179701',2135,,2801,59,,,0
190013019,'1179717',1835,,2802,59,,,0
190017019,'1178928',1730,,2851,49,,,0
190017019,'1178932',1000,,2852,49,,,0
190017019,'1178967',1500,,2853,16,,,0
190017019,'1179016',700,,2856,49,,,0
190017019,'1179076',630,,2858,16,,,0
190017019,'1179092',730,,2859,49,,,0
190017019,'1179124',1630,,2860,49,,,0
190017019,'1179128',1130,,2861,49,,,0
190017019,'1179151',1930,,2863,49,,,0
190017019,'1179161',1800,,2864,49,,,0
190017019,'1179166',1030,,2865,49,,,0
190017019,'1179196',730,,2866,49,,,0
190017019,'1179242',1230,,2867,49,,,0
190017019,'1179273',2130,,2868,49,,,0
190017019,'1179277',900,,2869,49,,,0
190017019,'1179293',1330,,2870,49,,,0
190017019,'1179306',1930,,2871,49,,,0
190017019,'1179309',1400,,2872,16,,,0
190017019,'1179327',1530,,2873,49,,,0
190017019,'1179377',1600,,2874,16,,,0
190017019,'1179384',1300,,2875,16,,,0
190017019,'1179385',830,,2876,49,,,0
190017019,'1179401',2030,,2877,49,,,0
190017019,'1179427',1330,,2878,49,,,0
190017019,'1179455',1430,,2879,49,,,0
190017019,'1179492',1200,,2880,16,,,0
190017019,'1179519',1830,,2881,49,,,0
190017019,'1179533',800,,2883,49,,,0
190017019,'1179565',1100,,2884,16,,,0
190017019,'1179573',1230,,2885,49,,,0
190017019,'1179579',1130,,2886,49,,,0
190017019,'1179599',2130,,2887,49,,,0
190017019,'1179610',2030,,2888,49,,,0
190017019,'1179621',930,,2889,49,,,0
190017019,'1179625',1430,,2890,49,,,0
190017019,'1179626',1700,,2891,49,,,0
190017019,'1179631',1830,,2892,49,,,0
190017019,'1179667',830,,2893,49,,,0
190017019,'1179680',1630,,2894,49,,,0
190017019,'1179683',930,,2895,49,,,0
190017019,'1179686',1530,,2896,49,,,0
190017019,'1179699',1030,,2897,49,,,0
190017019,'1179710',1730,,2898,49,,,0
