130029,'1178925',1506,,2321,16,,,0
130029,'1178989',1406,,2322,16,,,0
130029,'1179023',1606,,2323,16,,,0
130029,'1179120',1706,,2324,16,,,0
130029,'1179168',1306,,2325,16,,,0
130029,'1179423',906,,2326,16,,,0
130029,'1179469',1206,,2327,16,,,0
130029,'1179639',1006,,2328,16,,,0
130029,'1179657',1106,,2329,16,,,0
190013019,'1178916',1657,,2757,48,,,0
190013019,'1178919',2027,,2758,48,,,0
190013019,'1178920',1157,,2759,48,,,0
190013019,'1178929',827,,2760,48,,,0
190013019,'1178930',1727,,2761,48,,,0
190013019,'1178972',2027,,2762,48,,,0
190013019,'1178983',1257,,2763,48,,,0
190013019,'1178994',2227,,2764,48,,,0
190013019,'1178997',1227,,2765,48,,,0
190013019,'1179048',1557,,2766,48,,,0
190013019,'1179062',1627,,2767,48,,,0
190013019,'1179074',1357,,2768,48,,,0
190013019,'1179087',1327,,2769,48,,,0
190013019,'1179104',1057,,2770,48,,,0
190013019,'1179187',927,,2772,48,,,0
190013019,'1179202',1127,,2773,48,,,0
190013019,'1179203',1027,,2774,48,,,0
190013019,'1179212',1527,,2775,48,,,0
190013019,'1179219',1327,,2776,48,,,0
190013019,'1179243',827,,2777,48,,,0
190013019,'1179287',2227,,2778,48,,,0
190013019,'1179292',1127,,2779,48,,,0
190013019,'1179300',757,,2780,48,,,0
190013019,'1179354',627,,2781,16,,,0
190013019,'1179373',1027,,2782,48,,,0
190013019,'1179380',1427,,2783,48,,,0
190013019,'1179402',1427,,2784,48,,,0
190013019,'1179411',1457,,2785,48,,,0
190013019,'1179457',1927,,2786,48,,,0
190013019,'1179504',727,,2787,48,,,0
190013019,'1179507',957,,2788,48,,,0
190013019,'1179509',1227,,2789,48,,,0
190013019,'1179516',1627,,2790,48,,,0
190013019,'1179531',2127,,2791,48,,,0
190013019,'1179537',927,,2792,48,,,0
190013019,'1179539',1827,,2793,48,,,0
190013019,'1179546',727,,2794,48,,,0
190013019,'1179553',1927,,2795,48,,,0
190013019,'1179581',657,,2796,16,,,0
190013019,'1179591',1727,,2797,48,,,0
190013019,'1179611',1757,,2798,48,,,0
190013019,'1179635',1527,,2799,48,,,0
190013019,'1179694',857,,2800,48,,,0
190013019,'1179701',2127,,2801,48,,,0
190013019,'1179717',1827,,2802,48,,,0
