120019,'1178966',1333,,2294,18,,,0
120019,'1178998',1533,,2295,18,,,0
120019,'1179031',1633,,2296,18,,,0
120019,'1179149',1433,,2297,18,,,0
120019,'1179182',1133,,2298,18,,,0
120019,'1179282',933,,2299,18,,,0
120019,'1179296',1733,,2300,18,,,0
120019,'1179596',1033,,2301,18,,,0
120019,'1179628',1233,,2302,18,,,0
190013019,'1178916',1623,,2757,18,,,0
190013019,'1178919',1953,,2758,18,,,0
190013019,'1178920',1123,,2759,18,,,0
190013019,'1178929',753,,2760,18,,,0
190013019,'1178930',1653,,2761,18,,,0
190013019,'1178972',1953,,2762,18,,,0
190013019,'1178983',1223,,2763,18,,,0
190013019,'1178994',2153,,2764,18,,,0
190013019,'1178997',1153,,2765,18,,,0
190013019,'1179048',1523,,2766,18,,,0
190013019,'1179062',1553,,2767,18,,,0
190013019,'1179074',1323,,2768,18,,,0
190013019,'1179087',1253,,2769,18,,,0
190013019,'1179104',1023,,2770,18,,,0
190013019,'1179171',1823,,2771,18,0,8 21,0
190013019,'1179187',853,,2772,18,,,0
190013019,'1179202',1053,,2773,18,,,0
190013019,'1179203',953,,2774,18,,,0
190013019,'1179212',1453,,2775,18,,,0
190013019,'1179219',1253,,2776,18,,,0
190013019,'1179243',753,,2777,18,,,0
190013019,'1179287',2153,,2778,18,,,0
190013019,'1179292',1053,,2779,18,,,0
190013019,'1179300',723,,2780,18,,,0
190013019,'1179373',953,,2782,18,,,0
190013019,'1179380',1353,,2783,18,,,0
190013019,'1179402',1353,,2784,18,,,0
190013019,'1179411',1423,,2785,18,,,0
190013019,'1179457',1853,,2786,18,,,0
190013019,'1179504',653,,2787,18,,,0
190013019,'1179507',923,,2788,18,,,0
190013019,'1179509',1153,,2789,18,,,0
190013019,'1179516',1553,,2790,18,,,0
190013019,'1179531',2053,,2791,18,,,0
190013019,'1179537',853,,2792,18,,,0
190013019,'1179539',1753,,2793,18,,,0
190013019,'1179546',653,,2794,18,,,0
190013019,'1179553',1853,,2795,18,,,0
190013019,'1179591',1653,,2797,18,,,0
190013019,'1179611',1723,,2798,18,,,0
190013019,'1179635',1453,,2799,18,,,0
190013019,'1179694',823,,2800,18,,,0
190013019,'1179701',2053,,2801,18,,,0
190013019,'1179717',1753,,2802,18,,,0
