140029,'1178990',1457,,2339,32,,,0
140029,'1179039',1157,,2340,32,,,0
140029,'1179106',1057,,2341,32,,,0
140029,'1179281',1357,,2342,32,,,0
140029,'1179335',1657,,2343,32,,,0
140029,'1179461',1810,,2344,32,,,0
140029,'1179478',1557,,2345,32,,,0
140029,'1179522',1257,,2346,32,,,0
140029,'1179651',957,,2347,32,,,0
140010019,'1178921',1524,,2523,47,,,0
140010019,'1178922',1026,,2524,48,,,0
140010019,'1178936',756,,2525,46,,,0
140010019,'1178979',1126,,2527,48,,,0
140010019,'1179012',826,,2528,47,,,0
140010019,'1179037',2026,,2529,46,,,0
140010019,'1179103',1626,,2530,47,,,0
140010019,'1179131',1224,,2532,47,,,0
140010019,'1179140',2226,,2533,46,,,0
140010019,'1179157',726,,2535,46,,,0
140010019,'1179167',1124,,2536,47,,,0
140010019,'1179178',1826,,2537,47,,,0
140010019,'1179180',2226,,2538,47,,,0
140010019,'1179188',1526,,2539,48,,,0
140010019,'1179217',2026,,2540,47,,,0
140010019,'1179251',1656,,2542,46,,,0
140010019,'1179253',856,,2543,46,,,0
140010019,'1179268',1756,,2544,46,,,0
140010019,'1179270',1726,,2545,47,,,0
140010019,'1179302',726,,2546,14,,,0
140010019,'1179336',926,,2547,46,,,0
140010019,'1179347',826,,2548,46,,,0
140010019,'1179361',2126,,2549,46,,,0
140010019,'1179396',2126,,2550,47,,,0
140010019,'1179415',1226,,2552,48,,,0
140010019,'1179445',1424,,2553,47,,,0
140010019,'1179452',1826,,2554,46,,,0
140010019,'1179453',1426,,2555,48,,,0
140010019,'1179479',1324,,2556,47,,,0
140010019,'1179494',1726,,2558,46,,,0
140010019,'1179496',1626,,2559,46,,,0
140010019,'1179544',1926,,2561,46,,,0
140010019,'1179613',1926,,2563,47,,,0
140010019,'1179620',926,,2564,47,,,0
140010019,'1179659',1326,,2566,48,,,0
140010019,'1179692',1024,,2567,47,,,0
