200029,'1178971',1111,,2393,23,,,0
200029,'1179034',1711,,2394,23,,,0
200029,'1179043',1311,,2395,23,,,0
200029,'1179091',1511,,2396,23,,,0
200029,'1179144',911,,2397,13,,,0
200029,'1179198',1211,,2398,23,,,0
200029,'1179283',1411,,2400,23,,,0
200029,'1179383',1611,,2401,23,,,0
200029,'1179689',1011,,2402,23,,,0
190017019,'1178928',1724,,2851,45,,,0
190017019,'1178932',954,,2852,45,,,0
190017019,'1178967',1454,,2853,12,,,0
190017019,'1179016',654,,2856,45,,,0
190017019,'1179076',624,,2858,12,,,0
190017019,'1179092',724,,2859,45,,,0
190017019,'1179124',1624,,2860,45,,,0
190017019,'1179128',1124,,2861,45,,,0
190017019,'1179151',1924,,2863,45,,,0
190017019,'1179161',1754,,2864,45,,,0
190017019,'1179166',1024,,2865,45,,,0
190017019,'1179196',724,,2866,45,,,0
190017019,'1179242',1224,,2867,45,,,0
190017019,'1179273',2124,,2868,45,,,0
190017019,'1179277',854,,2869,45,,,0
190017019,'1179293',1324,,2870,45,,,0
190017019,'1179306',1924,,2871,45,,,0
190017019,'1179309',1354,,2872,12,,,0
190017019,'1179327',1524,,2873,45,,,0
190017019,'1179377',1554,,2874,12,,,0
190017019,'1179384',1254,,2875,12,,,0
190017019,'1179385',824,,2876,45,,,0
190017019,'1179401',2024,,2877,45,,,0
190017019,'1179427',1324,,2878,45,,,0
190017019,'1179455',1424,,2879,45,,,0
190017019,'1179492',1154,,2880,12,,,0
190017019,'1179519',1824,,2881,45,,,0
190017019,'1179533',754,,2883,45,,,0
190017019,'1179565',1054,,2884,12,,,0
190017019,'1179573',1224,,2885,45,,,0
190017019,'1179579',1124,,2886,45,,,0
190017019,'1179599',2124,,2887,45,,,0
190017019,'1179610',2024,,2888,45,,,0
190017019,'1179621',924,,2889,45,,,0
190017019,'1179625',1424,,2890,45,,,0
190017019,'1179626',1654,,2891,45,,,0
190017019,'1179631',1824,,2892,45,,,0
190017019,'1179667',824,,2893,45,,,0
190017019,'1179680',1624,,2894,45,,,0
190017019,'1179683',924,,2895,45,,,0
190017019,'1179686',1524,,2896,45,,,0
190017019,'1179699',1024,,2897,45,,,0
190017019,'1179710',1724,,2898,45,,,0
