110019,'1178947',942,,2239,20,,,0
110019,'1178964',1442,,2240,20,,,0
110019,'1178973',1742,,2241,20,,,0
110019,'1179028',1542,,2242,20,,,0
110019,'1179105',1642,,2243,20,,,0
110019,'1179114',1042,,2244,20,,,0
110019,'1179176',1242,,2245,20,,,0
110019,'1179184',1342,,2246,20,,,0
110019,'1179290',1142,,2247,20,,,0
140010019,'1178914',1123,,2522,22,0,8 21,0
140010019,'1178921',1453,,2523,22,,,0
140010019,'1178922',952,,2524,23,,,0
140010019,'1178936',723,,2525,22,,,0
140010019,'1178946',2253,,2526,22,0,8 21,0
140010019,'1178979',1052,,2527,23,,,0
140010019,'1179012',752,,2528,23,,,0
140010019,'1179037',1953,,2529,22,,,0
140010019,'1179103',1552,,2530,23,,,0
140010019,'1179122',1323,,2531,22,0,8 21,0
140010019,'1179131',1153,,2532,22,,,0
140010019,'1179140',2153,,2533,22,,,0
140010019,'1179147',923,,2534,22,0,8 21,0
140010019,'1179157',653,,2535,22,,,0
140010019,'1179167',1053,,2536,22,,,0
140010019,'1179178',1752,,2537,23,,,0
140010019,'1179180',2152,,2538,23,,,0
140010019,'1179188',1452,,2539,23,,,0
140010019,'1179217',1952,,2540,23,,,0
140010019,'1179232',1523,,2541,22,0,8 21,0
140010019,'1179251',1623,,2542,22,,,0
140010019,'1179253',823,,2543,22,,,0
140010019,'1179268',1723,,2544,22,,,0
140010019,'1179270',1652,,2545,23,,,0
140010019,'1179336',853,,2547,22,,,0
140010019,'1179347',753,,2548,22,,,0
140010019,'1179361',2053,,2549,22,,,0
140010019,'1179396',2052,,2550,23,,,0
140010019,'1179408',2252,,2551,23,0,8 21,0
140010019,'1179415',1152,,2552,23,,,0
140010019,'1179445',1353,,2553,22,,,0
140010019,'1179452',1753,,2554,22,,,0
140010019,'1179453',1352,,2555,23,,,0
140010019,'1179479',1253,,2556,22,,,0
140010019,'1179483',1223,,2557,22,0,8 21,0
140010019,'1179494',1653,,2558,22,,,0
140010019,'1179496',1553,,2559,22,,,0
140010019,'1179498',1423,,2560,22,0,8 21,0
140010019,'1179544',1853,,2561,22,,,0
140010019,'1179548',1023,,2562,22,0,8 21,0
140010019,'1179613',1852,,2563,23,,,0
140010019,'1179620',852,,2564,23,,,0
140010019,'1179629',1823,,2565,22,0,8 21,0
140010019,'1179659',1252,,2566,23,,,0
140010019,'1179692',953,,2567,22,,,0
