120029,'1179032',1528,,2303,22,,,0
120029,'1179055',1328,,2304,22,,,0
120029,'1179056',1628,,2305,22,,,0
120029,'1179099',1728,,2306,22,,,0
120029,'1179153',928,,2307,22,,,0
120029,'1179222',1428,,2308,22,,,0
120029,'1179429',1128,,2309,22,,,0
120029,'1179447',1028,,2310,22,,,0
120029,'1179575',1228,,2311,22,,,0
190017019,'1178928',1655,,2851,23,,,0
190017019,'1178932',925,,2852,23,,,0
190017019,'1179000',2155,,2854,23,0,8 21,0
190017019,'1179014',1825,,2855,23,0,8 21,0
190017019,'1179016',625,,2856,23,,,0
190017019,'1179057',2255,,2857,23,0,8 21,0
190017019,'1179092',655,,2859,23,,,0
190017019,'1179124',1555,,2860,23,,,0
190017019,'1179128',1055,,2861,23,,,0
190017019,'1179133',2155,,2862,23,0,8 21,0
190017019,'1179151',1855,,2863,23,,,0
190017019,'1179161',1725,,2864,23,,,0
190017019,'1179166',955,,2865,23,,,0
190017019,'1179196',655,,2866,23,,,0
190017019,'1179242',1155,,2867,23,,,0
190017019,'1179273',2055,,2868,23,,,0
190017019,'1179277',825,,2869,23,,,0
190017019,'1179293',1255,,2870,23,,,0
190017019,'1179306',1855,,2871,23,,,0
190017019,'1179327',1455,,2873,23,,,0
190017019,'1179385',755,,2876,23,,,0
190017019,'1179401',1955,,2877,23,,,0
190017019,'1179427',1255,,2878,23,,,0
190017019,'1179455',1355,,2879,23,,,0
190017019,'1179519',1755,,2881,23,,,0
190017019,'1179529',2255,,2882,23,0,8 21,0
190017019,'1179533',725,,2883,23,,,0
190017019,'1179573',1155,,2885,23,,,0
190017019,'1179579',1055,,2886,23,,,0
190017019,'1179599',2055,,2887,23,,,0
190017019,'1179610',1955,,2888,23,,,0
190017019,'1179621',855,,2889,23,,,0
190017019,'1179625',1355,,2890,23,,,0
190017019,'1179626',1625,,2891,23,,,0
190017019,'1179631',1755,,2892,23,,,0
190017019,'1179667',755,,2893,23,,,0
190017019,'1179680',1555,,2894,23,,,0
190017019,'1179683',855,,2895,23,,,0
190017019,'1179686',1455,,2896,23,,,0
190017019,'1179699',955,,2897,23,,,0
190017019,'1179710',1655,,2898,23,,,0
