110019,'1178947',949,,2239,29,,,0
110019,'1178964',1449,,2240,29,,,0
110019,'1178973',1749,,2241,29,,,0
110019,'1179028',1549,,2242,29,,,0
110019,'1179105',1649,,2243,29,,,0
110019,'1179114',1049,,2244,29,,,0
110019,'1179176',1249,,2245,29,,,0
110019,'1179184',1349,,2246,29,,,0
110019,'1179290',1149,,2247,29,,,0
200019,'1179038',1447,,2384,17,,,0
200019,'1179081',1647,,2385,17,,,0
200019,'1179174',947,,2386,17,,,0
200019,'1179259',1147,,2387,17,,,0
200019,'1179289',1547,,2388,17,,,0
200019,'1179460',1747,,2389,17,,,0
200019,'1179585',1047,,2390,17,,,0
200019,'1179594',1347,,2391,17,,,0
200019,'1179655',1247,,2392,17,,,0
140010019,'1178914',1129,,2522,31,0,8 21,0
140010019,'1178921',1459,,2523,31,,,0
140010019,'1178922',959,,2524,32,,,0
140010019,'1178936',729,,2525,31,,,0
140010019,'1178946',2259,,2526,31,0,8 21,0
140010019,'1178979',1059,,2527,32,,,0
140010019,'1179012',759,,2528,32,,,0
140010019,'1179037',1959,,2529,31,,,0
140010019,'1179103',1559,,2530,32,,,0
140010019,'1179122',1329,,2531,31,0,8 21,0
140010019,'1179131',1159,,2532,31,,,0
140010019,'1179140',2159,,2533,31,,,0
140010019,'1179147',929,,2534,31,0,8 21,0
140010019,'1179157',659,,2535,31,,,0
140010019,'1179167',1059,,2536,31,,,0
140010019,'1179178',1759,,2537,32,,,0
140010019,'1179180',2159,,2538,32,,,0
140010019,'1179188',1459,,2539,32,,,0
140010019,'1179217',1959,,2540,32,,,0
140010019,'1179232',1529,,2541,31,0,8 21,0
140010019,'1179251',1629,,2542,31,,,0
140010019,'1179253',829,,2543,31,,,0
140010019,'1179268',1729,,2544,31,,,0
140010019,'1179270',1659,,2545,32,,,0
140010019,'1179336',859,,2547,31,,,0
140010019,'1179347',759,,2548,31,,,0
140010019,'1179361',2059,,2549,31,,,0
140010019,'1179396',2059,,2550,32,,,0
140010019,'1179408',2259,,2551,32,0,8 21,0
140010019,'1179415',1159,,2552,32,,,0
140010019,'1179445',1359,,2553,31,,,0
140010019,'1179452',1759,,2554,31,,,0
140010019,'1179453',1359,,2555,32,,,0
140010019,'1179479',1259,,2556,31,,,0
140010019,'1179483',1229,,2557,31,0,8 21,0
140010019,'1179494',1659,,2558,31,,,0
140010019,'1179496',1559,,2559,31,,,0
140010019,'1179498',1429,,2560,31,0,8 21,0
140010019,'1179544',1859,,2561,31,,,0
140010019,'1179548',1029,,2562,31,0,8 21,0
140010019,'1179613',1859,,2563,32,,,0
140010019,'1179620',859,,2564,32,,,0
140010019,'1179629',1829,,2565,31,0,8 21,0
140010019,'1179659',1259,,2566,32,,,0
140010019,'1179692',959,,2567,31,,,0
140016019,'1178912',1702,,2661,19,,,0
140016019,'1178941',802,,2662,19,,,0
140016019,'1179017',1232,,2664,19,0,8 21,0
140016019,'1179051',2202,,2665,19,,,0
140016019,'1179077',1732,,2667,19,,,0
140016019,'1179112',1902,,2668,19,,,0
140016019,'1179129',1202,,2669,19,,,0
140016019,'1179136',1502,,2670,19,,,0
140016019,'1179158',1302,,2671,19,,,0
140016019,'1179191',902,,2672,19,,,0
140016019,'1179213',1002,,2673,19,,,0
140016019,'1179234',1402,,2675,19,,,0
140016019,'1179254',1132,,2676,19,0,8 21,0
140016019,'1179256',832,,2677,19,,,0
140016019,'1179267',802,,2678,19,,,0
140016019,'1179284',1902,,2679,19,,,0
140016019,'1179299',2202,,2681,19,,,0
140016019,'1179304',1302,,2682,19,,,0
140016019,'1179312',1602,,2683,19,,,0
140016019,'1179318',1802,,2684,19,,,0
140016019,'1179330',2002,,2685,19,,,0
140016019,'1179333',1402,,2686,19,,,0
140016019,'1179351',932,,2687,19,0,8 21,0
140016019,'1179357',1102,,2688,19,,,0
140016019,'1179371',1502,,2689,19,,,0
140016019,'1179389',1632,,2690,19,,,0
140016019,'1179416',1602,,2691,19,,,0
140016019,'1179464',2102,,2693,19,,,0
140016019,'1179475',902,,2694,19,,,0
140016019,'1179481',1702,,2695,19,,,0
140016019,'1179503',1432,,2696,19,0,8 21,0
140016019,'1179517',1532,,2697,19,,,0
140016019,'1179520',2002,,2698,19,,,0
140016019,'1179536',732,,2699,19,,,0
140016019,'1179538',702,,2700,19,,,0
140016019,'1179562',1332,,2701,19,0,8 21,0
140016019,'1179569',1832,,2702,19,0,8 21,0
140016019,'1179601',2102,,2703,19,,,0
140016019,'1179604',1102,,2704,19,,,0
140016019,'1179627',1202,,2705,19,,,0
140016019,'1179663',1002,,2706,19,,,0
140016019,'1179681',1032,,2707,19,0,8 21,0
140016019,'1179687',1802,,2708,19,,,0
