120019,'1178966',1334,,2294,19,,,0
120019,'1178998',1534,,2295,19,,,0
120019,'1179031',1634,,2296,19,,,0
120019,'1179149',1434,,2297,19,,,0
120019,'1179182',1134,,2298,19,,,0
120019,'1179282',934,,2299,19,,,0
120019,'1179296',1734,,2300,19,,,0
120019,'1179596',1034,,2301,19,,,0
120019,'1179628',1234,,2302,19,,,0
120029,'1179032',1552,,2303,33,,,0
120029,'1179055',1352,,2304,33,,,0
120029,'1179056',1652,,2305,33,,,0
120029,'1179099',1805,,2306,33,,,0
120029,'1179153',952,,2307,33,,,0
120029,'1179222',1452,,2308,33,,,0
120029,'1179429',1152,,2309,33,,,0
120029,'1179447',1052,,2310,33,,,0
120029,'1179575',1252,,2311,33,,,0
140019,'1178969',1325,,2330,14,,,0
140019,'1178977',1525,,2331,14,,,0
140019,'1179164',1625,,2332,14,,,0
140019,'1179344',1425,,2333,14,,,0
140019,'1179352',925,,2334,14,,,0
140019,'1179462',1225,,2335,14,,,0
140019,'1179512',1125,,2336,14,,,0
140019,'1179518',1025,,2337,14,,,0
140019,'1179634',1725,,2338,14,,,0
140029,'1178990',1455,,2339,28,,,0
140029,'1179039',1155,,2340,28,,,0
140029,'1179106',1055,,2341,28,,,0
140029,'1179281',1355,,2342,28,,,0
140029,'1179335',1655,,2343,28,,,0
140029,'1179461',1808,,2344,28,,,0
140029,'1179478',1555,,2345,28,,,0
140029,'1179522',1255,,2346,28,,,0
140029,'1179651',955,,2347,28,,,0
140010019,'1178921',1523,,2523,43,,,0
140010019,'1178922',1023,,2524,44,,,0
140010019,'1178979',1123,,2527,44,,,0
140010019,'1179131',1223,,2532,43,,,0
140010019,'1179167',1123,,2536,43,,,0
140010019,'1179188',1523,,2539,44,,,0
140010019,'1179415',1223,,2552,44,,,0
140010019,'1179445',1423,,2553,43,,,0
140010019,'1179453',1423,,2555,44,,,0
140010019,'1179479',1323,,2556,43,,,0
140010019,'1179659',1323,,2566,44,,,0
140010019,'1179692',1023,,2567,43,,,0
190011019,'1179332',1053,,2725,15,,,0
190011019,'1179413',1253,,2732,15,,,0
190011019,'1179426',1353,,2734,15,,,0
190011019,'1179430',1553,,2735,15,,,0
190011019,'1179437',1053,,2736,15,,,0
190011019,'1179438',1553,,2737,15,,,0
190011019,'1179521',1353,,2740,15,,,0
190011019,'1179528',1153,,2741,15,,,0
190011019,'1179572',1153,,2744,15,,,0
190011019,'1179590',1453,,2745,15,,,0
190011019,'1179650',1253,,2748,15,,,0
190011019,'1179700',1453,,2755,15,,,0
