150029,'1178980',1105,,2357,13,,,0
150029,'1179059',905,,2358,13,,,0
150029,'1179210',1305,,2359,13,,,0
150029,'1179274',1705,,2360,13,,,0
150029,'1179311',1005,,2361,13,,,0
150029,'1179362',1605,,2362,13,,,0
150029,'1179450',1405,,2363,13,,,0
150029,'1179616',1205,,2364,13,,,0
150029,'1179674',1505,,2365,13,,,0
300019,'1178918',1155,,2441,10,0,23 24 2 26,0
300019,'1178931',755,,2442,10,0,23 24 2 26,0
300019,'1178939',1355,,2443,10,0,23 24 2 26,0
300019,'1178975',1455,,2445,10,0,23 24 2 26,0
300019,'1178982',1655,,2446,10,0,23 24 2 26,0
300019,'1179001',725,,2449,10,0,23 24 2 26,0
300019,'1179003',1955,,2450,10,0,23 24 2 26,0
300019,'1179008',2155,,2451,10,0,8 9 2 26,0
300019,'1179030',1855,,2452,10,0,23 24 2 26,0
300019,'1179058',1055,,2455,10,0,23 24 2 26,0
300019,'1179066',1755,,2457,10,0,23 24 2 26,0
300019,'1179109',1825,,2459,10,0,8 9 2 26,0
300019,'1179110',955,,2460,10,0,23 24 2 26,0
300019,'1179115',925,,2461,10,0,23 24 2 26,0
300019,'1179121',1755,,2462,10,0,23 24 2 26,0
300019,'1179125',1955,,2463,10,0,23 24 2 26,0
300019,'1179194',825,,2466,10,0,23 24 2 26,0
300019,'1179246',755,,2469,10,0,23 24 2 26,0
300019,'1179279',855,,2472,10,0,23 24 2 26,0
300019,'1179295',2055,,2474,10,0,23 24 2 26,0
300019,'1179331',1255,,2477,10,0,23 24 2 26,0
300019,'1179355',1155,,2479,10,0,23 24 2 26,0
300019,'1179379',2155,,2482,10,0,8 9 2 26,0
300019,'1179390',1455,,2483,10,0,23 24 2 26,0
300019,'1179397',1625,,2484,10,0,23 24 2 26,0
300019,'1179404',2055,,2485,10,0,23 24 2 26,0
300019,'1179435',1555,,2490,10,0,23 24 2 26,0
300019,'1179448',1355,,2491,10,0,23 24 2 26,0
300019,'1179484',1255,,2496,10,0,23 24 2 26,0
300019,'1179490',1055,,2497,10,0,23 24 2 26,0
300019,'1179508',955,,2499,10,0,23 24 2 26,0
300019,'1179549',855,,2502,10,0,23 24 2 26,0
300019,'1179566',1655,,2505,10,0,23 24 2 26,0
300019,'1179568',1855,,2506,10,0,23 24 2 26,0
300019,'1179593',1025,,2510,10,0,8 9 2 26,0
300019,'1179622',1725,,2515,10,0,23 24 2 26,0
300019,'1179649',1555,,2519,10,0,23 24 2 26,0
190015019,'1178937',1157,,2803,38,,,0
190015019,'1178958',1027,,2805,38,,,0
190015019,'1178960',1127,,2806,38,,,0
190015019,'1179018',1427,,2808,38,,,0
190015019,'1179054',1327,,2809,38,,,0
190015019,'1179073',1357,,2810,38,,,0
190015019,'1179083',627,,2811,13,,,0
190015019,'1179089',1227,,2812,38,,,0
190015019,'1179095',1727,,2813,38,,,0
190015019,'1179126',1827,,2814,38,,,0
190015019,'1179130',1627,,2815,38,,,0
190015019,'1179152',957,,2816,38,,,0
190015019,'1179169',1027,,2818,38,,,0
190015019,'1179170',827,,2819,38,,,0
190015019,'1179189',827,,2820,38,,,0
190015019,'1179226',1827,,2821,38,,,0
190015019,'1179257',2127,,2823,38,,,0
190015019,'1179260',1727,,2824,38,,,0
190015019,'1179280',1527,,2826,38,,,0
190015019,'1179329',1657,,2827,38,,,0
190015019,'1179378',2027,,2828,38,,,0
190015019,'1179382',1757,,2829,38,,,0
190015019,'1179400',1927,,2830,38,,,0
190015019,'1179414',1527,,2831,38,,,0
190015019,'1179456',1557,,2832,38,,,0
190015019,'1179465',1627,,2833,38,,,0
190015019,'1179466',927,,2834,38,,,0
190015019,'1179468',2027,,2835,38,,,0
190015019,'1179480',1327,,2836,38,,,0
190015019,'1179489',1257,,2837,38,,,0
190015019,'1179491',1127,,2838,38,,,0
190015019,'1179501',1057,,2839,38,,,0
190015019,'1179525',727,,2840,38,,,0
190015019,'1179560',2127,,2841,38,,,0
190015019,'1179563',1427,,2842,38,,,0
190015019,'1179576',1927,,2843,38,,,0
190015019,'1179602',857,,2844,38,,,0
190015019,'1179633',757,,2845,38,,,0
190015019,'1179637',657,,2846,13,,,0
190015019,'1179652',927,,2847,38,,,0
190015019,'1179679',1457,,2848,38,,,0
190015019,'1179703',1227,,2849,38,,,0
190015019,'1179716',727,,2850,38,,,0
