140019,'1178969',1355,,2330,38,,,0
140019,'1178977',1555,,2331,38,,,0
140019,'1179164',1655,,2332,38,,,0
140019,'1179344',1455,,2333,38,,,0
140019,'1179352',955,,2334,38,,,0
140019,'1179462',1255,,2335,38,,,0
140019,'1179512',1155,,2336,38,,,0
140019,'1179518',1055,,2337,38,,,0
140019,'1179634',1808,,2338,38,,,0
140014019,'1178954',1636,,2614,45,,,0
140014019,'1178955',1206,,2615,45,,,0
140014019,'1178974',1036,,2616,45,,,0
140014019,'1179007',1834,,2617,45,,,0
140014019,'1179027',1536,,2618,45,,,0
140014019,'1179052',834,,2619,45,,,0
140014019,'1179079',806,,2620,45,,,0
140014019,'1179080',1534,,2621,45,,,0
140014019,'1179082',906,,2622,45,,,0
140014019,'1179084',736,,2623,45,,,0
140014019,'1179111',2236,,2624,45,,,0
140014019,'1179143',836,,2625,45,,,0
140014019,'1179200',1306,,2626,45,,,0
140014019,'1179207',1806,,2627,45,,,0
140014019,'1179221',1434,,2628,45,,,0
140014019,'1179271',1236,,2629,45,,,0
140014019,'1179298',1734,,2630,45,,,0
140014019,'1179320',1506,,2631,45,,,0
140014019,'1179323',1034,,2632,45,,,0
140014019,'1179337',634,,2633,17,,,0
140014019,'1179350',934,,2634,45,,,0
140014019,'1179353',1836,,2635,45,,,0
140014019,'1179366',2034,,2636,45,,,0
140014019,'1179392',1634,,2637,45,,,0
140014019,'1179403',1936,,2638,45,,,0
140014019,'1179417',734,,2639,24,,,0
140014019,'1179433',1436,,2640,45,,,0
140014019,'1179443',1006,,2641,45,,,0
140014019,'1179446',1234,,2642,45,,,0
140014019,'1179449',1106,,2643,45,,,0
140014019,'1179493',1136,,2644,45,,,0
140014019,'1179513',636,,2645,17,,,0
140014019,'1179524',1736,,2646,45,,,0
140014019,'1179535',1406,,2647,45,,,0
140014019,'1179547',1334,,2648,45,,,0
140014019,'1179550',706,,2649,24,,,0
140014019,'1179561',1606,,2651,45,,,0
140014019,'1179577',1336,,2652,45,,,0
140014019,'1179598',2136,,2653,45,,,0
140014019,'1179600',2234,,2654,45,,,0
140014019,'1179608',1934,,2655,45,,,0
140014019,'1179636',1706,,2656,45,,,0
140014019,'1179638',936,,2657,45,,,0
140014019,'1179648',2036,,2658,45,,,0
140014019,'1179654',2134,,2659,45,,,0
140014019,'1179662',1134,,2660,45,,,0
