130019,'1179053',1731,,2312,14,,,0
130019,'1179067',1331,,2313,14,,,0
130019,'1179069',1031,,2314,14,,,0
130019,'1179093',1131,,2315,14,,,0
130019,'1179108',1231,,2316,14,,,0
130019,'1179294',1531,,2317,14,,,0
130019,'1179386',1631,,2318,14,,,0
130019,'1179541',931,,2319,14,,,0
130019,'1179675',1431,,2320,14,,,0
140012019,'1178913',1155,,2568,14,,,0
140012019,'1178923',1155,,2569,14,,,0
140012019,'1178934',955,,2570,14,,,0
140012019,'1178935',755,,2571,14,,,0
140012019,'1178953',855,,2572,14,,,0
140012019,'1178981',655,,2573,14,,,0
140012019,'1178986',1425,,2574,14,,,0
140012019,'1179006',1325,,2575,14,,,0
140012019,'1179011',725,,2576,14,,,0
140012019,'1179015',1855,,2577,14,,,0
140012019,'1179046',855,,2578,14,,,0
140012019,'1179102',1555,,2579,14,,,0
140012019,'1179154',1355,,2580,14,,,0
140012019,'1179183',1955,,2581,14,,,0
140012019,'1179185',925,,2582,14,,,0
140012019,'1179216',2255,,2583,14,0,8 21,0
140012019,'1179230',955,,2584,14,,,0
140012019,'1179233',1555,,2585,14,,,0
140012019,'1179236',755,,2586,14,,,0
140012019,'1179238',1455,,2587,14,,,0
140012019,'1179244',2055,,2588,14,,,0
140012019,'1179245',1855,,2589,14,,,0
140012019,'1179255',1825,,2591,14,0,8 21,0
140012019,'1179261',1055,,2592,14,,,0
140012019,'1179316',1955,,2593,14,,,0
140012019,'1179325',825,,2594,14,,,0
140012019,'1179348',1255,,2595,14,,,0
140012019,'1179359',1725,,2596,14,,,0
140012019,'1179372',2155,,2597,14,,,0
140012019,'1179387',1255,,2598,14,,,0
140012019,'1179399',1125,,2599,14,,,0
140012019,'1179425',2055,,2600,14,,,0
140012019,'1179444',1625,,2601,14,,,0
140012019,'1179495',1355,,2602,14,,,0
140012019,'1179499',1525,,2603,14,,,0
140012019,'1179510',1655,,2604,14,,,0
140012019,'1179511',2155,,2605,14,,,0
140012019,'1179526',1755,,2606,14,,,0
140012019,'1179556',1055,,2607,14,,,0
140012019,'1179567',1225,,2608,14,,,0
140012019,'1179578',2255,,2609,14,0,8 21,0
140012019,'1179644',1755,,2610,14,,,0
140012019,'1179693',1025,,2611,14,,,0
140012019,'1179704',1455,,2612,14,,,0
140012019,'1179715',1655,,2613,14,,,0
