120019,'1178966',1349,,2294,31,,,0
120019,'1178998',1549,,2295,31,,,0
120019,'1179031',1649,,2296,31,,,0
120019,'1179149',1449,,2297,31,,,0
120019,'1179182',1149,,2298,31,,,0
120019,'1179282',949,,2299,31,,,0
120019,'1179296',1802,,2300,31,,,0
120019,'1179596',1049,,2301,31,,,0
120019,'1179628',1249,,2302,31,,,0
140016019,'1178912',1724,,2661,32,,,0
140016019,'1178941',824,,2662,32,,,0
140016019,'1179051',2224,,2665,32,,,0
140016019,'1179063',724,,2666,12,,,0
140016019,'1179077',1754,,2667,32,,,0
140016019,'1179112',1924,,2668,32,,,0
140016019,'1179129',1224,,2669,32,,,0
140016019,'1179136',1524,,2670,32,,,0
140016019,'1179158',1324,,2671,32,,,0
140016019,'1179191',924,,2672,32,,,0
140016019,'1179213',1024,,2673,32,,,0
140016019,'1179234',1424,,2675,32,,,0
140016019,'1179256',854,,2677,32,,,0
140016019,'1179267',824,,2678,32,,,0
140016019,'1179284',1924,,2679,32,,,0
140016019,'1179299',2224,,2681,32,,,0
140016019,'1179304',1324,,2682,32,,,0
140016019,'1179312',1624,,2683,32,,,0
140016019,'1179318',1824,,2684,32,,,0
140016019,'1179330',2024,,2685,32,,,0
140016019,'1179333',1424,,2686,32,,,0
140016019,'1179357',1124,,2688,32,,,0
140016019,'1179371',1524,,2689,32,,,0
140016019,'1179389',1654,,2690,32,,,0
140016019,'1179416',1624,,2691,32,,,0
140016019,'1179464',2124,,2693,32,,,0
140016019,'1179475',924,,2694,32,,,0
140016019,'1179481',1724,,2695,32,,,0
140016019,'1179517',1554,,2697,32,,,0
140016019,'1179520',2024,,2698,32,,,0
140016019,'1179536',754,,2699,32,,,0
140016019,'1179538',724,,2700,32,,,0
140016019,'1179601',2124,,2703,32,,,0
140016019,'1179604',1124,,2704,32,,,0
140016019,'1179627',1224,,2705,32,,,0
140016019,'1179663',1024,,2706,32,,,0
140016019,'1179687',1824,,2708,32,,,0
