150029,'1178980',1100,,2357,6,,,0
150029,'1179059',900,,2358,6,,,0
150029,'1179210',1300,,2359,6,,,0
150029,'1179274',1700,,2360,6,,,0
150029,'1179311',1000,,2361,6,,,0
150029,'1179362',1600,,2362,6,,,0
150029,'1179450',1400,,2363,6,,,0
150029,'1179616',1200,,2364,6,,,0
150029,'1179674',1500,,2365,6,,,0
190015019,'1178937',1148,,2803,31,,,0
190015019,'1178958',1018,,2805,31,,,0
190015019,'1178960',1118,,2806,31,,,0
190015019,'1179018',1418,,2808,31,,,0
190015019,'1179054',1318,,2809,31,,,0
190015019,'1179073',1348,,2810,31,,,0
190015019,'1179083',618,,2811,6,,,0
190015019,'1179089',1218,,2812,31,,,0
190015019,'1179095',1718,,2813,31,,,0
190015019,'1179126',1818,,2814,31,,,0
190015019,'1179130',1618,,2815,31,,,0
190015019,'1179152',948,,2816,31,,,0
190015019,'1179169',1018,,2818,31,,,0
190015019,'1179170',818,,2819,31,,,0
190015019,'1179189',818,,2820,31,,,0
190015019,'1179226',1818,,2821,31,,,0
190015019,'1179257',2118,,2823,31,,,0
190015019,'1179260',1718,,2824,31,,,0
190015019,'1179280',1518,,2826,31,,,0
190015019,'1179329',1648,,2827,31,,,0
190015019,'1179378',2018,,2828,31,,,0
190015019,'1179382',1748,,2829,31,,,0
190015019,'1179400',1918,,2830,31,,,0
190015019,'1179414',1518,,2831,31,,,0
190015019,'1179456',1548,,2832,31,,,0
190015019,'1179465',1618,,2833,31,,,0
190015019,'1179466',918,,2834,31,,,0
190015019,'1179468',2018,,2835,31,,,0
190015019,'1179480',1318,,2836,31,,,0
190015019,'1179489',1248,,2837,31,,,0
190015019,'1179491',1118,,2838,31,,,0
190015019,'1179501',1048,,2839,31,,,0
190015019,'1179525',718,,2840,31,,,0
190015019,'1179560',2118,,2841,31,,,0
190015019,'1179563',1418,,2842,31,,,0
190015019,'1179576',1918,,2843,31,,,0
190015019,'1179602',848,,2844,31,,,0
190015019,'1179633',748,,2845,31,,,0
190015019,'1179637',648,,2846,6,,,0
190015019,'1179652',918,,2847,31,,,0
190015019,'1179679',1448,,2848,31,,,0
190015019,'1179703',1218,,2849,31,,,0
190015019,'1179716',718,,2850,31,,,0
