160029,'1178957',913,,2375,29,,,0
160029,'1179098',1413,,2376,29,,,0
160029,'1179137',1613,,2377,29,,,0
160029,'1179301',1213,,2378,29,,,0
160029,'1179398',1313,,2379,29,,,0
160029,'1179410',1713,,2380,29,,,0
160029,'1179543',1113,,2381,29,,,0
160029,'1179558',1013,,2382,29,,,0
160029,'1179623',1513,,2383,29,,,0
216019,'1178924',803,,2403,31,,,0
216019,'1178948',633,,2404,31,,,0
216019,'1178963',2133,,2405,31,,,0
216019,'1178968',1233,,2406,31,,,0
216019,'1179019',1803,,2407,31,,,0
216019,'1179021',1603,,2408,31,,,0
216019,'1179029',1433,,2409,31,,,0
216019,'1179050',1533,,2410,31,,,0
216019,'1179070',1433,,2411,31,,,0
216019,'1179075',1833,,2412,31,,,0
216019,'1179116',735,,2413,32,,,0
216019,'1179123',1333,,2414,31,,,0
216019,'1179160',1735,,2415,32,,,0
216019,'1179179',2033,,2416,31,,,0
216019,'1179181',1133,,2417,31,,,0
216019,'1179199',933,,2418,31,,,0
216019,'1179206',1533,,2419,31,,,0
216019,'1179328',1033,,2420,31,,,0
216019,'1179338',1233,,2421,31,,,0
216019,'1179345',833,,2422,31,,,0
216019,'1179368',1705,,2423,32,,,0
216019,'1179369',1033,,2424,31,,,0
216019,'1179374',1635,,2425,32,,,0
216019,'1179421',1833,,2426,31,,,0
216019,'1179431',1133,,2427,31,,,0
216019,'1179458',1933,,2428,31,,,0
216019,'1179488',733,,2429,31,,,0
216019,'1179523',1333,,2430,31,,,0
216019,'1179574',2033,,2431,31,,,0
216019,'1179582',1933,,2432,31,,,0
216019,'1179605',903,,2433,31,,,0
216019,'1179647',1733,,2434,31,,,0
216019,'1179669',833,,2435,31,,,0
216019,'1179695',2133,,2436,31,,,0
216019,'1179712',705,,2437,32,,,0
216019,'1179714',933,,2438,31,,,0
216019,'1179719',1633,,2439,31,,,0
