140019,'1178969',1327,,2330,20,,,0
140019,'1178977',1527,,2331,20,,,0
140019,'1179164',1627,,2332,20,,,0
140019,'1179344',1427,,2333,20,,,0
140019,'1179352',927,,2334,20,,,0
140019,'1179462',1227,,2335,20,,,0
140019,'1179512',1127,,2336,20,,,0
140019,'1179518',1027,,2337,20,,,0
140019,'1179634',1727,,2338,20,,,0
190013019,'1178916',1627,,2757,24,,,0
190013019,'1178919',1957,,2758,24,,,0
190013019,'1178920',1127,,2759,24,,,0
190013019,'1178929',757,,2760,24,,,0
190013019,'1178930',1657,,2761,24,,,0
190013019,'1178972',1957,,2762,24,,,0
190013019,'1178983',1227,,2763,24,,,0
190013019,'1178994',2157,,2764,24,,,0
190013019,'1178997',1157,,2765,24,,,0
190013019,'1179048',1527,,2766,24,,,0
190013019,'1179062',1557,,2767,24,,,0
190013019,'1179074',1327,,2768,24,,,0
190013019,'1179087',1257,,2769,24,,,0
190013019,'1179104',1027,,2770,24,,,0
190013019,'1179171',1827,,2771,24,0,8 21,0
190013019,'1179187',857,,2772,24,,,0
190013019,'1179202',1057,,2773,24,,,0
190013019,'1179203',957,,2774,24,,,0
190013019,'1179212',1457,,2775,24,,,0
190013019,'1179219',1257,,2776,24,,,0
190013019,'1179243',757,,2777,24,,,0
190013019,'1179287',2157,,2778,24,,,0
190013019,'1179292',1057,,2779,24,,,0
190013019,'1179300',727,,2780,24,,,0
190013019,'1179373',957,,2782,24,,,0
190013019,'1179380',1357,,2783,24,,,0
190013019,'1179402',1357,,2784,24,,,0
190013019,'1179411',1427,,2785,24,,,0
190013019,'1179457',1857,,2786,24,,,0
190013019,'1179504',657,,2787,24,,,0
190013019,'1179507',927,,2788,24,,,0
190013019,'1179509',1157,,2789,24,,,0
190013019,'1179516',1557,,2790,24,,,0
190013019,'1179531',2057,,2791,24,,,0
190013019,'1179537',857,,2792,24,,,0
190013019,'1179539',1757,,2793,24,,,0
190013019,'1179546',657,,2794,24,,,0
190013019,'1179553',1857,,2795,24,,,0
190013019,'1179591',1657,,2797,24,,,0
190013019,'1179611',1727,,2798,24,,,0
190013019,'1179635',1457,,2799,24,,,0
190013019,'1179694',827,,2800,24,,,0
190013019,'1179701',2057,,2801,24,,,0
190013019,'1179717',1757,,2802,24,,,0
