110019,'1178947',949,,2239,30,,,0
110019,'1178964',1449,,2240,30,,,0
110019,'1178973',1749,,2241,30,,,0
110019,'1179028',1549,,2242,30,,,0
110019,'1179105',1649,,2243,30,,,0
110019,'1179114',1049,,2244,30,,,0
110019,'1179176',1249,,2245,30,,,0
110019,'1179184',1349,,2246,30,,,0
110019,'1179290',1149,,2247,30,,,0
116019,'1178992',803,,2257,35,,,0
116019,'1178995',803,,2258,35,,,0
116019,'1179088',704,,2259,36,,,0
116019,'1179096',903,,2260,35,,,0
116019,'1179141',1503,,2261,35,,,0
116019,'1179172',1203,,2262,35,,,0
116019,'1179177',903,,2263,35,,,0
116019,'1179190',1633,,2264,35,,,0
116019,'1179215',1103,,2265,35,,,0
116019,'1179228',833,,2266,35,,,0
116019,'1179247',1003,,2267,35,,,0
116019,'1179275',1603,,2268,35,,,0
116019,'1179278',1303,,2269,35,,,0
116019,'1179313',1803,,2270,35,,,0
116019,'1179314',2103,,2271,35,,,0
116019,'1179321',1203,,2272,35,,,0
116019,'1179339',734,,2273,36,,,0
116019,'1179343',2003,,2274,35,,,0
116019,'1179365',1703,,2275,35,,,0
116019,'1179381',1903,,2276,35,,,0
116019,'1179418',1704,,2277,36,,,0
116019,'1179432',1734,,2278,36,,,0
116019,'1179434',2003,,2279,35,,,0
116019,'1179439',1403,,2280,35,,,0
116019,'1179441',1503,,2281,35,,,0
116019,'1179476',1103,,2282,35,,,0
116019,'1179500',2203,,2283,35,,,0
116019,'1179515',933,,2284,35,,,0
116019,'1179584',1903,,2285,35,,,0
116019,'1179603',1003,,2286,35,,,0
116019,'1179606',1837,,2287,35,,,0
116019,'1179615',1603,,2288,35,,,0
116019,'1179641',1303,,2289,35,,,0
116019,'1179653',1803,,2290,35,,,0
116019,'1179682',1403,,2291,35,,,0
116019,'1179696',2103,,2292,35,,,0
116019,'1179706',2203,,2293,35,,,0
130029,'1178925',1456,,2321,2,,,0
130029,'1178989',1356,,2322,2,,,0
130029,'1179023',1556,,2323,2,,,0
130029,'1179120',1656,,2324,2,,,0
130029,'1179168',1256,,2325,2,,,0
130029,'1179423',856,,2326,2,,,0
130029,'1179469',1156,,2327,2,,,0
130029,'1179639',956,,2328,2,,,0
130029,'1179657',1056,,2329,2,,,0
150029,'1178980',1056,,2357,2,,,0
150029,'1179059',856,,2358,2,,,0
150029,'1179210',1256,,2359,2,,,0
150029,'1179274',1656,,2360,2,,,0
150029,'1179311',956,,2361,2,,,0
150029,'1179362',1556,,2362,2,,,0
150029,'1179450',1356,,2363,2,,,0
150029,'1179616',1156,,2364,2,,,0
150029,'1179674',1456,,2365,2,,,0
160019,'1178943',1548,,2366,33,,,0
160019,'1178949',948,,2367,33,,,0
160019,'1178951',1348,,2368,33,,,0
160019,'1179047',1448,,2369,33,,,0
160019,'1179060',1748,,2370,33,,,0
160019,'1179205',1148,,2371,33,,,0
160019,'1179319',1248,,2372,33,,,0
160019,'1179451',1648,,2373,33,,,0
160019,'1179697',1048,,2374,33,,,0
200019,'1179038',1448,,2384,18,,,0,53,,2384,20,,,0
200019,'1179081',1648,,2385,18,,,0,53,,2385,20,,,0
200019,'1179174',948,,2386,18,,,0,53,,2386,20,,,0
200019,'1179259',1148,,2387,18,,,0,53,,2387,20,,,0
200019,'1179289',1548,,2388,18,,,0,53,,2388,20,,,0
200019,'1179460',1748,,2389,18,,,0,5,,2389,20,,,0
200019,'1179585',1048,,2390,18,,,0,53,,2390,20,,,0
200019,'1179594',1348,,2391,18,,,0,53,,2391,20,,,0
200019,'1179655',1248,,2392,18,,,0,53,,2392,20,,,0
140010019,'1178914',1129,,2522,32,0,8 21,0
140010019,'1178921',1500,,2523,32,,,0,16,,2523,34,,,0
140010019,'1178922',1000,,2524,33,,,0,16,,2524,35,,,0
140010019,'1178936',729,,2525,32,,,0,17,,2525,34,,,0
140010019,'1178946',2259,,2526,32,0,8 21,0
140010019,'1178979',1100,,2527,33,,,0,16,,2527,35,,,0
140010019,'1179012',759,,2528,33,,,0,57,,2528,35,,,0
140010019,'1179037',1959,,2529,32,,,0,57,,2529,34,,,0
140010019,'1179103',1559,,2530,33,,,0,57,,2530,35,,,0
140010019,'1179122',1329,,2531,32,0,8 21,0
140010019,'1179131',1200,,2532,32,,,0,16,,2532,34,,,0
140010019,'1179140',2159,,2533,32,,,0,57,,2533,34,,,0
140010019,'1179147',929,,2534,32,0,8 21,0
140010019,'1179157',659,,2535,32,,,0,57,,2535,34,,,0
140010019,'1179167',1100,,2536,32,,,0,16,,2536,34,,,0
140010019,'1179178',1759,,2537,33,,,0,57,,2537,35,,,0
140010019,'1179180',2159,,2538,33,,,0,57,,2538,35,,,0
140010019,'1179188',1500,,2539,33,,,0,16,,2539,35,,,0
140010019,'1179217',1959,,2540,33,,,0,57,,2540,35,,,0
140010019,'1179232',1529,,2541,32,0,8 21,0
140010019,'1179251',1629,,2542,32,,,0,17,,2542,34,,,0
140010019,'1179253',829,,2543,32,,,0,17,,2543,34,,,0
140010019,'1179268',1729,,2544,32,,,0,17,,2544,34,,,0
140010019,'1179270',1659,,2545,33,,,0,57,,2545,35,,,0
140010019,'1179302',716,,2546,2,,,0
140010019,'1179336',859,,2547,32,,,0,57,,2547,34,,,0
140010019,'1179347',759,,2548,32,,,0,57,,2548,34,,,0
140010019,'1179361',2059,,2549,32,,,0,57,,2549,34,,,0
140010019,'1179396',2059,,2550,33,,,0,57,,2550,35,,,0
140010019,'1179408',2259,,2551,33,0,8 21,0
140010019,'1179415',1200,,2552,33,,,0,16,,2552,35,,,0
140010019,'1179445',1400,,2553,32,,,0,16,,2553,34,,,0
140010019,'1179452',1759,,2554,32,,,0,57,,2554,34,,,0
140010019,'1179453',1400,,2555,33,,,0,16,,2555,35,,,0
140010019,'1179479',1300,,2556,32,,,0,16,,2556,34,,,0
140010019,'1179483',1229,,2557,32,0,8 21,0
140010019,'1179494',1659,,2558,32,,,0,57,,2558,34,,,0
140010019,'1179496',1559,,2559,32,,,0,57,,2559,34,,,0
140010019,'1179498',1429,,2560,32,0,8 21,0
140010019,'1179544',1859,,2561,32,,,0,57,,2561,34,,,0
140010019,'1179548',1029,,2562,32,0,8 21,0
140010019,'1179613',1859,,2563,33,,,0,57,,2563,35,,,0
140010019,'1179620',859,,2564,33,,,0,57,,2564,35,,,0
140010019,'1179629',1829,,2565,32,0,8 21,0
140010019,'1179659',1300,,2566,33,,,0,16,,2566,35,,,0
140010019,'1179692',1000,,2567,32,,,0,16,,2567,34,,,0
140012019,'1178913',1216,,2568,24,,,0
140012019,'1178923',1216,,2569,24,,,0
140012019,'1178934',1016,,2570,24,,,0
140012019,'1178935',816,,2571,24,,,0
140012019,'1178953',916,,2572,24,,,0
140012019,'1178981',716,,2573,24,,,0
140012019,'1178986',1446,,2574,24,,,0
140012019,'1179006',1346,,2575,24,,,0
140012019,'1179011',746,,2576,24,,,0
140012019,'1179015',1916,,2577,24,,,0
140012019,'1179046',916,,2578,24,,,0
140012019,'1179102',1616,,2579,24,,,0
140012019,'1179154',1416,,2580,24,,,0
140012019,'1179183',2016,,2581,24,,,0
140012019,'1179185',946,,2582,24,,,0
140012019,'1179230',1016,,2584,24,,,0
140012019,'1179233',1616,,2585,24,,,0
140012019,'1179236',816,,2586,24,,,0
140012019,'1179238',1516,,2587,24,,,0
140012019,'1179244',2116,,2588,24,,,0
140012019,'1179245',1916,,2589,24,,,0
140012019,'1179250',716,,2590,2,,,0
140012019,'1179261',1116,,2592,24,,,0
140012019,'1179316',2016,,2593,24,,,0
140012019,'1179325',846,,2594,24,,,0
140012019,'1179348',1316,,2595,24,,,0
140012019,'1179359',1746,,2596,24,,,0
140012019,'1179372',2216,,2597,24,,,0
140012019,'1179387',1316,,2598,24,,,0
140012019,'1179399',1146,,2599,24,,,0
140012019,'1179425',2116,,2600,24,,,0
140012019,'1179444',1646,,2601,24,,,0
140012019,'1179495',1416,,2602,24,,,0
140012019,'1179499',1546,,2603,24,,,0
140012019,'1179510',1716,,2604,24,,,0
140012019,'1179511',2216,,2605,24,,,0
140012019,'1179526',1816,,2606,24,,,0
140012019,'1179556',1116,,2607,24,,,0
140012019,'1179567',1246,,2608,24,,,0
140012019,'1179644',1816,,2610,24,,,0
140012019,'1179693',1046,,2611,24,,,0
140012019,'1179704',1516,,2612,24,,,0
140012019,'1179715',1716,,2613,24,,,0
140014019,'1178954',1616,,2614,23,,,0
140014019,'1178955',1146,,2615,23,,,0
140014019,'1178974',1016,,2616,23,,,0
140014019,'1179007',1816,,2617,23,,,0
140014019,'1179027',1516,,2618,23,,,0
140014019,'1179052',816,,2619,23,,,0
140014019,'1179079',746,,2620,23,,,0
140014019,'1179080',1516,,2621,23,,,0
140014019,'1179082',846,,2622,23,,,0
140014019,'1179084',716,,2623,23,,,0
140014019,'1179111',2216,,2624,23,,,0
140014019,'1179143',816,,2625,23,,,0
140014019,'1179200',1246,,2626,23,,,0
140014019,'1179207',1746,,2627,23,,,0
140014019,'1179221',1416,,2628,23,,,0
140014019,'1179271',1216,,2629,23,,,0
140014019,'1179298',1716,,2630,23,,,0
140014019,'1179320',1446,,2631,23,,,0
140014019,'1179323',1016,,2632,23,,,0
140014019,'1179350',916,,2634,23,,,0
140014019,'1179353',1816,,2635,23,,,0
140014019,'1179366',2016,,2636,23,,,0
140014019,'1179392',1616,,2637,23,,,0
140014019,'1179403',1916,,2638,23,,,0
140014019,'1179417',716,,2639,2,,,0
140014019,'1179433',1416,,2640,23,,,0
140014019,'1179443',946,,2641,23,,,0
140014019,'1179446',1216,,2642,23,,,0
140014019,'1179449',1046,,2643,23,,,0
140014019,'1179493',1116,,2644,23,,,0
140014019,'1179524',1716,,2646,23,,,0
140014019,'1179535',1346,,2647,23,,,0
140014019,'1179547',1316,,2648,23,,,0
140014019,'1179550',646,,2649,2,,,0
140014019,'1179561',1546,,2651,23,,,0
140014019,'1179577',1316,,2652,23,,,0
140014019,'1179598',2116,,2653,23,,,0
140014019,'1179600',2216,,2654,23,,,0
140014019,'1179608',1916,,2655,23,,,0
140014019,'1179636',1646,,2656,23,,,0
140014019,'1179638',916,,2657,23,,,0
140014019,'1179648',2016,,2658,23,,,0
140014019,'1179654',2116,,2659,23,,,0
140014019,'1179662',1116,,2660,23,,,0
140016019,'1178912',1704,,2661,20,,,0,12,,2661,22,,,0
140016019,'1178941',804,,2662,20,,,0,12,,2662,22,,,0
140016019,'1179017',1234,,2664,20,0,8 21,0
140016019,'1179051',2204,,2665,20,,,0,12,,2665,22,,,0
140016019,'1179063',716,,2666,2,,,0
140016019,'1179077',1734,,2667,20,,,0,12,,2667,22,,,0
140016019,'1179112',1904,,2668,20,,,0,12,,2668,22,,,0
140016019,'1179129',1204,,2669,20,,,0,12,,2669,22,,,0
140016019,'1179136',1504,,2670,20,,,0,12,,2670,22,,,0
140016019,'1179158',1304,,2671,20,,,0,12,,2671,22,,,0
140016019,'1179191',904,,2672,20,,,0,12,,2672,22,,,0
140016019,'1179213',1004,,2673,20,,,0,12,,2673,22,,,0
140016019,'1179234',1404,,2675,20,,,0,12,,2675,22,,,0
140016019,'1179254',1134,,2676,20,0,8 21,0
140016019,'1179256',834,,2677,20,,,0,12,,2677,22,,,0
140016019,'1179267',804,,2678,20,,,0,12,,2678,22,,,0
140016019,'1179284',1904,,2679,20,,,0,12,,2679,22,,,0
140016019,'1179299',2204,,2681,20,,,0,12,,2681,22,,,0
140016019,'1179304',1304,,2682,20,,,0,12,,2682,22,,,0
140016019,'1179312',1604,,2683,20,,,0,12,,2683,22,,,0
140016019,'1179318',1804,,2684,20,,,0,12,,2684,22,,,0
140016019,'1179330',2004,,2685,20,,,0,12,,2685,22,,,0
140016019,'1179333',1404,,2686,20,,,0,12,,2686,22,,,0
140016019,'1179351',934,,2687,20,0,8 21,0
140016019,'1179357',1104,,2688,20,,,0,12,,2688,22,,,0
140016019,'1179371',1504,,2689,20,,,0,12,,2689,22,,,0
140016019,'1179389',1634,,2690,20,,,0,12,,2690,22,,,0
140016019,'1179416',1604,,2691,20,,,0,12,,2691,22,,,0
140016019,'1179464',2104,,2693,20,,,0,12,,2693,22,,,0
140016019,'1179475',904,,2694,20,,,0,12,,2694,22,,,0
140016019,'1179481',1704,,2695,20,,,0,12,,2695,22,,,0
140016019,'1179503',1434,,2696,20,0,8 21,0
140016019,'1179517',1534,,2697,20,,,0,12,,2697,22,,,0
140016019,'1179520',2004,,2698,20,,,0,12,,2698,22,,,0
140016019,'1179536',734,,2699,20,,,0,12,,2699,22,,,0
140016019,'1179538',704,,2700,20,,,0,12,,2700,22,,,0
140016019,'1179562',1334,,2701,20,0,8 21,0
140016019,'1179569',1834,,2702,20,0,8 21,0
140016019,'1179601',2104,,2703,20,,,0,12,,2703,22,,,0
140016019,'1179604',1104,,2704,20,,,0,12,,2704,22,,,0
140016019,'1179627',1204,,2705,20,,,0,12,,2705,22,,,0
140016019,'1179663',1004,,2706,20,,,0,12,,2706,22,,,0
140016019,'1179681',1034,,2707,20,0,8 21,0
140016019,'1179687',1804,,2708,20,,,0,12,,2708,22,,,0
190013019,'1178916',1646,,2757,34,,,0
190013019,'1178919',2016,,2758,34,,,0
190013019,'1178920',1146,,2759,34,,,0
190013019,'1178929',816,,2760,34,,,0
190013019,'1178930',1716,,2761,34,,,0
190013019,'1178972',2016,,2762,34,,,0
190013019,'1178983',1246,,2763,34,,,0
190013019,'1178994',2216,,2764,34,,,0
190013019,'1178997',1216,,2765,34,,,0
190013019,'1179048',1546,,2766,34,,,0
190013019,'1179062',1616,,2767,34,,,0
190013019,'1179074',1346,,2768,34,,,0
190013019,'1179087',1316,,2769,34,,,0
190013019,'1179104',1046,,2770,34,,,0
190013019,'1179187',916,,2772,34,,,0
190013019,'1179202',1116,,2773,34,,,0
190013019,'1179203',1016,,2774,34,,,0
190013019,'1179212',1516,,2775,34,,,0
190013019,'1179219',1316,,2776,34,,,0
190013019,'1179243',816,,2777,34,,,0
190013019,'1179287',2216,,2778,34,,,0
190013019,'1179292',1116,,2779,34,,,0
190013019,'1179300',746,,2780,34,,,0
190013019,'1179354',616,,2781,2,,,0
190013019,'1179373',1016,,2782,34,,,0
190013019,'1179380',1416,,2783,34,,,0
190013019,'1179402',1416,,2784,34,,,0
190013019,'1179411',1446,,2785,34,,,0
190013019,'1179457',1916,,2786,34,,,0
190013019,'1179504',716,,2787,34,,,0
190013019,'1179507',946,,2788,34,,,0
190013019,'1179509',1216,,2789,34,,,0
190013019,'1179516',1616,,2790,34,,,0
190013019,'1179531',2116,,2791,34,,,0
190013019,'1179537',916,,2792,34,,,0
190013019,'1179539',1816,,2793,34,,,0
190013019,'1179546',716,,2794,34,,,0
190013019,'1179553',1916,,2795,34,,,0
190013019,'1179581',646,,2796,2,,,0
190013019,'1179591',1716,,2797,34,,,0
190013019,'1179611',1746,,2798,34,,,0
190013019,'1179635',1516,,2799,34,,,0
190013019,'1179694',846,,2800,34,,,0
190013019,'1179701',2116,,2801,34,,,0
190013019,'1179717',1816,,2802,34,,,0
190015019,'1178937',1145,,2803,27,,,0
190015019,'1178958',1015,,2805,27,,,0
190015019,'1178960',1115,,2806,27,,,0
190015019,'1179018',1415,,2808,27,,,0
190015019,'1179054',1315,,2809,27,,,0
190015019,'1179073',1345,,2810,27,,,0
190015019,'1179083',615,,2811,2,,,0
190015019,'1179089',1215,,2812,27,,,0
190015019,'1179095',1715,,2813,27,,,0
190015019,'1179126',1815,,2814,27,,,0
190015019,'1179130',1615,,2815,27,,,0
190015019,'1179152',945,,2816,27,,,0
190015019,'1179169',1015,,2818,27,,,0
190015019,'1179170',815,,2819,27,,,0
190015019,'1179189',815,,2820,27,,,0
190015019,'1179226',1815,,2821,27,,,0
190015019,'1179257',2115,,2823,27,,,0
190015019,'1179260',1715,,2824,27,,,0
190015019,'1179280',1515,,2826,27,,,0
190015019,'1179329',1645,,2827,27,,,0
190015019,'1179378',2015,,2828,27,,,0
190015019,'1179382',1745,,2829,27,,,0
190015019,'1179400',1915,,2830,27,,,0
190015019,'1179414',1515,,2831,27,,,0
190015019,'1179456',1545,,2832,27,,,0
190015019,'1179465',1615,,2833,27,,,0
190015019,'1179466',915,,2834,27,,,0
190015019,'1179468',2015,,2835,27,,,0
190015019,'1179480',1315,,2836,27,,,0
190015019,'1179489',1245,,2837,27,,,0
190015019,'1179491',1115,,2838,27,,,0
190015019,'1179501',1045,,2839,27,,,0
190015019,'1179525',715,,2840,27,,,0
190015019,'1179560',2115,,2841,27,,,0
190015019,'1179563',1415,,2842,27,,,0
190015019,'1179576',1915,,2843,27,,,0
190015019,'1179602',845,,2844,27,,,0
190015019,'1179633',745,,2845,27,,,0
190015019,'1179637',645,,2846,2,,,0
190015019,'1179652',915,,2847,27,,,0
190015019,'1179679',1445,,2848,27,,,0
190015019,'1179703',1215,,2849,27,,,0
190015019,'1179716',715,,2850,27,,,0
