120019,'1178966',1353,,2294,40,,,0
120019,'1178998',1553,,2295,40,,,0
120019,'1179031',1653,,2296,40,,,0
120019,'1179149',1453,,2297,40,,,0
120019,'1179182',1153,,2298,40,,,0
120019,'1179282',953,,2299,40,,,0
120019,'1179296',1806,,2300,40,,,0
120019,'1179596',1053,,2301,40,,,0
120019,'1179628',1253,,2302,40,,,0
140016019,'1178912',1728,,2661,41,,,0
140016019,'1178941',828,,2662,41,,,0
140016019,'1179051',2228,,2665,41,,,0
140016019,'1179063',728,,2666,21,,,0
140016019,'1179077',1758,,2667,41,,,0
140016019,'1179112',1928,,2668,41,,,0
140016019,'1179129',1228,,2669,41,,,0
140016019,'1179136',1528,,2670,41,,,0
140016019,'1179158',1328,,2671,41,,,0
140016019,'1179191',928,,2672,41,,,0
140016019,'1179213',1028,,2673,41,,,0
140016019,'1179234',1428,,2675,41,,,0
140016019,'1179256',858,,2677,41,,,0
140016019,'1179267',828,,2678,41,,,0
140016019,'1179284',1928,,2679,41,,,0
140016019,'1179299',2228,,2681,41,,,0
140016019,'1179304',1328,,2682,41,,,0
140016019,'1179312',1628,,2683,41,,,0
140016019,'1179318',1828,,2684,41,,,0
140016019,'1179330',2028,,2685,41,,,0
140016019,'1179333',1428,,2686,41,,,0
140016019,'1179357',1128,,2688,41,,,0
140016019,'1179371',1528,,2689,41,,,0
140016019,'1179389',1658,,2690,41,,,0
140016019,'1179416',1628,,2691,41,,,0
140016019,'1179464',2128,,2693,41,,,0
140016019,'1179475',928,,2694,41,,,0
140016019,'1179481',1728,,2695,41,,,0
140016019,'1179517',1558,,2697,41,,,0
140016019,'1179520',2028,,2698,41,,,0
140016019,'1179536',758,,2699,41,,,0
140016019,'1179538',728,,2700,41,,,0
140016019,'1179601',2128,,2703,41,,,0
140016019,'1179604',1128,,2704,41,,,0
140016019,'1179627',1228,,2705,41,,,0
140016019,'1179663',1028,,2706,41,,,0
140016019,'1179687',1828,,2708,41,,,0
