110019,'1178947',936,,2239,5,,,0
110019,'1178964',1436,,2240,5,,,0
110019,'1178973',1736,,2241,5,,,0
110019,'1179028',1536,,2242,5,,,0
110019,'1179105',1636,,2243,5,,,0
110019,'1179114',1036,,2244,5,,,0
110019,'1179176',1236,,2245,5,,,0
110019,'1179184',1336,,2246,5,,,0
110019,'1179290',1136,,2247,5,,,0
140010019,'1178914',1116,,2522,7,0,8 21,0
140010019,'1178921',1446,,2523,7,,,0
140010019,'1178922',946,,2524,7,,,0
140010019,'1178936',716,,2525,7,,,0
140010019,'1178946',2246,,2526,7,0,8 21,0
140010019,'1178979',1046,,2527,7,,,0
140010019,'1179012',746,,2528,7,,,0
140010019,'1179037',1946,,2529,7,,,0
140010019,'1179103',1546,,2530,7,,,0
140010019,'1179122',1316,,2531,7,0,8 21,0
140010019,'1179131',1146,,2532,7,,,0
140010019,'1179140',2146,,2533,7,,,0
140010019,'1179147',916,,2534,7,0,8 21,0
140010019,'1179157',646,,2535,7,,,0
140010019,'1179167',1046,,2536,7,,,0
140010019,'1179178',1746,,2537,7,,,0
140010019,'1179180',2146,,2538,7,,,0
140010019,'1179188',1446,,2539,7,,,0
140010019,'1179217',1946,,2540,7,,,0
140010019,'1179232',1516,,2541,7,0,8 21,0
140010019,'1179251',1616,,2542,7,,,0
140010019,'1179253',816,,2543,7,,,0
140010019,'1179268',1716,,2544,7,,,0
140010019,'1179270',1646,,2545,7,,,0
140010019,'1179336',846,,2547,7,,,0
140010019,'1179347',746,,2548,7,,,0
140010019,'1179361',2046,,2549,7,,,0
140010019,'1179396',2046,,2550,7,,,0
140010019,'1179408',2246,,2551,7,0,8 21,0
140010019,'1179415',1146,,2552,7,,,0
140010019,'1179445',1346,,2553,7,,,0
140010019,'1179452',1746,,2554,7,,,0
140010019,'1179453',1346,,2555,7,,,0
140010019,'1179479',1246,,2556,7,,,0
140010019,'1179483',1216,,2557,7,0,8 21,0
140010019,'1179494',1646,,2558,7,,,0
140010019,'1179496',1546,,2559,7,,,0
140010019,'1179498',1416,,2560,7,0,8 21,0
140010019,'1179544',1846,,2561,7,,,0
140010019,'1179548',1016,,2562,7,0,8 21,0
140010019,'1179613',1846,,2563,7,,,0
140010019,'1179620',846,,2564,7,,,0
140010019,'1179629',1816,,2565,7,0,8 21,0
140010019,'1179659',1246,,2566,7,,,0
140010019,'1179692',946,,2567,7,,,0
