110029,'1178926',1305,,2248,19,,,0
110029,'1179044',905,,2249,19,,,0
110029,'1179118',1105,,2250,19,,,0
110029,'1179173',1205,,2251,19,,,0
110029,'1179459',1705,,2252,19,,,0
110029,'1179534',1405,,2253,19,,,0
110029,'1179542',1605,,2254,19,,,0
110029,'1179690',1005,,2255,19,,,0
110029,'1179707',1505,,2256,19,,,0
116019,'1178992',755,,2257,31,,,0
116019,'1178995',755,,2258,31,,,0
116019,'1179088',659,,2259,32,,,0
116019,'1179096',855,,2260,31,,,0
116019,'1179141',1455,,2261,31,,,0
116019,'1179172',1155,,2262,31,,,0
116019,'1179177',855,,2263,31,,,0
116019,'1179190',1625,,2264,31,,,0
116019,'1179215',1055,,2265,31,,,0
116019,'1179228',825,,2266,31,,,0
116019,'1179247',955,,2267,31,,,0
116019,'1179275',1555,,2268,31,,,0
116019,'1179278',1255,,2269,31,,,0
116019,'1179313',1755,,2270,31,,,0
116019,'1179314',2055,,2271,31,,,0
116019,'1179321',1155,,2272,31,,,0
116019,'1179339',729,,2273,32,,,0
116019,'1179343',1955,,2274,31,,,0
116019,'1179365',1655,,2275,31,,,0
116019,'1179381',1855,,2276,31,,,0
116019,'1179418',1659,,2277,32,,,0
116019,'1179432',1729,,2278,32,,,0
116019,'1179434',1955,,2279,31,,,0
116019,'1179439',1355,,2280,31,,,0
116019,'1179441',1455,,2281,31,,,0
116019,'1179476',1055,,2282,31,,,0
116019,'1179500',2155,,2283,31,,,0
116019,'1179515',925,,2284,31,,,0
116019,'1179584',1855,,2285,31,,,0
116019,'1179603',955,,2286,31,,,0
116019,'1179606',1825,,2287,31,,,0
116019,'1179615',1555,,2288,31,,,0
116019,'1179641',1255,,2289,31,,,0
116019,'1179653',1755,,2290,31,,,0
116019,'1179682',1355,,2291,31,,,0
116019,'1179696',2055,,2292,31,,,0
116019,'1179706',2155,,2293,31,,,0
160019,'1178943',1544,,2366,29,,,0
160019,'1178949',944,,2367,29,,,0
160019,'1178951',1344,,2368,29,,,0
160019,'1179047',1444,,2369,29,,,0
160019,'1179060',1744,,2370,29,,,0
160019,'1179205',1144,,2371,29,,,0
160019,'1179319',1244,,2372,29,,,0
160019,'1179451',1644,,2373,29,,,0
160019,'1179697',1044,,2374,29,,,0
190011019,'1178945',1558,,2709,19,,,0
190011019,'1178950',758,,2710,43,,,0
190011019,'1178970',1928,,2711,43,,,0
190011019,'1179040',2128,,2713,43,,,0
190011019,'1179064',1058,,2714,19,,,0
190011019,'1179145',928,,2715,43,,,0
190011019,'1179146',1158,,2716,19,,,0
190011019,'1179159',1828,,2717,43,,,0
190011019,'1179163',828,,2719,43,,,0
190011019,'1179248',728,,2720,43,,,0
190011019,'1179252',1828,,2721,43,,,0
190011019,'1179276',2028,,2722,43,,,0
190011019,'1179307',728,,2723,43,,,0
190011019,'1179317',1258,,2724,19,,,0
190011019,'1179332',1128,,2725,44,,,0
190011019,'1179340',928,,2726,43,,,0
190011019,'1179367',1758,,2727,43,,,0
190011019,'1179375',1458,,2728,19,,,0
190011019,'1179393',1658,,2729,19,,,0
190011019,'1179394',2228,,2730,43,,,0
190011019,'1179413',1328,,2732,44,,,0
190011019,'1179424',2228,,2733,43,,,0
190011019,'1179426',1428,,2734,44,,,0
190011019,'1179430',1628,,2735,44,,,0
190011019,'1179437',1128,,2736,44,,,0
190011019,'1179438',1628,,2737,44,,,0
190011019,'1179442',1928,,2738,43,,,0
190011019,'1179477',828,,2739,43,,,0
190011019,'1179521',1428,,2740,44,,,0
190011019,'1179528',1228,,2741,44,,,0
190011019,'1179530',658,,2742,19,,,0
190011019,'1179555',2028,,2743,43,,,0
190011019,'1179572',1228,,2744,44,,,0
190011019,'1179590',1528,,2745,44,,,0
190011019,'1179619',1728,,2746,43,,,0
190011019,'1179642',1028,,2747,43,,,0
190011019,'1179650',1328,,2748,44,,,0
190011019,'1179665',628,,2749,22,,,0
190011019,'1179666',858,,2750,43,,,0
190011019,'1179672',1358,,2751,19,,,0
190011019,'1179677',2128,,2752,43,,,0
190011019,'1179678',958,,2753,43,,,0
190011019,'1179688',1728,,2754,43,,,0
190011019,'1179700',1528,,2755,44,,,0
190011019,'1179709',1028,,2756,43,,,0
