120019,'1178966',1404,,2294,53,4,,0
120019,'1178998',1604,,2295,53,4,,0
120019,'1179031',1704,,2296,53,4,,0
120019,'1179149',1504,,2297,53,4,,0
120019,'1179182',1204,,2298,53,4,,0
120019,'1179282',1004,,2299,53,4,,0
120019,'1179296',1817,,2300,53,4,,0
120019,'1179596',1104,,2301,53,4,,0
120019,'1179628',1304,,2302,53,4,,0
120029,'1179032',1515,,2303,1,,,0
120029,'1179055',1315,,2304,1,,,0
120029,'1179056',1615,,2305,1,,,0
120029,'1179099',1715,,2306,1,,,0
120029,'1179153',915,,2307,1,,,0
120029,'1179222',1415,,2308,1,,,0
120029,'1179429',1115,,2309,1,,,0
120029,'1179447',1015,,2310,1,,,0
120029,'1179575',1215,,2311,1,,,0
140016019,'1178912',1738,,2661,54,4,,0
140016019,'1178941',838,,2662,54,4,,0
140016019,'1179005',638,,2663,11,4,,0
140016019,'1179051',2238,,2665,54,4,,0
140016019,'1179063',738,,2666,34,4,,0
140016019,'1179077',1808,,2667,54,4,,0
140016019,'1179112',1938,,2668,54,4,,0
140016019,'1179129',1238,,2669,54,4,,0
140016019,'1179136',1538,,2670,54,4,,0
140016019,'1179158',1338,,2671,54,4,,0
140016019,'1179191',938,,2672,54,4,,0
140016019,'1179213',1038,,2673,54,4,,0
140016019,'1179225',708,,2674,11,4,,0
140016019,'1179234',1438,,2675,54,4,,0
140016019,'1179256',908,,2677,54,4,,0
140016019,'1179267',838,,2678,54,4,,0
140016019,'1179284',1938,,2679,54,4,,0
140016019,'1179286',611,,2680,11,4,,0
140016019,'1179299',2238,,2681,54,4,,0
140016019,'1179304',1338,,2682,54,4,,0
140016019,'1179312',1638,,2683,54,4,,0
140016019,'1179318',1838,,2684,54,4,,0
140016019,'1179330',2038,,2685,54,4,,0
140016019,'1179333',1438,,2686,54,4,,0
140016019,'1179357',1138,,2688,54,4,,0
140016019,'1179371',1538,,2689,54,4,,0
140016019,'1179389',1708,,2690,54,4,,0
140016019,'1179416',1638,,2691,54,4,,0
140016019,'1179440',638,,2692,11,4,,0
140016019,'1179464',2138,,2693,54,4,,0
140016019,'1179475',938,,2694,54,4,,0
140016019,'1179481',1738,,2695,54,4,,0
140016019,'1179517',1608,,2697,54,4,,0
140016019,'1179520',2038,,2698,54,4,,0
140016019,'1179536',808,,2699,54,4,,0
140016019,'1179538',738,,2700,54,4,,0
140016019,'1179601',2138,,2703,54,4,,0
140016019,'1179604',1138,,2704,54,4,,0
140016019,'1179627',1238,,2705,54,4,,0
140016019,'1179663',1038,,2706,54,4,,0
140016019,'1179687',1838,,2708,54,4,,0
190017019,'1178928',1642,,2851,1,,,0
190017019,'1178932',912,,2852,1,,,0
190017019,'1179000',2142,,2854,1,0,8 21,0
190017019,'1179014',1812,,2855,1,0,8 21,0
190017019,'1179016',612,,2856,1,,,0
190017019,'1179057',2242,,2857,1,0,8 21,0
190017019,'1179092',642,,2859,1,,,0
190017019,'1179124',1542,,2860,1,,,0
190017019,'1179128',1042,,2861,1,,,0
190017019,'1179133',2142,,2862,1,0,8 21,0
190017019,'1179151',1842,,2863,1,,,0
190017019,'1179161',1712,,2864,1,,,0
190017019,'1179166',942,,2865,1,,,0
190017019,'1179196',642,,2866,1,,,0
190017019,'1179242',1142,,2867,1,,,0
190017019,'1179273',2042,,2868,1,,,0
190017019,'1179277',812,,2869,1,,,0
190017019,'1179293',1242,,2870,1,,,0
190017019,'1179306',1842,,2871,1,,,0
190017019,'1179327',1442,,2873,1,,,0
190017019,'1179385',742,,2876,1,,,0
190017019,'1179401',1942,,2877,1,,,0
190017019,'1179427',1242,,2878,1,,,0
190017019,'1179455',1342,,2879,1,,,0
190017019,'1179519',1742,,2881,1,,,0
190017019,'1179529',2242,,2882,1,0,8 21,0
190017019,'1179533',712,,2883,1,,,0
190017019,'1179573',1142,,2885,1,,,0
190017019,'1179579',1042,,2886,1,,,0
190017019,'1179599',2042,,2887,1,,,0
190017019,'1179610',1942,,2888,1,,,0
190017019,'1179621',842,,2889,1,,,0
190017019,'1179625',1342,,2890,1,,,0
190017019,'1179626',1612,,2891,1,,,0
190017019,'1179631',1742,,2892,1,,,0
190017019,'1179667',742,,2893,1,,,0
190017019,'1179680',1542,,2894,1,,,0
190017019,'1179683',842,,2895,1,,,0
190017019,'1179686',1442,,2896,1,,,0
190017019,'1179699',942,,2897,1,,,0
190017019,'1179710',1642,,2898,1,,,0
