200019,'1179038',1509,,2384,25,,,0
200019,'1179081',1709,,2385,25,,,0
200019,'1179174',1009,,2386,25,,,0
200019,'1179259',1209,,2387,25,,,0
200019,'1179289',1609,,2388,25,,,0
200019,'1179460',1801,,2389,25,,,0
200019,'1179585',1109,,2390,25,,,0
200019,'1179594',1409,,2391,25,,,0
200019,'1179655',1309,,2392,25,,,0
190015019,'1178937',1122,,2803,12,,,0
190015019,'1178938',2252,,2804,12,0,12,0
190015019,'1178958',952,,2805,12,,,0
190015019,'1178960',1052,,2806,12,,,0
190015019,'1178991',2152,,2807,12,0,12,0
190015019,'1179018',1352,,2808,12,,,0
190015019,'1179054',1252,,2809,12,,,0
190015019,'1179073',1322,,2810,12,,,0
190015019,'1179089',1152,,2812,12,,,0
190015019,'1179095',1652,,2813,12,,,0
190015019,'1179126',1752,,2814,12,,,0
190015019,'1179130',1552,,2815,12,,,0
190015019,'1179152',922,,2816,12,,,0
190015019,'1179165',2152,,2817,12,0,12,0
190015019,'1179169',952,,2818,12,,,0
190015019,'1179170',752,,2819,12,,,0
190015019,'1179189',752,,2820,12,,,0
190015019,'1179226',1752,,2821,12,,,0
190015019,'1179241',1822,,2822,12,0,12,0
190015019,'1179257',2052,,2823,12,,,0
190015019,'1179260',1652,,2824,12,,,0
190015019,'1179269',2252,,2825,12,0,12,0
190015019,'1179280',1452,,2826,12,,,0
190015019,'1179329',1622,,2827,12,,,0
190015019,'1179378',1952,,2828,12,,,0
190015019,'1179382',1722,,2829,12,,,0
190015019,'1179400',1852,,2830,12,,,0
190015019,'1179414',1452,,2831,12,,,0
190015019,'1179456',1522,,2832,12,,,0
190015019,'1179465',1552,,2833,12,,,0
190015019,'1179466',852,,2834,12,,,0
190015019,'1179468',1952,,2835,12,,,0
190015019,'1179480',1252,,2836,12,,,0
190015019,'1179489',1222,,2837,12,,,0
190015019,'1179491',1052,,2838,12,,,0
190015019,'1179501',1022,,2839,12,,,0
190015019,'1179525',652,,2840,12,,,0
190015019,'1179560',2052,,2841,12,,,0
190015019,'1179563',1352,,2842,12,,,0
190015019,'1179576',1852,,2843,12,,,0
190015019,'1179602',822,,2844,12,,,0
190015019,'1179633',722,,2845,12,,,0
190015019,'1179652',852,,2847,12,,,0
190015019,'1179679',1422,,2848,12,,,0
190015019,'1179703',1152,,2849,12,,,0
190015019,'1179716',652,,2850,12,,,0
