200019,'1179038',1436,,2384,5,,,0
200019,'1179081',1636,,2385,5,,,0
200019,'1179174',936,,2386,5,,,0
200019,'1179259',1136,,2387,5,,,0
200019,'1179289',1536,,2388,5,,,0
200019,'1179460',1736,,2389,5,,,0
200019,'1179585',1036,,2390,5,,,0
200019,'1179594',1336,,2391,5,,,0
200019,'1179655',1236,,2392,5,,,0
200029,'1178971',1113,,2393,24,,,0
200029,'1179034',1713,,2394,24,,,0
200029,'1179043',1313,,2395,24,,,0
200029,'1179091',1513,,2396,24,,,0
200029,'1179144',913,,2397,14,,,0
200029,'1179198',1213,,2398,24,,,0
200029,'1179283',1413,,2400,24,,,0
200029,'1179383',1613,,2401,24,,,0
200029,'1179689',1013,,2402,24,,,0
300019,'1178915',1029,,2440,23,0,23 24 2 25,0
300019,'1178918',1130,,2441,2,0,23 24 2 26,0
300019,'1178931',730,,2442,2,0,23 24 2 26,0
300019,'1178939',1330,,2443,2,0,23 24 2 26,0
300019,'1178975',1430,,2445,2,0,23 24 2 26,0
300019,'1178982',1630,,2446,2,0,23 24 2 26,0
300019,'1178996',1859,,2447,23,0,23 24 2 25,0
300019,'1178999',759,,2448,23,0,23 24 2 25,0
300019,'1179001',700,,2449,2,0,23 24 2 26,0
300019,'1179003',1930,,2450,2,0,23 24 2 26,0
300019,'1179008',2130,,2451,2,0,8 9 2 26,0
300019,'1179030',1830,,2452,2,0,23 24 2 26,0
300019,'1179042',829,,2453,23,0,23 24 2 25,0
300019,'1179058',1030,,2455,2,0,23 24 2 26,0
300019,'1179065',1159,,2456,23,0,23 24 2 25,0
300019,'1179066',1730,,2457,2,0,23 24 2 26,0
300019,'1179094',759,,2458,22,0,23 24 2 25,0
300019,'1179109',1800,,2459,2,0,8 9 2 26,0
300019,'1179110',930,,2460,2,0,23 24 2 26,0
300019,'1179115',900,,2461,2,0,23 24 2 26,0
300019,'1179121',1730,,2462,2,0,23 24 2 26,0
300019,'1179125',1930,,2463,2,0,23 24 2 26,0
300019,'1179132',1259,,2464,23,0,23 24 2 25,0
300019,'1179142',1559,,2465,23,0,23 24 2 25,0
300019,'1179194',800,,2466,2,0,23 24 2 26,0
300019,'1179211',1759,,2467,23,0,23 24 2 25,0
300019,'1179220',1059,,2468,23,0,23 24 2 25,0
300019,'1179246',730,,2469,2,0,23 24 2 26,0
300019,'1179258',1859,,2470,23,0,23 24 2 25,0
300019,'1179264',1359,,2471,23,0,23 24 2 25,0
300019,'1179279',830,,2472,2,0,23 24 2 26,0
300019,'1179288',1759,,2473,23,0,23 24 2 25,0
300019,'1179295',2030,,2474,2,0,23 24 2 26,0
300019,'1179331',1230,,2477,2,0,23 24 2 26,0
300019,'1179349',1559,,2478,23,0,23 24 2 25,0
300019,'1179355',1130,,2479,2,0,23 24 2 26,0
300019,'1179356',1659,,2480,23,0,23 24 2 25,0
300019,'1179360',2159,,2481,23,0,23 24 2 25,0
300019,'1179379',2130,,2482,2,0,8 9 2 26,0
300019,'1179390',1430,,2483,2,0,23 24 2 26,0
300019,'1179397',1600,,2484,2,0,23 24 2 26,0
300019,'1179404',2030,,2485,2,0,23 24 2 26,0
300019,'1179405',1259,,2486,23,0,23 24 2 25,0
300019,'1179406',1059,,2487,23,0,23 24 2 25,0
300019,'1179409',1629,,2488,23,0,23 24 2 25,0
300019,'1179420',1359,,2489,23,0,23 24 2 25,0
300019,'1179435',1530,,2490,2,0,23 24 2 26,0
300019,'1179448',1330,,2491,2,0,23 24 2 26,0
300019,'1179454',1459,,2492,23,0,23 24 2 25,0
300019,'1179463',959,,2493,23,0,23 24 2 25,0
300019,'1179467',859,,2494,23,0,23 24 2 25,0
300019,'1179470',1159,,2495,23,0,23 24 2 25,0
300019,'1179484',1230,,2496,2,0,23 24 2 26,0
300019,'1179490',1030,,2497,2,0,23 24 2 26,0
300019,'1179502',2059,,2498,23,0,23 24 2 25,0
300019,'1179508',930,,2499,2,0,23 24 2 26,0
300019,'1179527',1959,,2500,23,0,23 24 2 25,0
300019,'1179532',859,,2501,23,0,23 24 2 25,0
300019,'1179549',830,,2502,2,0,23 24 2 26,0
300019,'1179554',2159,,2504,23,0,23 24 2 25,0
300019,'1179566',1630,,2505,2,0,23 24 2 26,0
300019,'1179568',1830,,2506,2,0,23 24 2 26,0
300019,'1179570',1659,,2507,23,0,23 24 2 25,0
300019,'1179580',1959,,2508,23,0,23 24 2 25,0
300019,'1179593',1000,,2510,2,0,8 9 2 26,0
300019,'1179597',929,,2511,23,0,23 24 2 25,0
300019,'1179607',729,,2512,22,0,23 24 2 25,0
300019,'1179614',1459,,2513,23,0,23 24 2 25,0
300019,'1179617',1829,,2514,23,0,23 24 2 25,0
300019,'1179622',1700,,2515,2,0,23 24 2 26,0
300019,'1179624',1729,,2516,23,0,23 24 2 25,0
300019,'1179643',2059,,2518,23,0,23 24 2 25,0
300019,'1179649',1530,,2519,2,0,23 24 2 26,0
300019,'1179713',959,,2521,23,0,23 24 2 25,0
140016019,'1178912',1650,,2661,7,,,0
140016019,'1178941',750,,2662,7,,,0
140016019,'1179017',1220,,2664,7,0,8 21,0
140016019,'1179051',2150,,2665,7,,,0
140016019,'1179077',1720,,2667,7,,,0
140016019,'1179112',1850,,2668,7,,,0
140016019,'1179129',1150,,2669,7,,,0
140016019,'1179136',1450,,2670,7,,,0
140016019,'1179158',1250,,2671,7,,,0
140016019,'1179191',850,,2672,7,,,0
140016019,'1179213',950,,2673,7,,,0
140016019,'1179234',1350,,2675,7,,,0
140016019,'1179254',1120,,2676,7,0,8 21,0
140016019,'1179256',820,,2677,7,,,0
140016019,'1179267',750,,2678,7,,,0
140016019,'1179284',1850,,2679,7,,,0
140016019,'1179299',2150,,2681,7,,,0
140016019,'1179304',1250,,2682,7,,,0
140016019,'1179312',1550,,2683,7,,,0
140016019,'1179318',1750,,2684,7,,,0
140016019,'1179330',1950,,2685,7,,,0
140016019,'1179333',1350,,2686,7,,,0
140016019,'1179351',920,,2687,7,0,8 21,0
140016019,'1179357',1050,,2688,7,,,0
140016019,'1179371',1450,,2689,7,,,0
140016019,'1179389',1620,,2690,7,,,0
140016019,'1179416',1550,,2691,7,,,0
140016019,'1179464',2050,,2693,7,,,0
140016019,'1179475',850,,2694,7,,,0
140016019,'1179481',1650,,2695,7,,,0
140016019,'1179503',1420,,2696,7,0,8 21,0
140016019,'1179517',1520,,2697,7,,,0
140016019,'1179520',1950,,2698,7,,,0
140016019,'1179536',720,,2699,7,,,0
140016019,'1179538',650,,2700,7,,,0
140016019,'1179562',1320,,2701,7,0,8 21,0
140016019,'1179569',1820,,2702,7,0,8 21,0
140016019,'1179601',2050,,2703,7,,,0
140016019,'1179604',1050,,2704,7,,,0
140016019,'1179627',1150,,2705,7,,,0
140016019,'1179663',950,,2706,7,,,0
140016019,'1179681',1020,,2707,7,0,8 21,0
140016019,'1179687',1750,,2708,7,,,0
190017019,'1178928',1726,,2851,46,,,0
190017019,'1178932',956,,2852,46,,,0
190017019,'1178967',1456,,2853,13,,,0
190017019,'1179016',656,,2856,46,,,0
190017019,'1179076',626,,2858,13,,,0
190017019,'1179092',726,,2859,46,,,0
190017019,'1179124',1626,,2860,46,,,0
190017019,'1179128',1126,,2861,46,,,0
190017019,'1179151',1926,,2863,46,,,0
190017019,'1179161',1756,,2864,46,,,0
190017019,'1179166',1026,,2865,46,,,0
190017019,'1179196',726,,2866,46,,,0
190017019,'1179242',1226,,2867,46,,,0
190017019,'1179273',2126,,2868,46,,,0
190017019,'1179277',856,,2869,46,,,0
190017019,'1179293',1326,,2870,46,,,0
190017019,'1179306',1926,,2871,46,,,0
190017019,'1179309',1356,,2872,13,,,0
190017019,'1179327',1526,,2873,46,,,0
190017019,'1179377',1556,,2874,13,,,0
190017019,'1179384',1256,,2875,13,,,0
190017019,'1179385',826,,2876,46,,,0
190017019,'1179401',2026,,2877,46,,,0
190017019,'1179427',1326,,2878,46,,,0
190017019,'1179455',1426,,2879,46,,,0
190017019,'1179492',1156,,2880,13,,,0
190017019,'1179519',1826,,2881,46,,,0
190017019,'1179533',756,,2883,46,,,0
190017019,'1179565',1056,,2884,13,,,0
190017019,'1179573',1226,,2885,46,,,0
190017019,'1179579',1126,,2886,46,,,0
190017019,'1179599',2126,,2887,46,,,0
190017019,'1179610',2026,,2888,46,,,0
190017019,'1179621',926,,2889,46,,,0
190017019,'1179625',1426,,2890,46,,,0
190017019,'1179626',1656,,2891,46,,,0
190017019,'1179631',1826,,2892,46,,,0
190017019,'1179667',826,,2893,46,,,0
190017019,'1179680',1626,,2894,46,,,0
190017019,'1179683',926,,2895,46,,,0
190017019,'1179686',1526,,2896,46,,,0
190017019,'1179699',1026,,2897,46,,,0
190017019,'1179710',1726,,2898,46,,,0
