130019,'1179053',1739,,2312,21,,,0
130019,'1179067',1339,,2313,21,,,0
130019,'1179069',1039,,2314,21,,,0
130019,'1179093',1139,,2315,21,,,0
130019,'1179108',1239,,2316,21,,,0
130019,'1179294',1539,,2317,21,,,0
130019,'1179386',1639,,2318,21,,,0
130019,'1179541',939,,2319,21,,,0
130019,'1179675',1439,,2320,21,,,0
300019,'1178918',1211,,2441,21,0,23 24 2 26,0
300019,'1178931',811,,2442,21,0,23 24 2 26,0
300019,'1178939',1411,,2443,21,0,23 24 2 26,0
300019,'1178975',1511,,2445,21,0,23 24 2 26,0
300019,'1178982',1711,,2446,21,0,23 24 2 26,0
300019,'1179001',741,,2449,21,0,23 24 2 26,0
300019,'1179003',2011,,2450,21,0,23 24 2 26,0
300019,'1179008',2211,,2451,21,0,8 9 2 26,0
300019,'1179030',1911,,2452,21,0,23 24 2 26,0
300019,'1179058',1111,,2455,21,0,23 24 2 26,0
300019,'1179066',1811,,2457,21,0,23 24 2 26,0
300019,'1179109',1841,,2459,21,0,8 9 2 26,0
300019,'1179110',1011,,2460,21,0,23 24 2 26,0
300019,'1179115',941,,2461,21,0,23 24 2 26,0
300019,'1179121',1811,,2462,21,0,23 24 2 26,0
300019,'1179125',2011,,2463,21,0,23 24 2 26,0
300019,'1179194',841,,2466,21,0,23 24 2 26,0
300019,'1179246',811,,2469,21,0,23 24 2 26,0
300019,'1179279',911,,2472,21,0,23 24 2 26,0
300019,'1179295',2111,,2474,21,0,23 24 2 26,0
300019,'1179331',1311,,2477,21,0,23 24 2 26,0
300019,'1179355',1211,,2479,21,0,23 24 2 26,0
300019,'1179379',2211,,2482,21,0,8 9 2 26,0
300019,'1179390',1511,,2483,21,0,23 24 2 26,0
300019,'1179397',1641,,2484,21,0,23 24 2 26,0
300019,'1179404',2111,,2485,21,0,23 24 2 26,0
300019,'1179435',1611,,2490,21,0,23 24 2 26,0
300019,'1179448',1411,,2491,21,0,23 24 2 26,0
300019,'1179484',1311,,2496,21,0,23 24 2 26,0
300019,'1179490',1111,,2497,21,0,23 24 2 26,0
300019,'1179508',1011,,2499,21,0,23 24 2 26,0
300019,'1179549',911,,2502,21,0,23 24 2 26,0
300019,'1179566',1711,,2505,21,0,23 24 2 26,0
300019,'1179568',1911,,2506,21,0,23 24 2 26,0
300019,'1179593',1041,,2510,21,0,8 9 2 26,0
300019,'1179622',1741,,2515,21,0,23 24 2 26,0
300019,'1179649',1611,,2519,21,0,23 24 2 26,0
140012019,'1178913',1201,,2568,21,,,0
140012019,'1178923',1201,,2569,21,,,0
140012019,'1178934',1001,,2570,21,,,0
140012019,'1178935',801,,2571,21,,,0
140012019,'1178953',901,,2572,21,,,0
140012019,'1178981',701,,2573,21,,,0
140012019,'1178986',1431,,2574,21,,,0
140012019,'1179006',1331,,2575,21,,,0
140012019,'1179011',731,,2576,21,,,0
140012019,'1179015',1901,,2577,21,,,0
140012019,'1179046',901,,2578,21,,,0
140012019,'1179102',1601,,2579,21,,,0
140012019,'1179154',1401,,2580,21,,,0
140012019,'1179183',2001,,2581,21,,,0
140012019,'1179185',931,,2582,21,,,0
140012019,'1179216',2301,,2583,21,0,8 21,0
140012019,'1179230',1001,,2584,21,,,0
140012019,'1179233',1601,,2585,21,,,0
140012019,'1179236',801,,2586,21,,,0
140012019,'1179238',1501,,2587,21,,,0
140012019,'1179244',2101,,2588,21,,,0
140012019,'1179245',1901,,2589,21,,,0
140012019,'1179255',1831,,2591,21,0,8 21,0
140012019,'1179261',1101,,2592,21,,,0
140012019,'1179316',2001,,2593,21,,,0
140012019,'1179325',831,,2594,21,,,0
140012019,'1179348',1301,,2595,21,,,0
140012019,'1179359',1731,,2596,21,,,0
140012019,'1179372',2201,,2597,21,,,0
140012019,'1179387',1301,,2598,21,,,0
140012019,'1179399',1131,,2599,21,,,0
140012019,'1179425',2101,,2600,21,,,0
140012019,'1179444',1631,,2601,21,,,0
140012019,'1179495',1401,,2602,21,,,0
140012019,'1179499',1531,,2603,21,,,0
140012019,'1179510',1701,,2604,21,,,0
140012019,'1179511',2201,,2605,21,,,0
140012019,'1179526',1801,,2606,21,,,0
140012019,'1179556',1101,,2607,21,,,0
140012019,'1179567',1231,,2608,21,,,0
140012019,'1179578',2301,,2609,21,0,8 21,0
140012019,'1179644',1801,,2610,21,,,0
140012019,'1179693',1031,,2611,21,,,0
140012019,'1179704',1501,,2612,21,,,0
140012019,'1179715',1701,,2613,21,,,0
