110029,'1178926',1258,,2248,5,,,0
110029,'1179044',858,,2249,5,,,0
110029,'1179118',1058,,2250,5,,,0
110029,'1179173',1158,,2251,5,,,0
110029,'1179459',1658,,2252,5,,,0
110029,'1179534',1358,,2253,5,,,0
110029,'1179542',1558,,2254,5,,,0
110029,'1179690',958,,2255,5,,,0
110029,'1179707',1458,,2256,5,,,0
190011019,'1178945',1548,,2709,5,,,0
190011019,'1178950',748,,2710,29,,,0
190011019,'1178970',1918,,2711,29,,,0
190011019,'1179040',2118,,2713,29,,,0
190011019,'1179064',1048,,2714,5,,,0
190011019,'1179145',918,,2715,29,,,0
190011019,'1179146',1148,,2716,5,,,0
190011019,'1179159',1818,,2717,29,,,0
190011019,'1179163',818,,2719,29,,,0
190011019,'1179248',718,,2720,29,,,0
190011019,'1179252',1818,,2721,29,,,0
190011019,'1179276',2018,,2722,29,,,0
190011019,'1179307',718,,2723,29,,,0
190011019,'1179317',1248,,2724,5,,,0
190011019,'1179332',1118,,2725,30,,,0
190011019,'1179340',918,,2726,29,,,0
190011019,'1179367',1748,,2727,29,,,0
190011019,'1179375',1448,,2728,5,,,0
190011019,'1179393',1648,,2729,5,,,0
190011019,'1179394',2218,,2730,29,,,0
190011019,'1179413',1318,,2732,30,,,0
190011019,'1179424',2218,,2733,29,,,0
190011019,'1179426',1418,,2734,30,,,0
190011019,'1179430',1618,,2735,30,,,0
190011019,'1179437',1118,,2736,30,,,0
190011019,'1179438',1618,,2737,30,,,0
190011019,'1179442',1918,,2738,29,,,0
190011019,'1179477',818,,2739,29,,,0
190011019,'1179521',1418,,2740,30,,,0
190011019,'1179528',1218,,2741,30,,,0
190011019,'1179530',648,,2742,5,,,0
190011019,'1179555',2018,,2743,29,,,0
190011019,'1179572',1218,,2744,30,,,0
190011019,'1179590',1518,,2745,30,,,0
190011019,'1179619',1718,,2746,29,,,0
190011019,'1179642',1018,,2747,29,,,0
190011019,'1179650',1318,,2748,30,,,0
190011019,'1179665',618,,2749,8,,,0
190011019,'1179666',848,,2750,29,,,0
190011019,'1179672',1348,,2751,5,,,0
190011019,'1179677',2118,,2752,29,,,0
190011019,'1179678',948,,2753,29,,,0
190011019,'1179688',1718,,2754,29,,,0
190011019,'1179700',1518,,2755,30,,,0
190011019,'1179709',1018,,2756,29,,,0
