110029,'1178926',1256,,2248,3,,,0
110029,'1179044',856,,2249,3,,,0
110029,'1179118',1056,,2250,3,,,0
110029,'1179173',1156,,2251,3,,,0
110029,'1179459',1656,,2252,3,,,0
110029,'1179534',1356,,2253,3,,,0
110029,'1179542',1556,,2254,3,,,0
110029,'1179690',956,,2255,3,,,0
110029,'1179707',1456,,2256,3,,,0
200029,'1178971',1057,,2393,14,,,0
200029,'1179034',1657,,2394,14,,,0
200029,'1179043',1257,,2395,14,,,0
200029,'1179091',1457,,2396,14,,,0
200029,'1179144',857,,2397,4,,,0
200029,'1179198',1157,,2398,14,,,0
200029,'1179283',1357,,2400,14,,,0
200029,'1179383',1557,,2401,14,,,0
200029,'1179689',957,,2402,14,,,0
190011019,'1178945',1546,,2709,3,,,0
190011019,'1178950',746,,2710,27,,,0
190011019,'1178970',1916,,2711,27,,,0
190011019,'1179040',2116,,2713,27,,,0
190011019,'1179064',1046,,2714,3,,,0
190011019,'1179145',916,,2715,27,,,0
190011019,'1179146',1146,,2716,3,,,0
190011019,'1179159',1816,,2717,27,,,0
190011019,'1179163',816,,2719,27,,,0
190011019,'1179248',716,,2720,27,,,0
190011019,'1179252',1816,,2721,27,,,0
190011019,'1179276',2016,,2722,27,,,0
190011019,'1179307',716,,2723,27,,,0
190011019,'1179317',1246,,2724,3,,,0
190011019,'1179332',1116,,2725,28,,,0
190011019,'1179340',916,,2726,27,,,0
190011019,'1179367',1746,,2727,27,,,0
190011019,'1179375',1446,,2728,3,,,0
190011019,'1179393',1646,,2729,3,,,0
190011019,'1179394',2216,,2730,27,,,0
190011019,'1179413',1316,,2732,28,,,0
190011019,'1179424',2216,,2733,27,,,0
190011019,'1179426',1416,,2734,28,,,0
190011019,'1179430',1616,,2735,28,,,0
190011019,'1179437',1116,,2736,28,,,0
190011019,'1179438',1616,,2737,28,,,0
190011019,'1179442',1916,,2738,27,,,0
190011019,'1179477',816,,2739,27,,,0
190011019,'1179521',1416,,2740,28,,,0
190011019,'1179528',1216,,2741,28,,,0
190011019,'1179530',646,,2742,3,,,0
190011019,'1179555',2016,,2743,27,,,0
190011019,'1179572',1216,,2744,28,,,0
190011019,'1179590',1516,,2745,28,,,0
190011019,'1179619',1716,,2746,27,,,0
190011019,'1179642',1016,,2747,27,,,0
190011019,'1179650',1316,,2748,28,,,0
190011019,'1179665',616,,2749,6,,,0
190011019,'1179666',846,,2750,27,,,0
190011019,'1179672',1346,,2751,3,,,0
190011019,'1179677',2116,,2752,27,,,0
190011019,'1179678',946,,2753,27,,,0
190011019,'1179688',1716,,2754,27,,,0
190011019,'1179700',1516,,2755,28,,,0
190011019,'1179709',1016,,2756,27,,,0
190017019,'1178928',1717,,2851,36,,,0
190017019,'1178932',947,,2852,36,,,0
190017019,'1178967',1447,,2853,3,,,0
190017019,'1179016',647,,2856,36,,,0
190017019,'1179076',617,,2858,3,,,0
190017019,'1179092',717,,2859,36,,,0
190017019,'1179124',1617,,2860,36,,,0
190017019,'1179128',1117,,2861,36,,,0
190017019,'1179151',1917,,2863,36,,,0
190017019,'1179161',1747,,2864,36,,,0
190017019,'1179166',1017,,2865,36,,,0
190017019,'1179196',717,,2866,36,,,0
190017019,'1179242',1217,,2867,36,,,0
190017019,'1179273',2117,,2868,36,,,0
190017019,'1179277',847,,2869,36,,,0
190017019,'1179293',1317,,2870,36,,,0
190017019,'1179306',1917,,2871,36,,,0
190017019,'1179309',1347,,2872,3,,,0
190017019,'1179327',1517,,2873,36,,,0
190017019,'1179377',1547,,2874,3,,,0
190017019,'1179384',1247,,2875,3,,,0
190017019,'1179385',817,,2876,36,,,0
190017019,'1179401',2017,,2877,36,,,0
190017019,'1179427',1317,,2878,36,,,0
190017019,'1179455',1417,,2879,36,,,0
190017019,'1179492',1147,,2880,3,,,0
190017019,'1179519',1817,,2881,36,,,0
190017019,'1179533',747,,2883,36,,,0
190017019,'1179565',1047,,2884,3,,,0
190017019,'1179573',1217,,2885,36,,,0
190017019,'1179579',1117,,2886,36,,,0
190017019,'1179599',2117,,2887,36,,,0
190017019,'1179610',2017,,2888,36,,,0
190017019,'1179621',917,,2889,36,,,0
190017019,'1179625',1417,,2890,36,,,0
190017019,'1179626',1647,,2891,36,,,0
190017019,'1179631',1817,,2892,36,,,0
190017019,'1179667',817,,2893,36,,,0
190017019,'1179680',1617,,2894,36,,,0
190017019,'1179683',917,,2895,36,,,0
190017019,'1179686',1517,,2896,36,,,0
190017019,'1179699',1017,,2897,36,,,0
190017019,'1179710',1717,,2898,36,,,0
