120029,'1179032',1526,,2303,15,,,0
120029,'1179055',1326,,2304,15,,,0
120029,'1179056',1626,,2305,15,,,0
120029,'1179099',1726,,2306,15,,,0
120029,'1179153',926,,2307,15,,,0
120029,'1179222',1426,,2308,15,,,0
120029,'1179429',1126,,2309,15,,,0
120029,'1179447',1026,,2310,15,,,0
120029,'1179575',1226,,2311,15,,,0
190017019,'1178928',1651,,2851,15,,,0
190017019,'1178932',921,,2852,15,,,0
190017019,'1179000',2151,,2854,15,0,8 21,0
190017019,'1179014',1821,,2855,15,0,8 21,0
190017019,'1179016',621,,2856,15,,,0
190017019,'1179057',2251,,2857,15,0,8 21,0
190017019,'1179092',651,,2859,15,,,0
190017019,'1179124',1551,,2860,15,,,0
190017019,'1179128',1051,,2861,15,,,0
190017019,'1179133',2151,,2862,15,0,8 21,0
190017019,'1179151',1851,,2863,15,,,0
190017019,'1179161',1721,,2864,15,,,0
190017019,'1179166',951,,2865,15,,,0
190017019,'1179196',651,,2866,15,,,0
190017019,'1179242',1151,,2867,15,,,0
190017019,'1179273',2051,,2868,15,,,0
190017019,'1179277',821,,2869,15,,,0
190017019,'1179293',1251,,2870,15,,,0
190017019,'1179306',1851,,2871,15,,,0
190017019,'1179327',1451,,2873,15,,,0
190017019,'1179385',751,,2876,15,,,0
190017019,'1179401',1951,,2877,15,,,0
190017019,'1179427',1251,,2878,15,,,0
190017019,'1179455',1351,,2879,15,,,0
190017019,'1179519',1751,,2881,15,,,0
190017019,'1179529',2251,,2882,15,0,8 21,0
190017019,'1179533',721,,2883,15,,,0
190017019,'1179573',1151,,2885,15,,,0
190017019,'1179579',1051,,2886,15,,,0
190017019,'1179599',2051,,2887,15,,,0
190017019,'1179610',1951,,2888,15,,,0
190017019,'1179621',851,,2889,15,,,0
190017019,'1179625',1351,,2890,15,,,0
190017019,'1179626',1621,,2891,15,,,0
190017019,'1179631',1751,,2892,15,,,0
190017019,'1179667',751,,2893,15,,,0
190017019,'1179680',1551,,2894,15,,,0
190017019,'1179683',851,,2895,15,,,0
190017019,'1179686',1451,,2896,15,,,0
190017019,'1179699',951,,2897,15,,,0
190017019,'1179710',1651,,2898,15,,,0
