130029,'1178925',1508,,2321,18,,,0
130029,'1178989',1408,,2322,18,,,0
130029,'1179023',1608,,2323,18,,,0
130029,'1179120',1708,,2324,18,,,0
130029,'1179168',1308,,2325,18,,,0
130029,'1179423',908,,2326,18,,,0
130029,'1179469',1208,,2327,18,,,0
130029,'1179639',1008,,2328,18,,,0
130029,'1179657',1108,,2329,18,,,0
190013019,'1178916',1659,,2757,50,,,0
190013019,'1178919',2029,,2758,50,,,0
190013019,'1178920',1159,,2759,50,,,0
190013019,'1178929',829,,2760,50,,,0
190013019,'1178930',1729,,2761,50,,,0
190013019,'1178972',2029,,2762,50,,,0
190013019,'1178983',1259,,2763,50,,,0
190013019,'1178994',2229,,2764,50,,,0
190013019,'1178997',1229,,2765,50,,,0
190013019,'1179048',1559,,2766,50,,,0
190013019,'1179062',1629,,2767,50,,,0
190013019,'1179074',1359,,2768,50,,,0
190013019,'1179087',1329,,2769,50,,,0
190013019,'1179104',1059,,2770,50,,,0
190013019,'1179187',929,,2772,50,,,0
190013019,'1179202',1129,,2773,50,,,0
190013019,'1179203',1029,,2774,50,,,0
190013019,'1179212',1529,,2775,50,,,0
190013019,'1179219',1329,,2776,50,,,0
190013019,'1179243',829,,2777,50,,,0
190013019,'1179287',2229,,2778,50,,,0
190013019,'1179292',1129,,2779,50,,,0
190013019,'1179300',759,,2780,50,,,0
190013019,'1179354',629,,2781,18,,,0
190013019,'1179373',1029,,2782,50,,,0
190013019,'1179380',1429,,2783,50,,,0
190013019,'1179402',1429,,2784,50,,,0
190013019,'1179411',1459,,2785,50,,,0
190013019,'1179457',1929,,2786,50,,,0
190013019,'1179504',729,,2787,50,,,0
190013019,'1179507',959,,2788,50,,,0
190013019,'1179509',1229,,2789,50,,,0
190013019,'1179516',1629,,2790,50,,,0
190013019,'1179531',2129,,2791,50,,,0
190013019,'1179537',929,,2792,50,,,0
190013019,'1179539',1829,,2793,50,,,0
190013019,'1179546',729,,2794,50,,,0
190013019,'1179553',1929,,2795,50,,,0
190013019,'1179581',659,,2796,18,,,0
190013019,'1179591',1729,,2797,50,,,0
190013019,'1179611',1759,,2798,50,,,0
190013019,'1179635',1529,,2799,50,,,0
190013019,'1179694',859,,2800,50,,,0
190013019,'1179701',2129,,2801,50,,,0
190013019,'1179717',1829,,2802,50,,,0
