110019,'1178947',930,,2239,1,,,0
110019,'1178964',1430,,2240,1,,,0
110019,'1178973',1730,,2241,1,,,0
110019,'1179028',1530,,2242,1,,,0
110019,'1179105',1630,,2243,1,,,0
110019,'1179114',1030,,2244,1,,,0
110019,'1179176',1230,,2245,1,,,0
110019,'1179184',1330,,2246,1,,,0
110019,'1179290',1130,,2247,1,,,0
110029,'1178926',1322,,2248,33,4,,0
110029,'1179044',922,,2249,33,4,,0
110029,'1179118',1122,,2250,33,4,,0
110029,'1179173',1222,,2251,33,4,,0
110029,'1179459',1722,,2252,33,4,,0
110029,'1179534',1422,,2253,33,4,,0
110029,'1179542',1622,,2254,33,4,,0
110029,'1179690',1022,,2255,33,4,,0
110029,'1179707',1522,,2256,33,4,,0
160019,'1178943',1528,,2366,1,,,0
160019,'1178949',928,,2367,1,,,0
160019,'1178951',1328,,2368,1,,,0
160019,'1179047',1428,,2369,1,,,0
160019,'1179060',1728,,2370,1,,,0
160019,'1179205',1128,,2371,1,,,0
160019,'1179319',1228,,2372,1,,,0
160019,'1179451',1628,,2373,1,,,0
160019,'1179697',1028,,2374,1,,,0
160029,'1178957',920,,2375,34,4,,0
160029,'1179098',1420,,2376,34,4,,0
160029,'1179137',1620,,2377,34,4,,0
160029,'1179301',1220,,2378,34,4,,0
160029,'1179398',1320,,2379,34,4,,0
160029,'1179410',1720,,2380,34,4,,0
160029,'1179543',1120,,2381,34,4,,0
160029,'1179558',1020,,2382,34,4,,0
160029,'1179623',1520,,2383,34,4,,0
200019,'1179038',1430,,2384,1,,,0
200019,'1179081',1630,,2385,1,,,0
200019,'1179174',930,,2386,1,,,0
200019,'1179259',1130,,2387,1,,,0
200019,'1179289',1530,,2388,1,,,0
200019,'1179460',1730,,2389,1,,,0
200019,'1179585',1030,,2390,1,,,0
200019,'1179594',1330,,2391,1,,,0
200019,'1179655',1230,,2392,1,,,0
200029,'1178971',1127,,2393,31,4,,0
200029,'1179034',1727,,2394,31,4,,0
200029,'1179043',1327,,2395,31,4,,0
200029,'1179091',1527,,2396,31,4,,0
200029,'1179144',927,,2397,21,4,,0
200029,'1179198',1227,,2398,31,4,,0
200029,'1179283',1427,,2400,31,4,,0
200029,'1179383',1627,,2401,31,4,,0
200029,'1179689',1027,,2402,31,4,,0
216019,'1178924',810,,2403,36,4,,0
216019,'1178948',640,,2404,36,4,,0
216019,'1178963',2140,,2405,36,4,,0
216019,'1178968',1240,,2406,36,4,,0
216019,'1179019',1810,,2407,36,4,,0
216019,'1179021',1610,,2408,36,4,,0
216019,'1179029',1440,,2409,36,4,,0
216019,'1179050',1540,,2410,36,4,,0
216019,'1179070',1440,,2411,36,4,,0
216019,'1179075',1840,,2412,36,4,,0
216019,'1179116',740,,2413,37,4,,0
216019,'1179123',1340,,2414,36,4,,0
216019,'1179160',1740,,2415,37,4,,0
216019,'1179179',2040,,2416,36,4,,0
216019,'1179181',1140,,2417,36,4,,0
216019,'1179199',940,,2418,36,4,,0
216019,'1179206',1540,,2419,36,4,,0
216019,'1179328',1040,,2420,36,4,,0
216019,'1179338',1240,,2421,36,4,,0
216019,'1179345',840,,2422,36,4,,0
216019,'1179368',1710,,2423,37,4,,0
216019,'1179369',1040,,2424,36,4,,0
216019,'1179374',1640,,2425,37,4,,0
216019,'1179421',1840,,2426,36,4,,0
216019,'1179431',1140,,2427,36,4,,0
216019,'1179458',1940,,2428,36,4,,0
216019,'1179488',740,,2429,36,4,,0
216019,'1179523',1340,,2430,36,4,,0
216019,'1179574',2040,,2431,36,4,,0
216019,'1179582',1940,,2432,36,4,,0
216019,'1179605',910,,2433,36,4,,0
216019,'1179647',1740,,2434,36,4,,0
216019,'1179669',840,,2435,36,4,,0
216019,'1179695',2140,,2436,36,4,,0
216019,'1179712',710,,2437,37,4,,0
216019,'1179714',940,,2438,36,4,,0
216019,'1179719',1640,,2439,36,4,,0
300019,'1178915',1024,,2440,22,0,23 24 2 25,0
300019,'1178918',1144,,2441,4,0,23 24 2 26,0
300019,'1178931',744,,2442,4,0,23 24 2 26,0
300019,'1178939',1344,,2443,4,0,23 24 2 26,0
300019,'1178975',1444,,2445,4,0,23 24 2 26,0
300019,'1178982',1644,,2446,4,0,23 24 2 26,0
300019,'1178996',1854,,2447,22,0,23 24 2 25,0
300019,'1178999',754,,2448,22,0,23 24 2 25,0
300019,'1179001',714,,2449,4,0,23 24 2 26,0
300019,'1179003',1944,,2450,4,0,23 24 2 26,0
300019,'1179008',2144,,2451,4,0,8 9 2 26,0
300019,'1179030',1844,,2452,4,0,23 24 2 26,0
300019,'1179042',824,,2453,22,0,23 24 2 25,0
300019,'1179058',1044,,2455,4,0,23 24 2 26,0
300019,'1179065',1154,,2456,22,0,23 24 2 25,0
300019,'1179066',1744,,2457,4,0,23 24 2 26,0
300019,'1179094',754,,2458,21,0,23 24 2 25,0
300019,'1179109',1814,,2459,4,0,8 9 2 26,0
300019,'1179110',944,,2460,4,0,23 24 2 26,0
300019,'1179115',914,,2461,4,0,23 24 2 26,0
300019,'1179121',1744,,2462,4,0,23 24 2 26,0
300019,'1179125',1944,,2463,4,0,23 24 2 26,0
300019,'1179132',1254,,2464,22,0,23 24 2 25,0
300019,'1179142',1554,,2465,22,0,23 24 2 25,0
300019,'1179194',814,,2466,4,0,23 24 2 26,0
300019,'1179211',1754,,2467,22,0,23 24 2 25,0
300019,'1179220',1054,,2468,22,0,23 24 2 25,0
300019,'1179246',744,,2469,4,0,23 24 2 26,0
300019,'1179258',1854,,2470,22,0,23 24 2 25,0
300019,'1179264',1354,,2471,22,0,23 24 2 25,0
300019,'1179279',844,,2472,4,0,23 24 2 26,0
300019,'1179288',1754,,2473,22,0,23 24 2 25,0
300019,'1179295',2044,,2474,4,0,23 24 2 26,0
300019,'1179331',1244,,2477,4,0,23 24 2 26,0
300019,'1179349',1554,,2478,22,0,23 24 2 25,0
300019,'1179355',1144,,2479,4,0,23 24 2 26,0
300019,'1179356',1654,,2480,22,0,23 24 2 25,0
300019,'1179360',2154,,2481,22,0,23 24 2 25,0
300019,'1179379',2144,,2482,4,0,8 9 2 26,0
300019,'1179390',1444,,2483,4,0,23 24 2 26,0
300019,'1179397',1614,,2484,4,0,23 24 2 26,0
300019,'1179404',2044,,2485,4,0,23 24 2 26,0
300019,'1179405',1254,,2486,22,0,23 24 2 25,0
300019,'1179406',1054,,2487,22,0,23 24 2 25,0
300019,'1179409',1624,,2488,22,0,23 24 2 25,0
300019,'1179420',1354,,2489,22,0,23 24 2 25,0
300019,'1179435',1544,,2490,4,0,23 24 2 26,0
300019,'1179448',1344,,2491,4,0,23 24 2 26,0
300019,'1179454',1454,,2492,22,0,23 24 2 25,0
300019,'1179463',954,,2493,22,0,23 24 2 25,0
300019,'1179467',854,,2494,22,0,23 24 2 25,0
300019,'1179470',1154,,2495,22,0,23 24 2 25,0
300019,'1179484',1244,,2496,4,0,23 24 2 26,0
300019,'1179490',1044,,2497,4,0,23 24 2 26,0
300019,'1179502',2054,,2498,22,0,23 24 2 25,0
300019,'1179508',944,,2499,4,0,23 24 2 26,0
300019,'1179527',1954,,2500,22,0,23 24 2 25,0
300019,'1179532',854,,2501,22,0,23 24 2 25,0
300019,'1179549',844,,2502,4,0,23 24 2 26,0
300019,'1179554',2154,,2504,22,0,23 24 2 25,0
300019,'1179566',1644,,2505,4,0,23 24 2 26,0
300019,'1179568',1844,,2506,4,0,23 24 2 26,0
300019,'1179570',1654,,2507,22,0,23 24 2 25,0
300019,'1179580',1954,,2508,22,0,23 24 2 25,0
300019,'1179593',1014,,2510,4,0,8 9 2 26,0
300019,'1179597',924,,2511,22,0,23 24 2 25,0
300019,'1179607',724,,2512,21,0,23 24 2 25,0
300019,'1179614',1454,,2513,22,0,23 24 2 25,0
300019,'1179617',1824,,2514,22,0,23 24 2 25,0
300019,'1179622',1714,,2515,4,0,23 24 2 26,0
300019,'1179624',1724,,2516,22,0,23 24 2 25,0
300019,'1179643',2054,,2518,22,0,23 24 2 25,0
300019,'1179649',1544,,2519,4,0,23 24 2 26,0
300019,'1179713',954,,2521,22,0,23 24 2 25,0
140010019,'1178914',1110,,2522,3,0,8 21,0
140010019,'1178921',1440,,2523,3,,,0
140010019,'1178922',940,,2524,3,,,0
140010019,'1178936',710,,2525,3,,,0
140010019,'1178946',2240,,2526,3,0,8 21,0
140010019,'1178979',1040,,2527,3,,,0
140010019,'1179012',740,,2528,3,,,0
140010019,'1179037',1940,,2529,3,,,0
140010019,'1179103',1540,,2530,3,,,0
140010019,'1179122',1310,,2531,3,0,8 21,0
140010019,'1179131',1140,,2532,3,,,0
140010019,'1179140',2140,,2533,3,,,0
140010019,'1179147',910,,2534,3,0,8 21,0
140010019,'1179157',640,,2535,3,,,0
140010019,'1179167',1040,,2536,3,,,0
140010019,'1179178',1740,,2537,3,,,0
140010019,'1179180',2140,,2538,3,,,0
140010019,'1179188',1440,,2539,3,,,0
140010019,'1179217',1940,,2540,3,,,0
140010019,'1179232',1510,,2541,3,0,8 21,0
140010019,'1179251',1610,,2542,3,,,0
140010019,'1179253',810,,2543,3,,,0
140010019,'1179268',1710,,2544,3,,,0
140010019,'1179270',1640,,2545,3,,,0
140010019,'1179336',840,,2547,3,,,0
140010019,'1179347',740,,2548,3,,,0
140010019,'1179361',2040,,2549,3,,,0
140010019,'1179396',2040,,2550,3,,,0
140010019,'1179408',2240,,2551,3,0,8 21,0
140010019,'1179415',1140,,2552,3,,,0
140010019,'1179445',1340,,2553,3,,,0
140010019,'1179452',1740,,2554,3,,,0
140010019,'1179453',1340,,2555,3,,,0
140010019,'1179479',1240,,2556,3,,,0
140010019,'1179483',1210,,2557,3,0,8 21,0
140010019,'1179494',1640,,2558,3,,,0
140010019,'1179496',1540,,2559,3,,,0
140010019,'1179498',1410,,2560,3,0,8 21,0
140010019,'1179544',1840,,2561,3,,,0
140010019,'1179548',1010,,2562,3,0,8 21,0
140010019,'1179613',1840,,2563,3,,,0
140010019,'1179620',840,,2564,3,,,0
140010019,'1179629',1810,,2565,3,0,8 21,0
140010019,'1179659',1240,,2566,3,,,0
140010019,'1179692',940,,2567,3,,,0
140016019,'1178912',1644,,2661,1,,,0
140016019,'1178941',744,,2662,1,,,0
140016019,'1179017',1214,,2664,1,0,8 21,0
140016019,'1179051',2144,,2665,1,,,0
140016019,'1179077',1714,,2667,1,,,0
140016019,'1179112',1844,,2668,1,,,0
140016019,'1179129',1144,,2669,1,,,0
140016019,'1179136',1444,,2670,1,,,0
140016019,'1179158',1244,,2671,1,,,0
140016019,'1179191',844,,2672,1,,,0
140016019,'1179213',944,,2673,1,,,0
140016019,'1179234',1344,,2675,1,,,0
140016019,'1179254',1114,,2676,1,0,8 21,0
140016019,'1179256',814,,2677,1,,,0
140016019,'1179267',744,,2678,1,,,0
140016019,'1179284',1844,,2679,1,,,0
140016019,'1179299',2144,,2681,1,,,0
140016019,'1179304',1244,,2682,1,,,0
140016019,'1179312',1544,,2683,1,,,0
140016019,'1179318',1744,,2684,1,,,0
140016019,'1179330',1944,,2685,1,,,0
140016019,'1179333',1344,,2686,1,,,0
140016019,'1179351',914,,2687,1,0,8 21,0
140016019,'1179357',1044,,2688,1,,,0
140016019,'1179371',1444,,2689,1,,,0
140016019,'1179389',1614,,2690,1,,,0
140016019,'1179416',1544,,2691,1,,,0
140016019,'1179464',2044,,2693,1,,,0
140016019,'1179475',844,,2694,1,,,0
140016019,'1179481',1644,,2695,1,,,0
140016019,'1179503',1414,,2696,1,0,8 21,0
140016019,'1179517',1514,,2697,1,,,0
140016019,'1179520',1944,,2698,1,,,0
140016019,'1179536',714,,2699,1,,,0
140016019,'1179538',644,,2700,1,,,0
140016019,'1179562',1314,,2701,1,0,8 21,0
140016019,'1179569',1814,,2702,1,0,8 21,0
140016019,'1179601',2044,,2703,1,,,0
140016019,'1179604',1044,,2704,1,,,0
140016019,'1179627',1144,,2705,1,,,0
140016019,'1179663',944,,2706,1,,,0
140016019,'1179681',1014,,2707,1,0,8 21,0
140016019,'1179687',1744,,2708,1,,,0
