200019,'1179038',1446,,2384,15,,,0
200019,'1179081',1646,,2385,15,,,0
200019,'1179174',946,,2386,15,,,0
200019,'1179259',1146,,2387,15,,,0
200019,'1179289',1546,,2388,15,,,0
200019,'1179460',1746,,2389,15,,,0
200019,'1179585',1046,,2390,15,,,0
200019,'1179594',1346,,2391,15,,,0
200019,'1179655',1246,,2392,15,,,0
140016019,'1178912',1700,,2661,17,,,0
140016019,'1178941',800,,2662,17,,,0
140016019,'1179017',1230,,2664,17,0,8 21,0
140016019,'1179051',2200,,2665,17,,,0
140016019,'1179077',1730,,2667,17,,,0
140016019,'1179112',1900,,2668,17,,,0
140016019,'1179129',1200,,2669,17,,,0
140016019,'1179136',1500,,2670,17,,,0
140016019,'1179158',1300,,2671,17,,,0
140016019,'1179191',900,,2672,17,,,0
140016019,'1179213',1000,,2673,17,,,0
140016019,'1179234',1400,,2675,17,,,0
140016019,'1179254',1130,,2676,17,0,8 21,0
140016019,'1179256',830,,2677,17,,,0
140016019,'1179267',800,,2678,17,,,0
140016019,'1179284',1900,,2679,17,,,0
140016019,'1179299',2200,,2681,17,,,0
140016019,'1179304',1300,,2682,17,,,0
140016019,'1179312',1600,,2683,17,,,0
140016019,'1179318',1800,,2684,17,,,0
140016019,'1179330',2000,,2685,17,,,0
140016019,'1179333',1400,,2686,17,,,0
140016019,'1179351',930,,2687,17,0,8 21,0
140016019,'1179357',1100,,2688,17,,,0
140016019,'1179371',1500,,2689,17,,,0
140016019,'1179389',1630,,2690,17,,,0
140016019,'1179416',1600,,2691,17,,,0
140016019,'1179464',2100,,2693,17,,,0
140016019,'1179475',900,,2694,17,,,0
140016019,'1179481',1700,,2695,17,,,0
140016019,'1179503',1430,,2696,17,0,8 21,0
140016019,'1179517',1530,,2697,17,,,0
140016019,'1179520',2000,,2698,17,,,0
140016019,'1179536',730,,2699,17,,,0
140016019,'1179538',700,,2700,17,,,0
140016019,'1179562',1330,,2701,17,0,8 21,0
140016019,'1179569',1830,,2702,17,0,8 21,0
140016019,'1179601',2100,,2703,17,,,0
140016019,'1179604',1100,,2704,17,,,0
140016019,'1179627',1200,,2705,17,,,0
140016019,'1179663',1000,,2706,17,,,0
140016019,'1179681',1030,,2707,17,0,8 21,0
140016019,'1179687',1800,,2708,17,,,0
