120029,'1179032',1555,,2303,35,,,0
120029,'1179055',1355,,2304,35,,,0
120029,'1179056',1655,,2305,35,,,0
120029,'1179099',1808,,2306,35,,,0
120029,'1179153',955,,2307,35,,,0
120029,'1179222',1455,,2308,35,,,0
120029,'1179429',1155,,2309,35,,,0
120029,'1179447',1055,,2310,35,,,0
120029,'1179575',1255,,2311,35,,,0
140012019,'1178913',1226,,2568,39,,,0
140012019,'1178923',1226,,2569,39,,,0
140012019,'1178934',1026,,2570,39,,,0
140012019,'1178935',826,,2571,39,,,0
140012019,'1178953',926,,2572,39,,,0
140012019,'1178981',726,,2573,39,,,0
140012019,'1178986',1456,,2574,39,,,0
140012019,'1179006',1356,,2575,39,,,0
140012019,'1179011',756,,2576,39,,,0
140012019,'1179015',1926,,2577,39,,,0
140012019,'1179046',926,,2578,39,,,0
140012019,'1179102',1626,,2579,39,,,0
140012019,'1179154',1426,,2580,39,,,0
140012019,'1179183',2026,,2581,39,,,0
140012019,'1179185',956,,2582,39,,,0
140012019,'1179230',1026,,2584,39,,,0
140012019,'1179233',1626,,2585,39,,,0
140012019,'1179236',826,,2586,39,,,0
140012019,'1179238',1526,,2587,39,,,0
140012019,'1179244',2126,,2588,39,,,0
140012019,'1179245',1926,,2589,39,,,0
140012019,'1179250',726,,2590,17,,,0
140012019,'1179261',1126,,2592,39,,,0
140012019,'1179316',2026,,2593,39,,,0
140012019,'1179325',856,,2594,39,,,0
140012019,'1179348',1326,,2595,39,,,0
140012019,'1179359',1756,,2596,39,,,0
140012019,'1179372',2226,,2597,39,,,0
140012019,'1179387',1326,,2598,39,,,0
140012019,'1179399',1156,,2599,39,,,0
140012019,'1179425',2126,,2600,39,,,0
140012019,'1179444',1656,,2601,39,,,0
140012019,'1179495',1426,,2602,39,,,0
140012019,'1179499',1556,,2603,39,,,0
140012019,'1179510',1726,,2604,39,,,0
140012019,'1179511',2226,,2605,39,,,0
140012019,'1179526',1826,,2606,39,,,0
140012019,'1179556',1126,,2607,39,,,0
140012019,'1179567',1256,,2608,39,,,0
140012019,'1179644',1826,,2610,39,,,0
140012019,'1179693',1056,,2611,39,,,0
140012019,'1179704',1526,,2612,39,,,0
140012019,'1179715',1726,,2613,39,,,0
