120029,'1179032',1527,,2303,16,,,0
120029,'1179055',1327,,2304,16,,,0
120029,'1179056',1627,,2305,16,,,0
120029,'1179099',1727,,2306,16,,,0
120029,'1179153',927,,2307,16,,,0
120029,'1179222',1427,,2308,16,,,0
120029,'1179429',1127,,2309,16,,,0
120029,'1179447',1027,,2310,16,,,0
120029,'1179575',1227,,2311,16,,,0
190017019,'1178928',1652,,2851,16,,,0
190017019,'1178932',922,,2852,16,,,0
190017019,'1179000',2152,,2854,16,0,8 21,0
190017019,'1179014',1822,,2855,16,0,8 21,0
190017019,'1179016',622,,2856,16,,,0
190017019,'1179057',2252,,2857,16,0,8 21,0
190017019,'1179092',652,,2859,16,,,0
190017019,'1179124',1552,,2860,16,,,0
190017019,'1179128',1052,,2861,16,,,0
190017019,'1179133',2152,,2862,16,0,8 21,0
190017019,'1179151',1852,,2863,16,,,0
190017019,'1179161',1722,,2864,16,,,0
190017019,'1179166',952,,2865,16,,,0
190017019,'1179196',652,,2866,16,,,0
190017019,'1179242',1152,,2867,16,,,0
190017019,'1179273',2052,,2868,16,,,0
190017019,'1179277',822,,2869,16,,,0
190017019,'1179293',1252,,2870,16,,,0
190017019,'1179306',1852,,2871,16,,,0
190017019,'1179327',1452,,2873,16,,,0
190017019,'1179385',752,,2876,16,,,0
190017019,'1179401',1952,,2877,16,,,0
190017019,'1179427',1252,,2878,16,,,0
190017019,'1179455',1352,,2879,16,,,0
190017019,'1179519',1752,,2881,16,,,0
190017019,'1179529',2252,,2882,16,0,8 21,0
190017019,'1179533',722,,2883,16,,,0
190017019,'1179573',1152,,2885,16,,,0
190017019,'1179579',1052,,2886,16,,,0
190017019,'1179599',2052,,2887,16,,,0
190017019,'1179610',1952,,2888,16,,,0
190017019,'1179621',852,,2889,16,,,0
190017019,'1179625',1352,,2890,16,,,0
190017019,'1179626',1622,,2891,16,,,0
190017019,'1179631',1752,,2892,16,,,0
190017019,'1179667',752,,2893,16,,,0
190017019,'1179680',1552,,2894,16,,,0
190017019,'1179683',852,,2895,16,,,0
190017019,'1179686',1452,,2896,16,,,0
190017019,'1179699',952,,2897,16,,,0
190017019,'1179710',1652,,2898,16,,,0
