120029,'1179032',1527,,2303,17,,,0
120029,'1179055',1327,,2304,17,,,0
120029,'1179056',1627,,2305,17,,,0
120029,'1179099',1727,,2306,17,,,0
120029,'1179153',927,,2307,17,,,0
120029,'1179222',1427,,2308,17,,,0
120029,'1179429',1127,,2309,17,,,0
120029,'1179447',1027,,2310,17,,,0
120029,'1179575',1227,,2311,17,,,0
190017019,'1178928',1653,,2851,18,,,0
190017019,'1178932',923,,2852,18,,,0
190017019,'1179000',2153,,2854,18,0,8 21,0
190017019,'1179014',1823,,2855,18,0,8 21,0
190017019,'1179016',623,,2856,18,,,0
190017019,'1179057',2253,,2857,18,0,8 21,0
190017019,'1179092',653,,2859,18,,,0
190017019,'1179124',1553,,2860,18,,,0
190017019,'1179128',1053,,2861,18,,,0
190017019,'1179133',2153,,2862,18,0,8 21,0
190017019,'1179151',1853,,2863,18,,,0
190017019,'1179161',1723,,2864,18,,,0
190017019,'1179166',953,,2865,18,,,0
190017019,'1179196',653,,2866,18,,,0
190017019,'1179242',1153,,2867,18,,,0
190017019,'1179273',2053,,2868,18,,,0
190017019,'1179277',823,,2869,18,,,0
190017019,'1179293',1253,,2870,18,,,0
190017019,'1179306',1853,,2871,18,,,0
190017019,'1179327',1453,,2873,18,,,0
190017019,'1179385',753,,2876,18,,,0
190017019,'1179401',1953,,2877,18,,,0
190017019,'1179427',1253,,2878,18,,,0
190017019,'1179455',1353,,2879,18,,,0
190017019,'1179519',1753,,2881,18,,,0
190017019,'1179529',2253,,2882,18,0,8 21,0
190017019,'1179533',723,,2883,18,,,0
190017019,'1179573',1153,,2885,18,,,0
190017019,'1179579',1053,,2886,18,,,0
190017019,'1179599',2053,,2887,18,,,0
190017019,'1179610',1953,,2888,18,,,0
190017019,'1179621',853,,2889,18,,,0
190017019,'1179625',1353,,2890,18,,,0
190017019,'1179626',1623,,2891,18,,,0
190017019,'1179631',1753,,2892,18,,,0
190017019,'1179667',753,,2893,18,,,0
190017019,'1179680',1553,,2894,18,,,0
190017019,'1179683',853,,2895,18,,,0
190017019,'1179686',1453,,2896,18,,,0
190017019,'1179699',953,,2897,18,,,0
190017019,'1179710',1653,,2898,18,,,0
