120019,'1178966',1350,,2294,34,,,0
120019,'1178998',1550,,2295,34,,,0
120019,'1179031',1650,,2296,34,,,0
120019,'1179149',1450,,2297,34,,,0
120019,'1179182',1150,,2298,34,,,0
120019,'1179282',950,,2299,34,,,0
120019,'1179296',1803,,2300,34,,,0
120019,'1179596',1050,,2301,34,,,0
120019,'1179628',1250,,2302,34,,,0
140016019,'1178912',1725,,2661,35,,,0
140016019,'1178941',825,,2662,35,,,0
140016019,'1179051',2225,,2665,35,,,0
140016019,'1179063',725,,2666,15,,,0
140016019,'1179077',1755,,2667,35,,,0
140016019,'1179112',1925,,2668,35,,,0
140016019,'1179129',1225,,2669,35,,,0
140016019,'1179136',1525,,2670,35,,,0
140016019,'1179158',1325,,2671,35,,,0
140016019,'1179191',925,,2672,35,,,0
140016019,'1179213',1025,,2673,35,,,0
140016019,'1179234',1425,,2675,35,,,0
140016019,'1179256',855,,2677,35,,,0
140016019,'1179267',825,,2678,35,,,0
140016019,'1179284',1925,,2679,35,,,0
140016019,'1179299',2225,,2681,35,,,0
140016019,'1179304',1325,,2682,35,,,0
140016019,'1179312',1625,,2683,35,,,0
140016019,'1179318',1825,,2684,35,,,0
140016019,'1179330',2025,,2685,35,,,0
140016019,'1179333',1425,,2686,35,,,0
140016019,'1179357',1125,,2688,35,,,0
140016019,'1179371',1525,,2689,35,,,0
140016019,'1179389',1655,,2690,35,,,0
140016019,'1179416',1625,,2691,35,,,0
140016019,'1179464',2125,,2693,35,,,0
140016019,'1179475',925,,2694,35,,,0
140016019,'1179481',1725,,2695,35,,,0
140016019,'1179517',1555,,2697,35,,,0
140016019,'1179520',2025,,2698,35,,,0
140016019,'1179536',755,,2699,35,,,0
140016019,'1179538',725,,2700,35,,,0
140016019,'1179601',2125,,2703,35,,,0
140016019,'1179604',1125,,2704,35,,,0
140016019,'1179627',1225,,2705,35,,,0
140016019,'1179663',1025,,2706,35,,,0
140016019,'1179687',1825,,2708,35,,,0
