150029,'1178980',1118,,2357,25,,,0
150029,'1179059',918,,2358,25,,,0
150029,'1179210',1318,,2359,25,,,0
150029,'1179274',1718,,2360,25,,,0
150029,'1179311',1018,,2361,25,,,0
150029,'1179362',1618,,2362,25,,,0
150029,'1179450',1418,,2363,25,,,0
150029,'1179616',1218,,2364,25,,,0
150029,'1179674',1518,,2365,25,,,0
140014019,'1178954',1543,,2614,1,,,0
140014019,'1178955',1113,,2615,1,,,0
140014019,'1178974',943,,2616,1,,,0
140014019,'1179007',1743,,2617,1,,,0
140014019,'1179027',1443,,2618,1,,,0
140014019,'1179052',743,,2619,1,,,0
140014019,'1179079',713,,2620,1,,,0
140014019,'1179080',1443,,2621,1,,,0
140014019,'1179082',813,,2622,1,,,0
140014019,'1179084',643,,2623,1,,,0
140014019,'1179111',2143,,2624,1,,,0
140014019,'1179143',743,,2625,1,,,0
140014019,'1179200',1213,,2626,1,,,0
140014019,'1179207',1713,,2627,1,,,0
140014019,'1179221',1343,,2628,1,,,0
140014019,'1179271',1143,,2629,1,,,0
140014019,'1179298',1643,,2630,1,,,0
140014019,'1179320',1413,,2631,1,,,0
140014019,'1179323',943,,2632,1,,,0
140014019,'1179350',843,,2634,1,,,0
140014019,'1179353',1743,,2635,1,,,0
140014019,'1179366',1943,,2636,1,,,0
140014019,'1179392',1543,,2637,1,,,0
140014019,'1179403',1843,,2638,1,,,0
140014019,'1179433',1343,,2640,1,,,0
140014019,'1179443',913,,2641,1,,,0
140014019,'1179446',1143,,2642,1,,,0
140014019,'1179449',1013,,2643,1,,,0
140014019,'1179493',1043,,2644,1,,,0
140014019,'1179524',1643,,2646,1,,,0
140014019,'1179535',1313,,2647,1,,,0
140014019,'1179547',1243,,2648,1,,,0
140014019,'1179557',1813,,2650,1,0,8 21,0
140014019,'1179561',1513,,2651,1,,,0
140014019,'1179577',1243,,2652,1,,,0
140014019,'1179598',2043,,2653,1,,,0
140014019,'1179600',2143,,2654,1,,,0
140014019,'1179608',1843,,2655,1,,,0
140014019,'1179636',1613,,2656,1,,,0
140014019,'1179638',843,,2657,1,,,0
140014019,'1179648',1943,,2658,1,,,0
140014019,'1179654',2043,,2659,1,,,0
140014019,'1179662',1043,,2660,1,,,0
190015019,'1178937',1208,,2803,45,4,,0
190015019,'1178958',1038,,2805,45,4,,0
190015019,'1178960',1138,,2806,45,4,,0
190015019,'1179018',1438,,2808,45,4,,0
190015019,'1179054',1338,,2809,45,4,,0
190015019,'1179073',1408,,2810,45,4,,0
190015019,'1179083',638,,2811,20,4,,0
190015019,'1179089',1238,,2812,45,4,,0
190015019,'1179095',1738,,2813,45,4,,0
190015019,'1179126',1838,,2814,45,4,,0
190015019,'1179130',1638,,2815,45,4,,0
190015019,'1179152',1008,,2816,45,4,,0
190015019,'1179169',1038,,2818,45,4,,0
190015019,'1179170',838,,2819,45,4,,0
190015019,'1179189',838,,2820,45,4,,0
190015019,'1179226',1838,,2821,45,4,,0
190015019,'1179257',2138,,2823,45,4,,0
190015019,'1179260',1738,,2824,45,4,,0
190015019,'1179280',1538,,2826,45,4,,0
190015019,'1179329',1708,,2827,45,4,,0
190015019,'1179378',2038,,2828,45,4,,0
190015019,'1179382',1808,,2829,45,4,,0
190015019,'1179400',1938,,2830,45,4,,0
190015019,'1179414',1538,,2831,45,4,,0
190015019,'1179456',1608,,2832,45,4,,0
190015019,'1179465',1638,,2833,45,4,,0
190015019,'1179466',938,,2834,45,4,,0
190015019,'1179468',2038,,2835,45,4,,0
190015019,'1179480',1338,,2836,45,4,,0
190015019,'1179489',1308,,2837,45,4,,0
190015019,'1179491',1138,,2838,45,4,,0
190015019,'1179501',1108,,2839,45,4,,0
190015019,'1179525',738,,2840,45,4,,0
190015019,'1179560',2138,,2841,45,4,,0
190015019,'1179563',1438,,2842,45,4,,0
190015019,'1179576',1938,,2843,45,4,,0
190015019,'1179602',908,,2844,45,4,,0
190015019,'1179633',808,,2845,45,4,,0
190015019,'1179637',708,,2846,20,4,,0
190015019,'1179652',938,,2847,45,4,,0
190015019,'1179679',1508,,2848,45,4,,0
190015019,'1179703',1238,,2849,45,4,,0
190015019,'1179716',738,,2850,45,4,,0
