130019,'1179053',1736,,2312,18,,,0
130019,'1179067',1336,,2313,18,,,0
130019,'1179069',1036,,2314,18,,,0
130019,'1179093',1136,,2315,18,,,0
130019,'1179108',1236,,2316,18,,,0
130019,'1179294',1536,,2317,18,,,0
130019,'1179386',1636,,2318,18,,,0
130019,'1179541',936,,2319,18,,,0
130019,'1179675',1436,,2320,18,,,0
140012019,'1178913',1157,,2568,18,,,0
140012019,'1178923',1157,,2569,18,,,0
140012019,'1178934',957,,2570,18,,,0
140012019,'1178935',757,,2571,18,,,0
140012019,'1178953',857,,2572,18,,,0
140012019,'1178981',657,,2573,18,,,0
140012019,'1178986',1427,,2574,18,,,0
140012019,'1179006',1327,,2575,18,,,0
140012019,'1179011',727,,2576,18,,,0
140012019,'1179015',1857,,2577,18,,,0
140012019,'1179046',857,,2578,18,,,0
140012019,'1179102',1557,,2579,18,,,0
140012019,'1179154',1357,,2580,18,,,0
140012019,'1179183',1957,,2581,18,,,0
140012019,'1179185',927,,2582,18,,,0
140012019,'1179216',2257,,2583,18,0,8 21,0
140012019,'1179230',957,,2584,18,,,0
140012019,'1179233',1557,,2585,18,,,0
140012019,'1179236',757,,2586,18,,,0
140012019,'1179238',1457,,2587,18,,,0
140012019,'1179244',2057,,2588,18,,,0
140012019,'1179245',1857,,2589,18,,,0
140012019,'1179255',1827,,2591,18,0,8 21,0
140012019,'1179261',1057,,2592,18,,,0
140012019,'1179316',1957,,2593,18,,,0
140012019,'1179325',827,,2594,18,,,0
140012019,'1179348',1257,,2595,18,,,0
140012019,'1179359',1727,,2596,18,,,0
140012019,'1179372',2157,,2597,18,,,0
140012019,'1179387',1257,,2598,18,,,0
140012019,'1179399',1127,,2599,18,,,0
140012019,'1179425',2057,,2600,18,,,0
140012019,'1179444',1627,,2601,18,,,0
140012019,'1179495',1357,,2602,18,,,0
140012019,'1179499',1527,,2603,18,,,0
140012019,'1179510',1657,,2604,18,,,0
140012019,'1179511',2157,,2605,18,,,0
140012019,'1179526',1757,,2606,18,,,0
140012019,'1179556',1057,,2607,18,,,0
140012019,'1179567',1227,,2608,18,,,0
140012019,'1179578',2257,,2609,18,0,8 21,0
140012019,'1179644',1757,,2610,18,,,0
140012019,'1179693',1027,,2611,18,,,0
140012019,'1179704',1457,,2612,18,,,0
140012019,'1179715',1657,,2613,18,,,0
