120019,'1178966',1349,,2294,30,,,0
120019,'1178998',1549,,2295,30,,,0
120019,'1179031',1649,,2296,30,,,0
120019,'1179149',1449,,2297,30,,,0
120019,'1179182',1149,,2298,30,,,0
120019,'1179282',949,,2299,30,,,0
120019,'1179296',1802,,2300,30,,,0
120019,'1179596',1049,,2301,30,,,0
120019,'1179628',1249,,2302,30,,,0
140016019,'1178912',1723,,2661,31,,,0
140016019,'1178941',823,,2662,31,,,0
140016019,'1179051',2223,,2665,31,,,0
140016019,'1179063',723,,2666,11,,,0
140016019,'1179077',1753,,2667,31,,,0
140016019,'1179112',1923,,2668,31,,,0
140016019,'1179129',1223,,2669,31,,,0
140016019,'1179136',1523,,2670,31,,,0
140016019,'1179158',1323,,2671,31,,,0
140016019,'1179191',923,,2672,31,,,0
140016019,'1179213',1023,,2673,31,,,0
140016019,'1179234',1423,,2675,31,,,0
140016019,'1179256',853,,2677,31,,,0
140016019,'1179267',823,,2678,31,,,0
140016019,'1179284',1923,,2679,31,,,0
140016019,'1179299',2223,,2681,31,,,0
140016019,'1179304',1323,,2682,31,,,0
140016019,'1179312',1623,,2683,31,,,0
140016019,'1179318',1823,,2684,31,,,0
140016019,'1179330',2023,,2685,31,,,0
140016019,'1179333',1423,,2686,31,,,0
140016019,'1179357',1123,,2688,31,,,0
140016019,'1179371',1523,,2689,31,,,0
140016019,'1179389',1653,,2690,31,,,0
140016019,'1179416',1623,,2691,31,,,0
140016019,'1179464',2123,,2693,31,,,0
140016019,'1179475',923,,2694,31,,,0
140016019,'1179481',1723,,2695,31,,,0
140016019,'1179517',1553,,2697,31,,,0
140016019,'1179520',2023,,2698,31,,,0
140016019,'1179536',753,,2699,31,,,0
140016019,'1179538',723,,2700,31,,,0
140016019,'1179601',2123,,2703,31,,,0
140016019,'1179604',1123,,2704,31,,,0
140016019,'1179627',1223,,2705,31,,,0
140016019,'1179663',1023,,2706,31,,,0
140016019,'1179687',1823,,2708,31,,,0
