140019,'1178969',1331,,2330,25,,,0
140019,'1178977',1531,,2331,25,,,0
140019,'1179164',1631,,2332,25,,,0
140019,'1179344',1431,,2333,25,,,0
140019,'1179352',931,,2334,25,,,0
140019,'1179462',1231,,2335,25,,,0
140019,'1179512',1131,,2336,25,,,0
140019,'1179518',1031,,2337,25,,,0
140019,'1179634',1731,,2338,25,,,0
190013019,'1178916',1629,,2757,29,,,0
190013019,'1178919',1959,,2758,29,,,0
190013019,'1178920',1129,,2759,29,,,0
190013019,'1178929',759,,2760,29,,,0
190013019,'1178930',1659,,2761,29,,,0
190013019,'1178972',1959,,2762,29,,,0
190013019,'1178983',1229,,2763,29,,,0
190013019,'1178994',2159,,2764,29,,,0
190013019,'1178997',1159,,2765,29,,,0
190013019,'1179048',1529,,2766,29,,,0
190013019,'1179062',1559,,2767,29,,,0
190013019,'1179074',1329,,2768,29,,,0
190013019,'1179087',1259,,2769,29,,,0
190013019,'1179104',1029,,2770,29,,,0
190013019,'1179171',1829,,2771,29,0,8 21,0
190013019,'1179187',859,,2772,29,,,0
190013019,'1179202',1059,,2773,29,,,0
190013019,'1179203',959,,2774,29,,,0
190013019,'1179212',1459,,2775,29,,,0
190013019,'1179219',1259,,2776,29,,,0
190013019,'1179243',759,,2777,29,,,0
190013019,'1179287',2159,,2778,29,,,0
190013019,'1179292',1059,,2779,29,,,0
190013019,'1179300',729,,2780,29,,,0
190013019,'1179373',959,,2782,29,,,0
190013019,'1179380',1359,,2783,29,,,0
190013019,'1179402',1359,,2784,29,,,0
190013019,'1179411',1429,,2785,29,,,0
190013019,'1179457',1859,,2786,29,,,0
190013019,'1179504',659,,2787,29,,,0
190013019,'1179507',929,,2788,29,,,0
190013019,'1179509',1159,,2789,29,,,0
190013019,'1179516',1559,,2790,29,,,0
190013019,'1179531',2059,,2791,29,,,0
190013019,'1179537',859,,2792,29,,,0
190013019,'1179539',1759,,2793,29,,,0
190013019,'1179546',659,,2794,29,,,0
190013019,'1179553',1859,,2795,29,,,0
190013019,'1179591',1659,,2797,29,,,0
190013019,'1179611',1729,,2798,29,,,0
190013019,'1179635',1459,,2799,29,,,0
190013019,'1179694',829,,2800,29,,,0
190013019,'1179701',2059,,2801,29,,,0
190013019,'1179717',1759,,2802,29,,,0
