200019,'1179038',1511,,2384,29,,,0
200019,'1179081',1711,,2385,29,,,0
200019,'1179174',1011,,2386,29,,,0
200019,'1179259',1211,,2387,29,,,0
200019,'1179289',1611,,2388,29,,,0
200019,'1179460',1803,,2389,29,,,0
200019,'1179585',1111,,2390,29,,,0
200019,'1179594',1411,,2391,29,,,0
200019,'1179655',1311,,2392,29,,,0
190015019,'1178937',1124,,2803,16,,,0
190015019,'1178938',2254,,2804,16,0,12,0
190015019,'1178958',954,,2805,16,,,0
190015019,'1178960',1054,,2806,16,,,0
190015019,'1178991',2154,,2807,16,0,12,0
190015019,'1179018',1354,,2808,16,,,0
190015019,'1179054',1254,,2809,16,,,0
190015019,'1179073',1324,,2810,16,,,0
190015019,'1179089',1154,,2812,16,,,0
190015019,'1179095',1654,,2813,16,,,0
190015019,'1179126',1754,,2814,16,,,0
190015019,'1179130',1554,,2815,16,,,0
190015019,'1179152',924,,2816,16,,,0
190015019,'1179165',2154,,2817,16,0,12,0
190015019,'1179169',954,,2818,16,,,0
190015019,'1179170',754,,2819,16,,,0
190015019,'1179189',754,,2820,16,,,0
190015019,'1179226',1754,,2821,16,,,0
190015019,'1179241',1824,,2822,16,0,12,0
190015019,'1179257',2054,,2823,16,,,0
190015019,'1179260',1654,,2824,16,,,0
190015019,'1179269',2254,,2825,16,0,12,0
190015019,'1179280',1454,,2826,16,,,0
190015019,'1179329',1624,,2827,16,,,0
190015019,'1179378',1954,,2828,16,,,0
190015019,'1179382',1724,,2829,16,,,0
190015019,'1179400',1854,,2830,16,,,0
190015019,'1179414',1454,,2831,16,,,0
190015019,'1179456',1524,,2832,16,,,0
190015019,'1179465',1554,,2833,16,,,0
190015019,'1179466',854,,2834,16,,,0
190015019,'1179468',1954,,2835,16,,,0
190015019,'1179480',1254,,2836,16,,,0
190015019,'1179489',1224,,2837,16,,,0
190015019,'1179491',1054,,2838,16,,,0
190015019,'1179501',1024,,2839,16,,,0
190015019,'1179525',654,,2840,16,,,0
190015019,'1179560',2054,,2841,16,,,0
190015019,'1179563',1354,,2842,16,,,0
190015019,'1179576',1854,,2843,16,,,0
190015019,'1179602',824,,2844,16,,,0
190015019,'1179633',724,,2845,16,,,0
190015019,'1179652',854,,2847,16,,,0
190015019,'1179679',1424,,2848,16,,,0
190015019,'1179703',1154,,2849,16,,,0
190015019,'1179716',654,,2850,16,,,0
