140029,'1178990',1428,,2339,8,,,0
140029,'1179039',1128,,2340,8,,,0
140029,'1179106',1028,,2341,8,,,0
140029,'1179281',1328,,2342,8,,,0
140029,'1179335',1628,,2343,8,,,0
140029,'1179461',1728,,2344,8,,,0
140029,'1179478',1528,,2345,8,,,0
140029,'1179522',1228,,2346,8,,,0
140029,'1179651',928,,2347,8,,,0
190015019,'1178937',1118,,2803,7,,,0
190015019,'1178938',2248,,2804,7,0,12,0
190015019,'1178958',948,,2805,7,,,0
190015019,'1178960',1048,,2806,7,,,0
190015019,'1178991',2148,,2807,7,0,12,0
190015019,'1179018',1348,,2808,7,,,0
190015019,'1179054',1248,,2809,7,,,0
190015019,'1179073',1318,,2810,7,,,0
190015019,'1179089',1148,,2812,7,,,0
190015019,'1179095',1648,,2813,7,,,0
190015019,'1179126',1748,,2814,7,,,0
190015019,'1179130',1548,,2815,7,,,0
190015019,'1179152',918,,2816,7,,,0
190015019,'1179165',2148,,2817,7,0,12,0
190015019,'1179169',948,,2818,7,,,0
190015019,'1179170',748,,2819,7,,,0
190015019,'1179189',748,,2820,7,,,0
190015019,'1179226',1748,,2821,7,,,0
190015019,'1179241',1818,,2822,7,0,12,0
190015019,'1179257',2048,,2823,7,,,0
190015019,'1179260',1648,,2824,7,,,0
190015019,'1179269',2248,,2825,7,0,12,0
190015019,'1179280',1448,,2826,7,,,0
190015019,'1179329',1618,,2827,7,,,0
190015019,'1179378',1948,,2828,7,,,0
190015019,'1179382',1718,,2829,7,,,0
190015019,'1179400',1848,,2830,7,,,0
190015019,'1179414',1448,,2831,7,,,0
190015019,'1179456',1518,,2832,7,,,0
190015019,'1179465',1548,,2833,7,,,0
190015019,'1179466',848,,2834,7,,,0
190015019,'1179468',1948,,2835,7,,,0
190015019,'1179480',1248,,2836,7,,,0
190015019,'1179489',1218,,2837,7,,,0
190015019,'1179491',1048,,2838,7,,,0
190015019,'1179501',1018,,2839,7,,,0
190015019,'1179525',648,,2840,7,,,0
190015019,'1179560',2048,,2841,7,,,0
190015019,'1179563',1348,,2842,7,,,0
190015019,'1179576',1848,,2843,7,,,0
190015019,'1179602',818,,2844,7,,,0
190015019,'1179633',718,,2845,7,,,0
190015019,'1179652',848,,2847,7,,,0
190015019,'1179679',1418,,2848,7,,,0
190015019,'1179703',1148,,2849,7,,,0
190015019,'1179716',648,,2850,7,,,0
