140029,'1178990',1459,,2339,34,,,0
140029,'1179039',1159,,2340,34,,,0
140029,'1179106',1059,,2341,34,,,0
140029,'1179281',1359,,2342,34,,,0
140029,'1179335',1659,,2343,34,,,0
140029,'1179461',1812,,2344,34,,,0
140029,'1179478',1559,,2345,34,,,0
140029,'1179522',1259,,2346,34,,,0
140029,'1179651',959,,2347,34,,,0
140010019,'1178921',1525,,2523,49,,,0
140010019,'1178922',1028,,2524,50,,,0
140010019,'1178936',759,,2525,48,,,0
140010019,'1178979',1128,,2527,50,,,0
140010019,'1179012',829,,2528,49,,,0
140010019,'1179037',2029,,2529,48,,,0
140010019,'1179103',1629,,2530,49,,,0
140010019,'1179131',1225,,2532,49,,,0
140010019,'1179140',2229,,2533,48,,,0
140010019,'1179157',729,,2535,48,,,0
140010019,'1179167',1125,,2536,49,,,0
140010019,'1179178',1829,,2537,49,,,0
140010019,'1179180',2229,,2538,49,,,0
140010019,'1179188',1528,,2539,50,,,0
140010019,'1179217',2029,,2540,49,,,0
140010019,'1179251',1659,,2542,48,,,0
140010019,'1179253',859,,2543,48,,,0
140010019,'1179268',1759,,2544,48,,,0
140010019,'1179270',1729,,2545,49,,,0
140010019,'1179302',729,,2546,16,,,0
140010019,'1179336',929,,2547,48,,,0
140010019,'1179347',829,,2548,48,,,0
140010019,'1179361',2129,,2549,48,,,0
140010019,'1179396',2129,,2550,49,,,0
140010019,'1179415',1228,,2552,50,,,0
140010019,'1179445',1425,,2553,49,,,0
140010019,'1179452',1829,,2554,48,,,0
140010019,'1179453',1428,,2555,50,,,0
140010019,'1179479',1325,,2556,49,,,0
140010019,'1179494',1729,,2558,48,,,0
140010019,'1179496',1629,,2559,48,,,0
140010019,'1179544',1929,,2561,48,,,0
140010019,'1179613',1929,,2563,49,,,0
140010019,'1179620',929,,2564,49,,,0
140010019,'1179659',1328,,2566,50,,,0
140010019,'1179692',1025,,2567,49,,,0
