120019,'1178966',1352,,2294,38,,,0
120019,'1178998',1552,,2295,38,,,0
120019,'1179031',1652,,2296,38,,,0
120019,'1179149',1452,,2297,38,,,0
120019,'1179182',1152,,2298,38,,,0
120019,'1179282',952,,2299,38,,,0
120019,'1179296',1805,,2300,38,,,0
120019,'1179596',1052,,2301,38,,,0
120019,'1179628',1252,,2302,38,,,0
140016019,'1178912',1727,,2661,39,,,0
140016019,'1178941',827,,2662,39,,,0
140016019,'1179051',2227,,2665,39,,,0
140016019,'1179063',727,,2666,19,,,0
140016019,'1179077',1757,,2667,39,,,0
140016019,'1179112',1927,,2668,39,,,0
140016019,'1179129',1227,,2669,39,,,0
140016019,'1179136',1527,,2670,39,,,0
140016019,'1179158',1327,,2671,39,,,0
140016019,'1179191',927,,2672,39,,,0
140016019,'1179213',1027,,2673,39,,,0
140016019,'1179234',1427,,2675,39,,,0
140016019,'1179256',857,,2677,39,,,0
140016019,'1179267',827,,2678,39,,,0
140016019,'1179284',1927,,2679,39,,,0
140016019,'1179299',2227,,2681,39,,,0
140016019,'1179304',1327,,2682,39,,,0
140016019,'1179312',1627,,2683,39,,,0
140016019,'1179318',1827,,2684,39,,,0
140016019,'1179330',2027,,2685,39,,,0
140016019,'1179333',1427,,2686,39,,,0
140016019,'1179357',1127,,2688,39,,,0
140016019,'1179371',1527,,2689,39,,,0
140016019,'1179389',1657,,2690,39,,,0
140016019,'1179416',1627,,2691,39,,,0
140016019,'1179464',2127,,2693,39,,,0
140016019,'1179475',927,,2694,39,,,0
140016019,'1179481',1727,,2695,39,,,0
140016019,'1179517',1557,,2697,39,,,0
140016019,'1179520',2027,,2698,39,,,0
140016019,'1179536',757,,2699,39,,,0
140016019,'1179538',727,,2700,39,,,0
140016019,'1179601',2127,,2703,39,,,0
140016019,'1179604',1127,,2704,39,,,0
140016019,'1179627',1227,,2705,39,,,0
140016019,'1179663',1027,,2706,39,,,0
140016019,'1179687',1827,,2708,39,,,0
