140029,'1178990',1503,,2339,41,,,0
140029,'1179039',1203,,2340,41,,,0
140029,'1179106',1103,,2341,41,,,0
140029,'1179281',1403,,2342,41,,,0
140029,'1179335',1703,,2343,41,,,0
140029,'1179461',1816,,2344,41,,,0
140029,'1179478',1603,,2345,41,,,0
140029,'1179522',1303,,2346,41,,,0
140029,'1179651',1003,,2347,41,,,0
140010019,'1178921',1529,,2523,56,,,0
140010019,'1178922',1032,,2524,57,,,0
140010019,'1178936',804,,2525,55,,,0
140010019,'1178979',1132,,2527,57,,,0
140010019,'1179012',834,,2528,56,,,0
140010019,'1179037',2034,,2529,55,,,0
140010019,'1179103',1634,,2530,56,,,0
140010019,'1179131',1229,,2532,56,,,0
140010019,'1179140',2234,,2533,55,,,0
140010019,'1179157',734,,2535,55,,,0
140010019,'1179167',1129,,2536,56,,,0
140010019,'1179178',1834,,2537,56,,,0
140010019,'1179180',2234,,2538,56,,,0
140010019,'1179188',1532,,2539,57,,,0
140010019,'1179217',2034,,2540,56,,,0
140010019,'1179251',1704,,2542,55,,,0
140010019,'1179253',904,,2543,55,,,0
140010019,'1179268',1804,,2544,55,,,0
140010019,'1179270',1734,,2545,56,,,0
140010019,'1179302',734,,2546,23,,,0
140010019,'1179336',934,,2547,55,,,0
140010019,'1179347',834,,2548,55,,,0
140010019,'1179361',2134,,2549,55,,,0
140010019,'1179396',2134,,2550,56,,,0
140010019,'1179415',1232,,2552,57,,,0
140010019,'1179445',1429,,2553,56,,,0
140010019,'1179452',1834,,2554,55,,,0
140010019,'1179453',1432,,2555,57,,,0
140010019,'1179479',1329,,2556,56,,,0
140010019,'1179494',1734,,2558,55,,,0
140010019,'1179496',1634,,2559,55,,,0
140010019,'1179544',1934,,2561,55,,,0
140010019,'1179613',1934,,2563,56,,,0
140010019,'1179620',934,,2564,56,,,0
140010019,'1179659',1332,,2566,57,,,0
140010019,'1179692',1029,,2567,56,,,0
