120029,'1179032',1518,,2303,3,,,0
120029,'1179055',1318,,2304,3,,,0
120029,'1179056',1618,,2305,3,,,0
120029,'1179099',1718,,2306,3,,,0
120029,'1179153',918,,2307,3,,,0
120029,'1179222',1418,,2308,3,,,0
120029,'1179429',1118,,2309,3,,,0
120029,'1179447',1018,,2310,3,,,0
120029,'1179575',1218,,2311,3,,,0
190017019,'1178928',1644,,2851,3,,,0
190017019,'1178932',914,,2852,3,,,0
190017019,'1179000',2144,,2854,3,0,8 21,0
190017019,'1179014',1814,,2855,3,0,8 21,0
190017019,'1179016',614,,2856,3,,,0
190017019,'1179057',2244,,2857,3,0,8 21,0
190017019,'1179092',644,,2859,3,,,0
190017019,'1179124',1544,,2860,3,,,0
190017019,'1179128',1044,,2861,3,,,0
190017019,'1179133',2144,,2862,3,0,8 21,0
190017019,'1179151',1844,,2863,3,,,0
190017019,'1179161',1714,,2864,3,,,0
190017019,'1179166',944,,2865,3,,,0
190017019,'1179196',644,,2866,3,,,0
190017019,'1179242',1144,,2867,3,,,0
190017019,'1179273',2044,,2868,3,,,0
190017019,'1179277',814,,2869,3,,,0
190017019,'1179293',1244,,2870,3,,,0
190017019,'1179306',1844,,2871,3,,,0
190017019,'1179327',1444,,2873,3,,,0
190017019,'1179385',744,,2876,3,,,0
190017019,'1179401',1944,,2877,3,,,0
190017019,'1179427',1244,,2878,3,,,0
190017019,'1179455',1344,,2879,3,,,0
190017019,'1179519',1744,,2881,3,,,0
190017019,'1179529',2244,,2882,3,0,8 21,0
190017019,'1179533',714,,2883,3,,,0
190017019,'1179573',1144,,2885,3,,,0
190017019,'1179579',1044,,2886,3,,,0
190017019,'1179599',2044,,2887,3,,,0
190017019,'1179610',1944,,2888,3,,,0
190017019,'1179621',844,,2889,3,,,0
190017019,'1179625',1344,,2890,3,,,0
190017019,'1179626',1614,,2891,3,,,0
190017019,'1179631',1744,,2892,3,,,0
190017019,'1179667',744,,2893,3,,,0
190017019,'1179680',1544,,2894,3,,,0
190017019,'1179683',844,,2895,3,,,0
190017019,'1179686',1444,,2896,3,,,0
190017019,'1179699',944,,2897,3,,,0
190017019,'1179710',1644,,2898,3,,,0
