130029,'1178925',1512,,2321,25,,,0
130029,'1178989',1412,,2322,25,,,0
130029,'1179023',1612,,2323,25,,,0
130029,'1179120',1712,,2324,25,,,0
130029,'1179168',1312,,2325,25,,,0
130029,'1179423',912,,2326,25,,,0
130029,'1179469',1212,,2327,25,,,0
130029,'1179639',1012,,2328,25,,,0
130029,'1179657',1112,,2329,25,,,0
150029,'1178980',1129,,2357,36,,,0
150029,'1179059',929,,2358,36,,,0
150029,'1179210',1329,,2359,36,,,0
150029,'1179274',1729,,2360,36,,,0
150029,'1179311',1029,,2361,36,,,0
150029,'1179362',1629,,2362,36,,,0
150029,'1179450',1429,,2363,36,,,0
150029,'1179616',1229,,2364,36,,,0
150029,'1179674',1529,,2365,36,,,0
300019,'1178915',1010,,2440,19,0,23 24 2 25,0
300019,'1178996',1840,,2447,19,0,23 24 2 25,0
300019,'1178999',740,,2448,19,0,23 24 2 25,0
300019,'1179042',810,,2453,19,0,23 24 2 25,0
300019,'1179065',1140,,2456,19,0,23 24 2 25,0
300019,'1179094',740,,2458,18,0,23 24 2 25,0
300019,'1179132',1240,,2464,19,0,23 24 2 25,0
300019,'1179142',1540,,2465,19,0,23 24 2 25,0
300019,'1179211',1740,,2467,19,0,23 24 2 25,0
300019,'1179220',1040,,2468,19,0,23 24 2 25,0
300019,'1179258',1840,,2470,19,0,23 24 2 25,0
300019,'1179264',1340,,2471,19,0,23 24 2 25,0
300019,'1179288',1740,,2473,19,0,23 24 2 25,0
300019,'1179349',1540,,2478,19,0,23 24 2 25,0
300019,'1179356',1640,,2480,19,0,23 24 2 25,0
300019,'1179360',2140,,2481,19,0,23 24 2 25,0
300019,'1179405',1240,,2486,19,0,23 24 2 25,0
300019,'1179406',1040,,2487,19,0,23 24 2 25,0
300019,'1179409',1610,,2488,19,0,23 24 2 25,0
300019,'1179420',1340,,2489,19,0,23 24 2 25,0
300019,'1179454',1440,,2492,19,0,23 24 2 25,0
300019,'1179463',940,,2493,19,0,23 24 2 25,0
300019,'1179467',840,,2494,19,0,23 24 2 25,0
300019,'1179470',1140,,2495,19,0,23 24 2 25,0
300019,'1179502',2040,,2498,19,0,23 24 2 25,0
300019,'1179527',1940,,2500,19,0,23 24 2 25,0
300019,'1179532',840,,2501,19,0,23 24 2 25,0
300019,'1179554',2140,,2504,19,0,23 24 2 25,0
300019,'1179570',1640,,2507,19,0,23 24 2 25,0
300019,'1179580',1940,,2508,19,0,23 24 2 25,0
300019,'1179597',910,,2511,19,0,23 24 2 25,0
300019,'1179607',710,,2512,18,0,23 24 2 25,0
300019,'1179614',1440,,2513,19,0,23 24 2 25,0
300019,'1179617',1810,,2514,19,0,23 24 2 25,0
300019,'1179624',1710,,2516,19,0,23 24 2 25,0
300019,'1179643',2040,,2518,19,0,23 24 2 25,0
300019,'1179713',940,,2521,19,0,23 24 2 25,0
140014019,'1178954',1552,,2614,12,,,0
140014019,'1178955',1122,,2615,12,,,0
140014019,'1178974',952,,2616,12,,,0
140014019,'1179007',1752,,2617,12,,,0
140014019,'1179027',1452,,2618,12,,,0
140014019,'1179052',752,,2619,12,,,0
140014019,'1179079',722,,2620,12,,,0
140014019,'1179080',1452,,2621,12,,,0
140014019,'1179082',822,,2622,12,,,0
140014019,'1179084',652,,2623,12,,,0
140014019,'1179111',2152,,2624,12,,,0
140014019,'1179143',752,,2625,12,,,0
140014019,'1179200',1222,,2626,12,,,0
140014019,'1179207',1722,,2627,12,,,0
140014019,'1179221',1352,,2628,12,,,0
140014019,'1179271',1152,,2629,12,,,0
140014019,'1179298',1652,,2630,12,,,0
140014019,'1179320',1422,,2631,12,,,0
140014019,'1179323',952,,2632,12,,,0
140014019,'1179350',852,,2634,12,,,0
140014019,'1179353',1752,,2635,12,,,0
140014019,'1179366',1952,,2636,12,,,0
140014019,'1179392',1552,,2637,12,,,0
140014019,'1179403',1852,,2638,12,,,0
140014019,'1179433',1352,,2640,12,,,0
140014019,'1179443',922,,2641,12,,,0
140014019,'1179446',1152,,2642,12,,,0
140014019,'1179449',1022,,2643,12,,,0
140014019,'1179493',1052,,2644,12,,,0
140014019,'1179524',1652,,2646,12,,,0
140014019,'1179535',1322,,2647,12,,,0
140014019,'1179547',1252,,2648,12,,,0
140014019,'1179557',1822,,2650,12,0,8 21,0
140014019,'1179561',1522,,2651,12,,,0
140014019,'1179577',1252,,2652,12,,,0
140014019,'1179598',2052,,2653,12,,,0
140014019,'1179600',2152,,2654,12,,,0
140014019,'1179608',1852,,2655,12,,,0
140014019,'1179636',1622,,2656,12,,,0
140014019,'1179638',852,,2657,12,,,0
140014019,'1179648',1952,,2658,12,,,0
140014019,'1179654',2052,,2659,12,,,0
140014019,'1179662',1052,,2660,12,,,0
190013019,'1178916',1703,,2757,57,,,0
190013019,'1178919',2033,,2758,57,,,0
190013019,'1178920',1203,,2759,57,,,0
190013019,'1178929',833,,2760,57,,,0
190013019,'1178930',1733,,2761,57,,,0
190013019,'1178972',2033,,2762,57,,,0
190013019,'1178983',1303,,2763,57,,,0
190013019,'1178994',2233,,2764,57,,,0
190013019,'1178997',1233,,2765,57,,,0
190013019,'1179048',1603,,2766,57,,,0
190013019,'1179062',1633,,2767,57,,,0
190013019,'1179074',1403,,2768,57,,,0
190013019,'1179087',1333,,2769,57,,,0
190013019,'1179104',1103,,2770,57,,,0
190013019,'1179187',933,,2772,57,,,0
190013019,'1179202',1133,,2773,57,,,0
190013019,'1179203',1033,,2774,57,,,0
190013019,'1179212',1533,,2775,57,,,0
190013019,'1179219',1333,,2776,57,,,0
190013019,'1179243',833,,2777,57,,,0
190013019,'1179287',2233,,2778,57,,,0
190013019,'1179292',1133,,2779,57,,,0
190013019,'1179300',803,,2780,57,,,0
190013019,'1179354',633,,2781,25,,,0
190013019,'1179373',1033,,2782,57,,,0
190013019,'1179380',1433,,2783,57,,,0
190013019,'1179402',1433,,2784,57,,,0
190013019,'1179411',1503,,2785,57,,,0
190013019,'1179457',1933,,2786,57,,,0
190013019,'1179504',733,,2787,57,,,0
190013019,'1179507',1003,,2788,57,,,0
190013019,'1179509',1233,,2789,57,,,0
190013019,'1179516',1633,,2790,57,,,0
190013019,'1179531',2133,,2791,57,,,0
190013019,'1179537',933,,2792,57,,,0
190013019,'1179539',1833,,2793,57,,,0
190013019,'1179546',733,,2794,57,,,0
190013019,'1179553',1933,,2795,57,,,0
190013019,'1179581',703,,2796,25,,,0
190013019,'1179591',1733,,2797,57,,,0
190013019,'1179611',1803,,2798,57,,,0
190013019,'1179635',1533,,2799,57,,,0
190013019,'1179694',903,,2800,57,,,0
190013019,'1179701',2133,,2801,57,,,0
190013019,'1179717',1833,,2802,57,,,0
