110019,'1178947',946,,2239,25,,,0
110019,'1178964',1446,,2240,25,,,0
110019,'1178973',1746,,2241,25,,,0
110019,'1179028',1546,,2242,25,,,0
110019,'1179105',1646,,2243,25,,,0
110019,'1179114',1046,,2244,25,,,0
110019,'1179176',1246,,2245,25,,,0
110019,'1179184',1346,,2246,25,,,0
110019,'1179290',1146,,2247,25,,,0
140010019,'1178914',1126,,2522,27,0,8 21,0
140010019,'1178921',1456,,2523,27,,,0
140010019,'1178922',956,,2524,28,,,0
140010019,'1178936',726,,2525,27,,,0
140010019,'1178946',2256,,2526,27,0,8 21,0
140010019,'1178979',1056,,2527,28,,,0
140010019,'1179012',756,,2528,28,,,0
140010019,'1179037',1956,,2529,27,,,0
140010019,'1179103',1556,,2530,28,,,0
140010019,'1179122',1326,,2531,27,0,8 21,0
140010019,'1179131',1156,,2532,27,,,0
140010019,'1179140',2156,,2533,27,,,0
140010019,'1179147',926,,2534,27,0,8 21,0
140010019,'1179157',656,,2535,27,,,0
140010019,'1179167',1056,,2536,27,,,0
140010019,'1179178',1756,,2537,28,,,0
140010019,'1179180',2156,,2538,28,,,0
140010019,'1179188',1456,,2539,28,,,0
140010019,'1179217',1956,,2540,28,,,0
140010019,'1179232',1526,,2541,27,0,8 21,0
140010019,'1179251',1626,,2542,27,,,0
140010019,'1179253',826,,2543,27,,,0
140010019,'1179268',1726,,2544,27,,,0
140010019,'1179270',1656,,2545,28,,,0
140010019,'1179336',856,,2547,27,,,0
140010019,'1179347',756,,2548,27,,,0
140010019,'1179361',2056,,2549,27,,,0
140010019,'1179396',2056,,2550,28,,,0
140010019,'1179408',2256,,2551,28,0,8 21,0
140010019,'1179415',1156,,2552,28,,,0
140010019,'1179445',1356,,2553,27,,,0
140010019,'1179452',1756,,2554,27,,,0
140010019,'1179453',1356,,2555,28,,,0
140010019,'1179479',1256,,2556,27,,,0
140010019,'1179483',1226,,2557,27,0,8 21,0
140010019,'1179494',1656,,2558,27,,,0
140010019,'1179496',1556,,2559,27,,,0
140010019,'1179498',1426,,2560,27,0,8 21,0
140010019,'1179544',1856,,2561,27,,,0
140010019,'1179548',1026,,2562,27,0,8 21,0
140010019,'1179613',1856,,2563,28,,,0
140010019,'1179620',856,,2564,28,,,0
140010019,'1179629',1826,,2565,27,0,8 21,0
140010019,'1179659',1256,,2566,28,,,0
140010019,'1179692',956,,2567,27,,,0
