110019,'1178947',947,,2239,27,,,0
110019,'1178964',1447,,2240,27,,,0
110019,'1178973',1747,,2241,27,,,0
110019,'1179028',1547,,2242,27,,,0
110019,'1179105',1647,,2243,27,,,0
110019,'1179114',1047,,2244,27,,,0
110019,'1179176',1247,,2245,27,,,0
110019,'1179184',1347,,2246,27,,,0
110019,'1179290',1147,,2247,27,,,0
140010019,'1178914',1127,,2522,29,0,8 21,0
140010019,'1178921',1458,,2523,29,,,0
140010019,'1178922',958,,2524,30,,,0
140010019,'1178936',727,,2525,29,,,0
140010019,'1178946',2257,,2526,29,0,8 21,0
140010019,'1178979',1058,,2527,30,,,0
140010019,'1179012',757,,2528,30,,,0
140010019,'1179037',1957,,2529,29,,,0
140010019,'1179103',1557,,2530,30,,,0
140010019,'1179122',1327,,2531,29,0,8 21,0
140010019,'1179131',1158,,2532,29,,,0
140010019,'1179140',2157,,2533,29,,,0
140010019,'1179147',927,,2534,29,0,8 21,0
140010019,'1179157',657,,2535,29,,,0
140010019,'1179167',1058,,2536,29,,,0
140010019,'1179178',1757,,2537,30,,,0
140010019,'1179180',2157,,2538,30,,,0
140010019,'1179188',1458,,2539,30,,,0
140010019,'1179217',1957,,2540,30,,,0
140010019,'1179232',1527,,2541,29,0,8 21,0
140010019,'1179251',1627,,2542,29,,,0
140010019,'1179253',827,,2543,29,,,0
140010019,'1179268',1727,,2544,29,,,0
140010019,'1179270',1657,,2545,30,,,0
140010019,'1179336',857,,2547,29,,,0
140010019,'1179347',757,,2548,29,,,0
140010019,'1179361',2057,,2549,29,,,0
140010019,'1179396',2057,,2550,30,,,0
140010019,'1179408',2257,,2551,30,0,8 21,0
140010019,'1179415',1158,,2552,30,,,0
140010019,'1179445',1358,,2553,29,,,0
140010019,'1179452',1757,,2554,29,,,0
140010019,'1179453',1358,,2555,30,,,0
140010019,'1179479',1258,,2556,29,,,0
140010019,'1179483',1227,,2557,29,0,8 21,0
140010019,'1179494',1657,,2558,29,,,0
140010019,'1179496',1557,,2559,29,,,0
140010019,'1179498',1427,,2560,29,0,8 21,0
140010019,'1179544',1857,,2561,29,,,0
140010019,'1179548',1027,,2562,29,0,8 21,0
140010019,'1179613',1857,,2563,30,,,0
140010019,'1179620',857,,2564,30,,,0
140010019,'1179629',1827,,2565,29,0,8 21,0
140010019,'1179659',1258,,2566,30,,,0
140010019,'1179692',958,,2567,29,,,0
