116019,'1178992',749,,2257,21,,,0
116019,'1178995',749,,2258,21,,,0
116019,'1179088',649,,2259,21,,,0
116019,'1179096',849,,2260,21,,,0
116019,'1179141',1449,,2261,21,,,0
116019,'1179172',1149,,2262,21,,,0
116019,'1179177',849,,2263,21,,,0
116019,'1179190',1619,,2264,21,,,0
116019,'1179215',1049,,2265,21,,,0
116019,'1179228',819,,2266,21,,,0
116019,'1179247',949,,2267,21,,,0
116019,'1179275',1549,,2268,21,,,0
116019,'1179278',1249,,2269,21,,,0
116019,'1179313',1749,,2270,21,,,0
116019,'1179314',2049,,2271,21,,,0
116019,'1179321',1149,,2272,21,,,0
116019,'1179339',719,,2273,21,,,0
116019,'1179343',1949,,2274,21,,,0
116019,'1179365',1649,,2275,21,,,0
116019,'1179381',1849,,2276,21,,,0
116019,'1179418',1649,,2277,21,,,0
116019,'1179432',1719,,2278,21,,,0
116019,'1179434',1949,,2279,21,,,0
116019,'1179439',1349,,2280,21,,,0
116019,'1179441',1449,,2281,21,,,0
116019,'1179476',1049,,2282,21,,,0
116019,'1179500',2149,,2283,21,,,0
116019,'1179515',919,,2284,21,,,0
116019,'1179584',1849,,2285,21,,,0
116019,'1179603',949,,2286,21,,,0
116019,'1179606',1819,,2287,21,,,0
116019,'1179615',1549,,2288,21,,,0
116019,'1179641',1249,,2289,21,,,0
116019,'1179653',1749,,2290,21,,,0
116019,'1179682',1349,,2291,21,,,0
116019,'1179696',2049,,2292,21,,,0
116019,'1179706',2149,,2293,21,,,0
