200019,'1179038',1444,,2384,14,,,0
200019,'1179081',1644,,2385,14,,,0
200019,'1179174',944,,2386,14,,,0
200019,'1179259',1144,,2387,14,,,0
200019,'1179289',1544,,2388,14,,,0
200019,'1179460',1744,,2389,14,,,0
200019,'1179585',1044,,2390,14,,,0
200019,'1179594',1344,,2391,14,,,0
200019,'1179655',1244,,2392,14,,,0
140016019,'1178912',1659,,2661,16,,,0
140016019,'1178941',759,,2662,16,,,0
140016019,'1179017',1229,,2664,16,0,8 21,0
140016019,'1179051',2159,,2665,16,,,0
140016019,'1179077',1729,,2667,16,,,0
140016019,'1179112',1859,,2668,16,,,0
140016019,'1179129',1159,,2669,16,,,0
140016019,'1179136',1459,,2670,16,,,0
140016019,'1179158',1259,,2671,16,,,0
140016019,'1179191',859,,2672,16,,,0
140016019,'1179213',959,,2673,16,,,0
140016019,'1179234',1359,,2675,16,,,0
140016019,'1179254',1129,,2676,16,0,8 21,0
140016019,'1179256',829,,2677,16,,,0
140016019,'1179267',759,,2678,16,,,0
140016019,'1179284',1859,,2679,16,,,0
140016019,'1179299',2159,,2681,16,,,0
140016019,'1179304',1259,,2682,16,,,0
140016019,'1179312',1559,,2683,16,,,0
140016019,'1179318',1759,,2684,16,,,0
140016019,'1179330',1959,,2685,16,,,0
140016019,'1179333',1359,,2686,16,,,0
140016019,'1179351',929,,2687,16,0,8 21,0
140016019,'1179357',1059,,2688,16,,,0
140016019,'1179371',1459,,2689,16,,,0
140016019,'1179389',1629,,2690,16,,,0
140016019,'1179416',1559,,2691,16,,,0
140016019,'1179464',2059,,2693,16,,,0
140016019,'1179475',859,,2694,16,,,0
140016019,'1179481',1659,,2695,16,,,0
140016019,'1179503',1429,,2696,16,0,8 21,0
140016019,'1179517',1529,,2697,16,,,0
140016019,'1179520',1959,,2698,16,,,0
140016019,'1179536',729,,2699,16,,,0
140016019,'1179538',659,,2700,16,,,0
140016019,'1179562',1329,,2701,16,0,8 21,0
140016019,'1179569',1829,,2702,16,0,8 21,0
140016019,'1179601',2059,,2703,16,,,0
140016019,'1179604',1059,,2704,16,,,0
140016019,'1179627',1159,,2705,16,,,0
140016019,'1179663',959,,2706,16,,,0
140016019,'1179681',1029,,2707,16,0,8 21,0
140016019,'1179687',1759,,2708,16,,,0
