120019,'1178966',1320,,2294,2,,,0
120019,'1178998',1520,,2295,2,,,0
120019,'1179031',1620,,2296,2,,,0
120019,'1179149',1420,,2297,2,,,0
120019,'1179182',1120,,2298,2,,,0
120019,'1179282',920,,2299,2,,,0
120019,'1179296',1720,,2300,2,,,0
120019,'1179596',1020,,2301,2,,,0
120019,'1179628',1220,,2302,2,,,0
190013019,'1178916',1611,,2757,2,,,0
190013019,'1178919',1941,,2758,2,,,0
190013019,'1178920',1111,,2759,2,,,0
190013019,'1178929',741,,2760,2,,,0
190013019,'1178930',1641,,2761,2,,,0
190013019,'1178972',1941,,2762,2,,,0
190013019,'1178983',1211,,2763,2,,,0
190013019,'1178994',2141,,2764,2,,,0
190013019,'1178997',1141,,2765,2,,,0
190013019,'1179048',1511,,2766,2,,,0
190013019,'1179062',1541,,2767,2,,,0
190013019,'1179074',1311,,2768,2,,,0
190013019,'1179087',1241,,2769,2,,,0
190013019,'1179104',1011,,2770,2,,,0
190013019,'1179171',1811,,2771,2,0,8 21,0
190013019,'1179187',841,,2772,2,,,0
190013019,'1179202',1041,,2773,2,,,0
190013019,'1179203',941,,2774,2,,,0
190013019,'1179212',1441,,2775,2,,,0
190013019,'1179219',1241,,2776,2,,,0
190013019,'1179243',741,,2777,2,,,0
190013019,'1179287',2141,,2778,2,,,0
190013019,'1179292',1041,,2779,2,,,0
190013019,'1179300',711,,2780,2,,,0
190013019,'1179373',941,,2782,2,,,0
190013019,'1179380',1341,,2783,2,,,0
190013019,'1179402',1341,,2784,2,,,0
190013019,'1179411',1411,,2785,2,,,0
190013019,'1179457',1841,,2786,2,,,0
190013019,'1179504',641,,2787,2,,,0
190013019,'1179507',911,,2788,2,,,0
190013019,'1179509',1141,,2789,2,,,0
190013019,'1179516',1541,,2790,2,,,0
190013019,'1179531',2041,,2791,2,,,0
190013019,'1179537',841,,2792,2,,,0
190013019,'1179539',1741,,2793,2,,,0
190013019,'1179546',641,,2794,2,,,0
190013019,'1179553',1841,,2795,2,,,0
190013019,'1179591',1641,,2797,2,,,0
190013019,'1179611',1711,,2798,2,,,0
190013019,'1179635',1441,,2799,2,,,0
190013019,'1179694',811,,2800,2,,,0
190013019,'1179701',2041,,2801,2,,,0
190013019,'1179717',1741,,2802,2,,,0
