120019,'1178966',1325,,2294,11,,,0
120019,'1178998',1525,,2295,11,,,0
120019,'1179031',1625,,2296,11,,,0
120019,'1179149',1425,,2297,11,,,0
120019,'1179182',1125,,2298,11,,,0
120019,'1179282',925,,2299,11,,,0
120019,'1179296',1725,,2300,11,,,0
120019,'1179596',1025,,2301,11,,,0
120019,'1179628',1225,,2302,11,,,0
190013019,'1178916',1617,,2757,11,,,0
190013019,'1178919',1947,,2758,11,,,0
190013019,'1178920',1117,,2759,11,,,0
190013019,'1178929',747,,2760,11,,,0
190013019,'1178930',1647,,2761,11,,,0
190013019,'1178972',1947,,2762,11,,,0
190013019,'1178983',1217,,2763,11,,,0
190013019,'1178994',2147,,2764,11,,,0
190013019,'1178997',1147,,2765,11,,,0
190013019,'1179048',1517,,2766,11,,,0
190013019,'1179062',1547,,2767,11,,,0
190013019,'1179074',1317,,2768,11,,,0
190013019,'1179087',1247,,2769,11,,,0
190013019,'1179104',1017,,2770,11,,,0
190013019,'1179171',1817,,2771,11,0,8 21,0
190013019,'1179187',847,,2772,11,,,0
190013019,'1179202',1047,,2773,11,,,0
190013019,'1179203',947,,2774,11,,,0
190013019,'1179212',1447,,2775,11,,,0
190013019,'1179219',1247,,2776,11,,,0
190013019,'1179243',747,,2777,11,,,0
190013019,'1179287',2147,,2778,11,,,0
190013019,'1179292',1047,,2779,11,,,0
190013019,'1179300',717,,2780,11,,,0
190013019,'1179373',947,,2782,11,,,0
190013019,'1179380',1347,,2783,11,,,0
190013019,'1179402',1347,,2784,11,,,0
190013019,'1179411',1417,,2785,11,,,0
190013019,'1179457',1847,,2786,11,,,0
190013019,'1179504',647,,2787,11,,,0
190013019,'1179507',917,,2788,11,,,0
190013019,'1179509',1147,,2789,11,,,0
190013019,'1179516',1547,,2790,11,,,0
190013019,'1179531',2047,,2791,11,,,0
190013019,'1179537',847,,2792,11,,,0
190013019,'1179539',1747,,2793,11,,,0
190013019,'1179546',647,,2794,11,,,0
190013019,'1179553',1847,,2795,11,,,0
190013019,'1179591',1647,,2797,11,,,0
190013019,'1179611',1717,,2798,11,,,0
190013019,'1179635',1447,,2799,11,,,0
190013019,'1179694',817,,2800,11,,,0
190013019,'1179701',2047,,2801,11,,,0
190013019,'1179717',1747,,2802,11,,,0
