160029,'1178957',909,,2375,25,,,0
160029,'1179098',1409,,2376,25,,,0
160029,'1179137',1609,,2377,25,,,0
160029,'1179301',1209,,2378,25,,,0
160029,'1179398',1309,,2379,25,,,0
160029,'1179410',1709,,2380,25,,,0
160029,'1179543',1109,,2381,25,,,0
160029,'1179558',1009,,2382,25,,,0
160029,'1179623',1509,,2383,25,,,0
216019,'1178924',801,,2403,27,,,0
216019,'1178948',631,,2404,27,,,0
216019,'1178963',2131,,2405,27,,,0
216019,'1178968',1231,,2406,27,,,0
216019,'1179019',1801,,2407,27,,,0
216019,'1179021',1601,,2408,27,,,0
216019,'1179029',1431,,2409,27,,,0
216019,'1179050',1531,,2410,27,,,0
216019,'1179070',1431,,2411,27,,,0
216019,'1179075',1831,,2412,27,,,0
216019,'1179116',734,,2413,28,,,0
216019,'1179123',1331,,2414,27,,,0
216019,'1179160',1734,,2415,28,,,0
216019,'1179179',2031,,2416,27,,,0
216019,'1179181',1131,,2417,27,,,0
216019,'1179199',931,,2418,27,,,0
216019,'1179206',1531,,2419,27,,,0
216019,'1179328',1031,,2420,27,,,0
216019,'1179338',1231,,2421,27,,,0
216019,'1179345',831,,2422,27,,,0
216019,'1179368',1704,,2423,28,,,0
216019,'1179369',1031,,2424,27,,,0
216019,'1179374',1634,,2425,28,,,0
216019,'1179421',1831,,2426,27,,,0
216019,'1179431',1131,,2427,27,,,0
216019,'1179458',1931,,2428,27,,,0
216019,'1179488',731,,2429,27,,,0
216019,'1179523',1331,,2430,27,,,0
216019,'1179574',2031,,2431,27,,,0
216019,'1179582',1931,,2432,27,,,0
216019,'1179605',901,,2433,27,,,0
216019,'1179647',1731,,2434,27,,,0
216019,'1179669',831,,2435,27,,,0
216019,'1179695',2131,,2436,27,,,0
216019,'1179712',704,,2437,28,,,0
216019,'1179714',931,,2438,27,,,0
216019,'1179719',1631,,2439,27,,,0
