140029,'1178990',1448,,2339,22,,,0
140029,'1179039',1148,,2340,22,,,0
140029,'1179106',1048,,2341,22,,,0
140029,'1179281',1348,,2342,22,,,0
140029,'1179335',1648,,2343,22,,,0
140029,'1179461',1801,,2344,22,,,0
140029,'1179478',1548,,2345,22,,,0
140029,'1179522',1248,,2346,22,,,0
140029,'1179651',948,,2347,22,,,0
140012019,'1178913',1221,,2568,32,,,0
140012019,'1178923',1221,,2569,32,,,0
140012019,'1178934',1021,,2570,32,,,0
140012019,'1178935',821,,2571,32,,,0
140012019,'1178953',921,,2572,32,,,0
140012019,'1178981',721,,2573,32,,,0
140012019,'1178986',1451,,2574,32,,,0
140012019,'1179006',1351,,2575,32,,,0
140012019,'1179011',751,,2576,32,,,0
140012019,'1179015',1921,,2577,32,,,0
140012019,'1179046',921,,2578,32,,,0
140012019,'1179102',1621,,2579,32,,,0
140012019,'1179154',1421,,2580,32,,,0
140012019,'1179183',2021,,2581,32,,,0
140012019,'1179185',951,,2582,32,,,0
140012019,'1179230',1021,,2584,32,,,0
140012019,'1179233',1621,,2585,32,,,0
140012019,'1179236',821,,2586,32,,,0
140012019,'1179238',1521,,2587,32,,,0
140012019,'1179244',2121,,2588,32,,,0
140012019,'1179245',1921,,2589,32,,,0
140012019,'1179250',721,,2590,10,,,0
140012019,'1179261',1121,,2592,32,,,0
140012019,'1179316',2021,,2593,32,,,0
140012019,'1179325',851,,2594,32,,,0
140012019,'1179348',1321,,2595,32,,,0
140012019,'1179359',1751,,2596,32,,,0
140012019,'1179372',2221,,2597,32,,,0
140012019,'1179387',1321,,2598,32,,,0
140012019,'1179399',1151,,2599,32,,,0
140012019,'1179425',2121,,2600,32,,,0
140012019,'1179444',1651,,2601,32,,,0
140012019,'1179495',1421,,2602,32,,,0
140012019,'1179499',1551,,2603,32,,,0
140012019,'1179510',1721,,2604,32,,,0
140012019,'1179511',2221,,2605,32,,,0
140012019,'1179526',1821,,2606,32,,,0
140012019,'1179556',1121,,2607,32,,,0
140012019,'1179567',1251,,2608,32,,,0
140012019,'1179644',1821,,2610,32,,,0
140012019,'1179693',1051,,2611,32,,,0
140012019,'1179704',1521,,2612,32,,,0
140012019,'1179715',1721,,2613,32,,,0
