150029,'1178980',1109,,2357,17,,,0
150029,'1179059',909,,2358,17,,,0
150029,'1179210',1309,,2359,17,,,0
150029,'1179274',1709,,2360,17,,,0
150029,'1179311',1009,,2361,17,,,0
150029,'1179362',1609,,2362,17,,,0
150029,'1179450',1409,,2363,17,,,0
150029,'1179616',1209,,2364,17,,,0
150029,'1179674',1509,,2365,17,,,0
300019,'1178915',1001,,2440,11,0,23 24 2 25,0
300019,'1178918',1201,,2441,14,0,23 24 2 26,0
300019,'1178931',801,,2442,14,0,23 24 2 26,0
300019,'1178939',1401,,2443,14,0,23 24 2 26,0
300019,'1178975',1501,,2445,14,0,23 24 2 26,0
300019,'1178982',1701,,2446,14,0,23 24 2 26,0
300019,'1178996',1831,,2447,11,0,23 24 2 25,0
300019,'1178999',731,,2448,11,0,23 24 2 25,0
300019,'1179001',731,,2449,14,0,23 24 2 26,0
300019,'1179003',2001,,2450,14,0,23 24 2 26,0
300019,'1179008',2201,,2451,14,0,8 9 2 26,0
300019,'1179030',1901,,2452,14,0,23 24 2 26,0
300019,'1179042',801,,2453,11,0,23 24 2 25,0
300019,'1179058',1101,,2455,14,0,23 24 2 26,0
300019,'1179065',1131,,2456,11,0,23 24 2 25,0
300019,'1179066',1801,,2457,14,0,23 24 2 26,0
300019,'1179094',731,,2458,10,0,23 24 2 25,0
300019,'1179109',1831,,2459,14,0,8 9 2 26,0
300019,'1179110',1001,,2460,14,0,23 24 2 26,0
300019,'1179115',931,,2461,14,0,23 24 2 26,0
300019,'1179121',1801,,2462,14,0,23 24 2 26,0
300019,'1179125',2001,,2463,14,0,23 24 2 26,0
300019,'1179132',1231,,2464,11,0,23 24 2 25,0
300019,'1179142',1531,,2465,11,0,23 24 2 25,0
300019,'1179194',831,,2466,14,0,23 24 2 26,0
300019,'1179211',1731,,2467,11,0,23 24 2 25,0
300019,'1179220',1031,,2468,11,0,23 24 2 25,0
300019,'1179246',801,,2469,14,0,23 24 2 26,0
300019,'1179258',1831,,2470,11,0,23 24 2 25,0
300019,'1179264',1331,,2471,11,0,23 24 2 25,0
300019,'1179279',901,,2472,14,0,23 24 2 26,0
300019,'1179288',1731,,2473,11,0,23 24 2 25,0
300019,'1179295',2101,,2474,14,0,23 24 2 26,0
300019,'1179331',1301,,2477,14,0,23 24 2 26,0
300019,'1179349',1531,,2478,11,0,23 24 2 25,0
300019,'1179355',1201,,2479,14,0,23 24 2 26,0
300019,'1179356',1631,,2480,11,0,23 24 2 25,0
300019,'1179360',2131,,2481,11,0,23 24 2 25,0
300019,'1179379',2201,,2482,14,0,8 9 2 26,0
300019,'1179390',1501,,2483,14,0,23 24 2 26,0
300019,'1179397',1631,,2484,14,0,23 24 2 26,0
300019,'1179404',2101,,2485,14,0,23 24 2 26,0
300019,'1179405',1231,,2486,11,0,23 24 2 25,0
300019,'1179406',1031,,2487,11,0,23 24 2 25,0
300019,'1179409',1601,,2488,11,0,23 24 2 25,0
300019,'1179420',1331,,2489,11,0,23 24 2 25,0
300019,'1179435',1601,,2490,14,0,23 24 2 26,0
300019,'1179448',1401,,2491,14,0,23 24 2 26,0
300019,'1179454',1431,,2492,11,0,23 24 2 25,0
300019,'1179463',931,,2493,11,0,23 24 2 25,0
300019,'1179467',831,,2494,11,0,23 24 2 25,0
300019,'1179470',1131,,2495,11,0,23 24 2 25,0
300019,'1179484',1301,,2496,14,0,23 24 2 26,0
300019,'1179490',1101,,2497,14,0,23 24 2 26,0
300019,'1179502',2031,,2498,11,0,23 24 2 25,0
300019,'1179508',1001,,2499,14,0,23 24 2 26,0
300019,'1179527',1931,,2500,11,0,23 24 2 25,0
300019,'1179532',831,,2501,11,0,23 24 2 25,0
300019,'1179549',901,,2502,14,0,23 24 2 26,0
300019,'1179554',2131,,2504,11,0,23 24 2 25,0
300019,'1179566',1701,,2505,14,0,23 24 2 26,0
300019,'1179568',1901,,2506,14,0,23 24 2 26,0
300019,'1179570',1631,,2507,11,0,23 24 2 25,0
300019,'1179580',1931,,2508,11,0,23 24 2 25,0
300019,'1179593',1031,,2510,14,0,8 9 2 26,0
300019,'1179597',901,,2511,11,0,23 24 2 25,0
300019,'1179607',701,,2512,10,0,23 24 2 25,0
300019,'1179614',1431,,2513,11,0,23 24 2 25,0
300019,'1179617',1801,,2514,11,0,23 24 2 25,0
300019,'1179622',1731,,2515,14,0,23 24 2 26,0
300019,'1179624',1701,,2516,11,0,23 24 2 25,0
300019,'1179643',2031,,2518,11,0,23 24 2 25,0
300019,'1179649',1601,,2519,14,0,23 24 2 26,0
300019,'1179713',931,,2521,11,0,23 24 2 25,0
