140019,'1178969',1322,,2330,10,,,0
140019,'1178977',1522,,2331,10,,,0
140019,'1179164',1622,,2332,10,,,0
140019,'1179344',1422,,2333,10,,,0
140019,'1179352',922,,2334,10,,,0
140019,'1179462',1222,,2335,10,,,0
140019,'1179512',1122,,2336,10,,,0
140019,'1179518',1022,,2337,10,,,0
140019,'1179634',1722,,2338,10,,,0
190011019,'1178950',722,,2710,11,,,0
190011019,'1178970',1852,,2711,11,,,0
190011019,'1179009',1822,,2712,11,0,8 21,0
190011019,'1179040',2052,,2713,11,,,0
190011019,'1179145',852,,2715,11,,,0
190011019,'1179159',1752,,2717,11,,,0
190011019,'1179162',2247,,2718,11,0,12,0
190011019,'1179163',752,,2719,11,,,0
190011019,'1179248',652,,2720,11,,,0
190011019,'1179252',1752,,2721,11,,,0
190011019,'1179276',1952,,2722,11,,,0
190011019,'1179307',652,,2723,11,,,0
190011019,'1179332',1051,,2725,11,,,0
190011019,'1179340',852,,2726,11,,,0
190011019,'1179367',1722,,2727,11,,,0
190011019,'1179394',2152,,2730,11,,,0
190011019,'1179412',2247,,2731,11,0,12,0
190011019,'1179413',1251,,2732,11,,,0
190011019,'1179424',2152,,2733,11,,,0
190011019,'1179426',1351,,2734,11,,,0
190011019,'1179430',1551,,2735,11,,,0
190011019,'1179437',1051,,2736,11,,,0
190011019,'1179438',1551,,2737,11,,,0
190011019,'1179442',1852,,2738,11,,,0
190011019,'1179477',752,,2739,11,,,0
190011019,'1179521',1351,,2740,11,,,0
190011019,'1179528',1151,,2741,11,,,0
190011019,'1179555',1952,,2743,11,,,0
190011019,'1179572',1151,,2744,11,,,0
190011019,'1179590',1451,,2745,11,,,0
190011019,'1179619',1652,,2746,11,,,0
190011019,'1179642',952,,2747,11,,,0
190011019,'1179650',1251,,2748,11,,,0
190011019,'1179666',822,,2750,11,,,0
190011019,'1179677',2052,,2752,11,,,0
190011019,'1179678',922,,2753,11,,,0
190011019,'1179688',1652,,2754,11,,,0
190011019,'1179700',1451,,2755,11,,,0
190011019,'1179709',952,,2756,11,,,0
