120019,'1178966',1325,,2294,10,,,0
120019,'1178998',1525,,2295,10,,,0
120019,'1179031',1625,,2296,10,,,0
120019,'1179149',1425,,2297,10,,,0
120019,'1179182',1125,,2298,10,,,0
120019,'1179282',925,,2299,10,,,0
120019,'1179296',1725,,2300,10,,,0
120019,'1179596',1025,,2301,10,,,0
120019,'1179628',1225,,2302,10,,,0
190013019,'1178916',1616,,2757,10,,,0
190013019,'1178919',1946,,2758,10,,,0
190013019,'1178920',1116,,2759,10,,,0
190013019,'1178929',746,,2760,10,,,0
190013019,'1178930',1646,,2761,10,,,0
190013019,'1178972',1946,,2762,10,,,0
190013019,'1178983',1216,,2763,10,,,0
190013019,'1178994',2146,,2764,10,,,0
190013019,'1178997',1146,,2765,10,,,0
190013019,'1179048',1516,,2766,10,,,0
190013019,'1179062',1546,,2767,10,,,0
190013019,'1179074',1316,,2768,10,,,0
190013019,'1179087',1246,,2769,10,,,0
190013019,'1179104',1016,,2770,10,,,0
190013019,'1179171',1816,,2771,10,0,8 21,0
190013019,'1179187',846,,2772,10,,,0
190013019,'1179202',1046,,2773,10,,,0
190013019,'1179203',946,,2774,10,,,0
190013019,'1179212',1446,,2775,10,,,0
190013019,'1179219',1246,,2776,10,,,0
190013019,'1179243',746,,2777,10,,,0
190013019,'1179287',2146,,2778,10,,,0
190013019,'1179292',1046,,2779,10,,,0
190013019,'1179300',716,,2780,10,,,0
190013019,'1179373',946,,2782,10,,,0
190013019,'1179380',1346,,2783,10,,,0
190013019,'1179402',1346,,2784,10,,,0
190013019,'1179411',1416,,2785,10,,,0
190013019,'1179457',1846,,2786,10,,,0
190013019,'1179504',646,,2787,10,,,0
190013019,'1179507',916,,2788,10,,,0
190013019,'1179509',1146,,2789,10,,,0
190013019,'1179516',1546,,2790,10,,,0
190013019,'1179531',2046,,2791,10,,,0
190013019,'1179537',846,,2792,10,,,0
190013019,'1179539',1746,,2793,10,,,0
190013019,'1179546',646,,2794,10,,,0
190013019,'1179553',1846,,2795,10,,,0
190013019,'1179591',1646,,2797,10,,,0
190013019,'1179611',1716,,2798,10,,,0
190013019,'1179635',1446,,2799,10,,,0
190013019,'1179694',816,,2800,10,,,0
190013019,'1179701',2046,,2801,10,,,0
190013019,'1179717',1746,,2802,10,,,0
