140014019,'1178954',1621,,2614,28,,,0
140014019,'1178955',1151,,2615,28,,,0
140014019,'1178974',1021,,2616,28,,,0
140014019,'1179007',1821,,2617,28,,,0
140014019,'1179027',1521,,2618,28,,,0
140014019,'1179052',821,,2619,28,,,0
140014019,'1179079',751,,2620,28,,,0
140014019,'1179080',1521,,2621,28,,,0
140014019,'1179082',851,,2622,28,,,0
140014019,'1179084',721,,2623,28,,,0
140014019,'1179111',2221,,2624,28,,,0
140014019,'1179143',821,,2625,28,,,0
140014019,'1179200',1251,,2626,28,,,0
140014019,'1179207',1751,,2627,28,,,0
140014019,'1179221',1421,,2628,28,,,0
140014019,'1179271',1221,,2629,28,,,0
140014019,'1179298',1721,,2630,28,,,0
140014019,'1179320',1451,,2631,28,,,0
140014019,'1179323',1021,,2632,28,,,0
140014019,'1179350',921,,2634,28,,,0
140014019,'1179353',1821,,2635,28,,,0
140014019,'1179366',2021,,2636,28,,,0
140014019,'1179392',1621,,2637,28,,,0
140014019,'1179403',1921,,2638,28,,,0
140014019,'1179417',721,,2639,7,,,0
140014019,'1179433',1421,,2640,28,,,0
140014019,'1179443',951,,2641,28,,,0
140014019,'1179446',1221,,2642,28,,,0
140014019,'1179449',1051,,2643,28,,,0
140014019,'1179493',1121,,2644,28,,,0
140014019,'1179524',1721,,2646,28,,,0
140014019,'1179535',1351,,2647,28,,,0
140014019,'1179547',1321,,2648,28,,,0
140014019,'1179550',651,,2649,7,,,0
140014019,'1179561',1551,,2651,28,,,0
140014019,'1179577',1321,,2652,28,,,0
140014019,'1179598',2121,,2653,28,,,0
140014019,'1179600',2221,,2654,28,,,0
140014019,'1179608',1921,,2655,28,,,0
140014019,'1179636',1651,,2656,28,,,0
140014019,'1179638',921,,2657,28,,,0
140014019,'1179648',2021,,2658,28,,,0
140014019,'1179654',2121,,2659,28,,,0
140014019,'1179662',1121,,2660,28,,,0
