140016019,'1178912',1646,,2661,2,,,0
140016019,'1178941',746,,2662,2,,,0
140016019,'1179017',1216,,2664,2,0,8 21,0
140016019,'1179051',2146,,2665,2,,,0
140016019,'1179077',1716,,2667,2,,,0
140016019,'1179112',1846,,2668,2,,,0
140016019,'1179129',1146,,2669,2,,,0
140016019,'1179136',1446,,2670,2,,,0
140016019,'1179158',1246,,2671,2,,,0
140016019,'1179191',846,,2672,2,,,0
140016019,'1179213',946,,2673,2,,,0
140016019,'1179234',1346,,2675,2,,,0
140016019,'1179254',1116,,2676,2,0,8 21,0
140016019,'1179256',816,,2677,2,,,0
140016019,'1179267',746,,2678,2,,,0
140016019,'1179284',1846,,2679,2,,,0
140016019,'1179299',2146,,2681,2,,,0
140016019,'1179304',1246,,2682,2,,,0
140016019,'1179312',1546,,2683,2,,,0
140016019,'1179318',1746,,2684,2,,,0
140016019,'1179330',1946,,2685,2,,,0
140016019,'1179333',1346,,2686,2,,,0
140016019,'1179351',916,,2687,2,0,8 21,0
140016019,'1179357',1046,,2688,2,,,0
140016019,'1179371',1446,,2689,2,,,0
140016019,'1179389',1616,,2690,2,,,0
140016019,'1179416',1546,,2691,2,,,0
140016019,'1179464',2046,,2693,2,,,0
140016019,'1179475',846,,2694,2,,,0
140016019,'1179481',1646,,2695,2,,,0
140016019,'1179503',1416,,2696,2,0,8 21,0
140016019,'1179517',1516,,2697,2,,,0
140016019,'1179520',1946,,2698,2,,,0
140016019,'1179536',716,,2699,2,,,0
140016019,'1179538',646,,2700,2,,,0
140016019,'1179562',1316,,2701,2,0,8 21,0
140016019,'1179569',1816,,2702,2,0,8 21,0
140016019,'1179601',2046,,2703,2,,,0
140016019,'1179604',1046,,2704,2,,,0
140016019,'1179627',1146,,2705,2,,,0
140016019,'1179663',946,,2706,2,,,0
140016019,'1179681',1016,,2707,2,0,8 21,0
140016019,'1179687',1746,,2708,2,,,0
