140019,'1178969',1354,,2330,37,,,0
140019,'1178977',1554,,2331,37,,,0
140019,'1179164',1654,,2332,37,,,0
140019,'1179344',1454,,2333,37,,,0
140019,'1179352',954,,2334,37,,,0
140019,'1179462',1254,,2335,37,,,0
140019,'1179512',1154,,2336,37,,,0
140019,'1179518',1054,,2337,37,,,0
140019,'1179634',1807,,2338,37,,,0
140014019,'1178954',1635,,2614,44,,,0
140014019,'1178955',1205,,2615,44,,,0
140014019,'1178974',1035,,2616,44,,,0
140014019,'1179007',1833,,2617,44,,,0
140014019,'1179027',1535,,2618,44,,,0
140014019,'1179052',833,,2619,44,,,0
140014019,'1179079',805,,2620,44,,,0
140014019,'1179080',1533,,2621,44,,,0
140014019,'1179082',905,,2622,44,,,0
140014019,'1179084',735,,2623,44,,,0
140014019,'1179111',2235,,2624,44,,,0
140014019,'1179143',835,,2625,44,,,0
140014019,'1179200',1305,,2626,44,,,0
140014019,'1179207',1805,,2627,44,,,0
140014019,'1179221',1433,,2628,44,,,0
140014019,'1179271',1235,,2629,44,,,0
140014019,'1179298',1733,,2630,44,,,0
140014019,'1179320',1505,,2631,44,,,0
140014019,'1179323',1033,,2632,44,,,0
140014019,'1179337',633,,2633,16,,,0
140014019,'1179350',933,,2634,44,,,0
140014019,'1179353',1835,,2635,44,,,0
140014019,'1179366',2033,,2636,44,,,0
140014019,'1179392',1633,,2637,44,,,0
140014019,'1179403',1935,,2638,44,,,0
140014019,'1179417',733,,2639,23,,,0
140014019,'1179433',1435,,2640,44,,,0
140014019,'1179443',1005,,2641,44,,,0
140014019,'1179446',1233,,2642,44,,,0
140014019,'1179449',1105,,2643,44,,,0
140014019,'1179493',1135,,2644,44,,,0
140014019,'1179513',635,,2645,16,,,0
140014019,'1179524',1735,,2646,44,,,0
140014019,'1179535',1405,,2647,44,,,0
140014019,'1179547',1333,,2648,44,,,0
140014019,'1179550',705,,2649,23,,,0
140014019,'1179561',1605,,2651,44,,,0
140014019,'1179577',1335,,2652,44,,,0
140014019,'1179598',2135,,2653,44,,,0
140014019,'1179600',2233,,2654,44,,,0
140014019,'1179608',1933,,2655,44,,,0
140014019,'1179636',1705,,2656,44,,,0
140014019,'1179638',935,,2657,44,,,0
140014019,'1179648',2035,,2658,44,,,0
140014019,'1179654',2133,,2659,44,,,0
140014019,'1179662',1133,,2660,44,,,0
