120019,'1178966',1328,,2294,14,,,0
120019,'1178998',1528,,2295,14,,,0
120019,'1179031',1628,,2296,14,,,0
120019,'1179149',1428,,2297,14,,,0
120019,'1179182',1128,,2298,14,,,0
120019,'1179282',928,,2299,14,,,0
120019,'1179296',1728,,2300,14,,,0
120019,'1179596',1028,,2301,14,,,0
120019,'1179628',1228,,2302,14,,,0
190013019,'1178916',1619,,2757,14,,,0
190013019,'1178919',1949,,2758,14,,,0
190013019,'1178920',1119,,2759,14,,,0
190013019,'1178929',749,,2760,14,,,0
190013019,'1178930',1649,,2761,14,,,0
190013019,'1178972',1949,,2762,14,,,0
190013019,'1178983',1219,,2763,14,,,0
190013019,'1178994',2149,,2764,14,,,0
190013019,'1178997',1149,,2765,14,,,0
190013019,'1179048',1519,,2766,14,,,0
190013019,'1179062',1549,,2767,14,,,0
190013019,'1179074',1319,,2768,14,,,0
190013019,'1179087',1249,,2769,14,,,0
190013019,'1179104',1019,,2770,14,,,0
190013019,'1179171',1819,,2771,14,0,8 21,0
190013019,'1179187',849,,2772,14,,,0
190013019,'1179202',1049,,2773,14,,,0
190013019,'1179203',949,,2774,14,,,0
190013019,'1179212',1449,,2775,14,,,0
190013019,'1179219',1249,,2776,14,,,0
190013019,'1179243',749,,2777,14,,,0
190013019,'1179287',2149,,2778,14,,,0
190013019,'1179292',1049,,2779,14,,,0
190013019,'1179300',719,,2780,14,,,0
190013019,'1179373',949,,2782,14,,,0
190013019,'1179380',1349,,2783,14,,,0
190013019,'1179402',1349,,2784,14,,,0
190013019,'1179411',1419,,2785,14,,,0
190013019,'1179457',1849,,2786,14,,,0
190013019,'1179504',649,,2787,14,,,0
190013019,'1179507',919,,2788,14,,,0
190013019,'1179509',1149,,2789,14,,,0
190013019,'1179516',1549,,2790,14,,,0
190013019,'1179531',2049,,2791,14,,,0
190013019,'1179537',849,,2792,14,,,0
190013019,'1179539',1749,,2793,14,,,0
190013019,'1179546',649,,2794,14,,,0
190013019,'1179553',1849,,2795,14,,,0
190013019,'1179591',1649,,2797,14,,,0
190013019,'1179611',1719,,2798,14,,,0
190013019,'1179635',1449,,2799,14,,,0
190013019,'1179694',819,,2800,14,,,0
190013019,'1179701',2049,,2801,14,,,0
190013019,'1179717',1749,,2802,14,,,0
