130029,'1178925',1509,,2321,21,,,0
130029,'1178989',1409,,2322,21,,,0
130029,'1179023',1609,,2323,21,,,0
130029,'1179120',1709,,2324,21,,,0
130029,'1179168',1309,,2325,21,,,0
130029,'1179423',909,,2326,21,,,0
130029,'1179469',1209,,2327,21,,,0
130029,'1179639',1009,,2328,21,,,0
130029,'1179657',1109,,2329,21,,,0
190013019,'1178916',1700,,2757,53,,,0
190013019,'1178919',2030,,2758,53,,,0
190013019,'1178920',1200,,2759,53,,,0
190013019,'1178929',830,,2760,53,,,0
190013019,'1178930',1730,,2761,53,,,0
190013019,'1178972',2030,,2762,53,,,0
190013019,'1178983',1300,,2763,53,,,0
190013019,'1178994',2230,,2764,53,,,0
190013019,'1178997',1230,,2765,53,,,0
190013019,'1179048',1600,,2766,53,,,0
190013019,'1179062',1630,,2767,53,,,0
190013019,'1179074',1400,,2768,53,,,0
190013019,'1179087',1330,,2769,53,,,0
190013019,'1179104',1100,,2770,53,,,0
190013019,'1179187',930,,2772,53,,,0
190013019,'1179202',1130,,2773,53,,,0
190013019,'1179203',1030,,2774,53,,,0
190013019,'1179212',1530,,2775,53,,,0
190013019,'1179219',1330,,2776,53,,,0
190013019,'1179243',830,,2777,53,,,0
190013019,'1179287',2230,,2778,53,,,0
190013019,'1179292',1130,,2779,53,,,0
190013019,'1179300',800,,2780,53,,,0
190013019,'1179354',630,,2781,21,,,0
190013019,'1179373',1030,,2782,53,,,0
190013019,'1179380',1430,,2783,53,,,0
190013019,'1179402',1430,,2784,53,,,0
190013019,'1179411',1500,,2785,53,,,0
190013019,'1179457',1930,,2786,53,,,0
190013019,'1179504',730,,2787,53,,,0
190013019,'1179507',1000,,2788,53,,,0
190013019,'1179509',1230,,2789,53,,,0
190013019,'1179516',1630,,2790,53,,,0
190013019,'1179531',2130,,2791,53,,,0
190013019,'1179537',930,,2792,53,,,0
190013019,'1179539',1830,,2793,53,,,0
190013019,'1179546',730,,2794,53,,,0
190013019,'1179553',1930,,2795,53,,,0
190013019,'1179581',700,,2796,21,,,0
190013019,'1179591',1730,,2797,53,,,0
190013019,'1179611',1800,,2798,53,,,0
190013019,'1179635',1530,,2799,53,,,0
190013019,'1179694',900,,2800,53,,,0
190013019,'1179701',2130,,2801,53,,,0
190013019,'1179717',1830,,2802,53,,,0
