190015019,'1178937',1128,,2803,21,,,0
190015019,'1178938',2258,,2804,21,0,12,0
190015019,'1178958',958,,2805,21,,,0
190015019,'1178960',1058,,2806,21,,,0
190015019,'1178991',2158,,2807,21,0,12,0
190015019,'1179018',1358,,2808,21,,,0
190015019,'1179054',1258,,2809,21,,,0
190015019,'1179073',1328,,2810,21,,,0
190015019,'1179089',1158,,2812,21,,,0
190015019,'1179095',1658,,2813,21,,,0
190015019,'1179126',1758,,2814,21,,,0
190015019,'1179130',1558,,2815,21,,,0
190015019,'1179152',928,,2816,21,,,0
190015019,'1179165',2158,,2817,21,0,12,0
190015019,'1179169',958,,2818,21,,,0
190015019,'1179170',758,,2819,21,,,0
190015019,'1179189',758,,2820,21,,,0
190015019,'1179226',1758,,2821,21,,,0
190015019,'1179241',1828,,2822,21,0,12,0
190015019,'1179257',2058,,2823,21,,,0
190015019,'1179260',1658,,2824,21,,,0
190015019,'1179269',2258,,2825,21,0,12,0
190015019,'1179280',1458,,2826,21,,,0
190015019,'1179329',1628,,2827,21,,,0
190015019,'1179378',1958,,2828,21,,,0
190015019,'1179382',1728,,2829,21,,,0
190015019,'1179400',1858,,2830,21,,,0
190015019,'1179414',1458,,2831,21,,,0
190015019,'1179456',1528,,2832,21,,,0
190015019,'1179465',1558,,2833,21,,,0
190015019,'1179466',858,,2834,21,,,0
190015019,'1179468',1958,,2835,21,,,0
190015019,'1179480',1258,,2836,21,,,0
190015019,'1179489',1228,,2837,21,,,0
190015019,'1179491',1058,,2838,21,,,0
190015019,'1179501',1028,,2839,21,,,0
190015019,'1179525',658,,2840,21,,,0
190015019,'1179560',2058,,2841,21,,,0
190015019,'1179563',1358,,2842,21,,,0
190015019,'1179576',1858,,2843,21,,,0
190015019,'1179602',828,,2844,21,,,0
190015019,'1179633',728,,2845,21,,,0
190015019,'1179652',858,,2847,21,,,0
190015019,'1179679',1428,,2848,21,,,0
190015019,'1179703',1158,,2849,21,,,0
190015019,'1179716',658,,2850,21,,,0
