160029,'1178957',903,,2375,10,,,0
160029,'1179098',1403,,2376,10,,,0
160029,'1179137',1603,,2377,10,,,0
160029,'1179301',1203,,2378,10,,,0
160029,'1179398',1303,,2379,10,,,0
160029,'1179410',1703,,2380,10,,,0
160029,'1179543',1103,,2381,10,,,0
160029,'1179558',1003,,2382,10,,,0
160029,'1179623',1503,,2383,10,,,0
216019,'1178924',753,,2403,10,,,0
216019,'1178948',623,,2404,10,,,0
216019,'1178963',2123,,2405,10,,,0
216019,'1178968',1223,,2406,10,,,0
216019,'1179019',1753,,2407,10,,,0
216019,'1179021',1553,,2408,10,,,0
216019,'1179029',1423,,2409,10,,,0
216019,'1179050',1523,,2410,10,,,0
216019,'1179070',1423,,2411,10,,,0
216019,'1179075',1823,,2412,10,,,0
216019,'1179116',723,,2413,10,,,0
216019,'1179123',1323,,2414,10,,,0
216019,'1179160',1723,,2415,10,,,0
216019,'1179179',2023,,2416,10,,,0
216019,'1179181',1123,,2417,10,,,0
216019,'1179199',923,,2418,10,,,0
216019,'1179206',1523,,2419,10,,,0
216019,'1179328',1023,,2420,10,,,0
216019,'1179338',1223,,2421,10,,,0
216019,'1179345',823,,2422,10,,,0
216019,'1179368',1653,,2423,10,,,0
216019,'1179369',1023,,2424,10,,,0
216019,'1179374',1623,,2425,10,,,0
216019,'1179421',1823,,2426,10,,,0
216019,'1179431',1123,,2427,10,,,0
216019,'1179458',1923,,2428,10,,,0
216019,'1179488',723,,2429,10,,,0
216019,'1179523',1323,,2430,10,,,0
216019,'1179574',2023,,2431,10,,,0
216019,'1179582',1923,,2432,10,,,0
216019,'1179605',853,,2433,10,,,0
216019,'1179647',1723,,2434,10,,,0
216019,'1179669',823,,2435,10,,,0
216019,'1179695',2123,,2436,10,,,0
216019,'1179712',653,,2437,10,,,0
216019,'1179714',923,,2438,10,,,0
216019,'1179719',1623,,2439,10,,,0
