160029,'1178957',904,,2375,11,,,0
160029,'1179098',1404,,2376,11,,,0
160029,'1179137',1604,,2377,11,,,0
160029,'1179301',1204,,2378,11,,,0
160029,'1179398',1304,,2379,11,,,0
160029,'1179410',1704,,2380,11,,,0
160029,'1179543',1104,,2381,11,,,0
160029,'1179558',1004,,2382,11,,,0
160029,'1179623',1504,,2383,11,,,0
216019,'1178924',754,,2403,11,,,0
216019,'1178948',624,,2404,11,,,0
216019,'1178963',2124,,2405,11,,,0
216019,'1178968',1224,,2406,11,,,0
216019,'1179019',1754,,2407,11,,,0
216019,'1179021',1554,,2408,11,,,0
216019,'1179029',1424,,2409,11,,,0
216019,'1179050',1524,,2410,11,,,0
216019,'1179070',1424,,2411,11,,,0
216019,'1179075',1824,,2412,11,,,0
216019,'1179116',724,,2413,11,,,0
216019,'1179123',1324,,2414,11,,,0
216019,'1179160',1724,,2415,11,,,0
216019,'1179179',2024,,2416,11,,,0
216019,'1179181',1124,,2417,11,,,0
216019,'1179199',924,,2418,11,,,0
216019,'1179206',1524,,2419,11,,,0
216019,'1179328',1024,,2420,11,,,0
216019,'1179338',1224,,2421,11,,,0
216019,'1179345',824,,2422,11,,,0
216019,'1179368',1654,,2423,11,,,0
216019,'1179369',1024,,2424,11,,,0
216019,'1179374',1624,,2425,11,,,0
216019,'1179421',1824,,2426,11,,,0
216019,'1179431',1124,,2427,11,,,0
216019,'1179458',1924,,2428,11,,,0
216019,'1179488',724,,2429,11,,,0
216019,'1179523',1324,,2430,11,,,0
216019,'1179574',2024,,2431,11,,,0
216019,'1179582',1924,,2432,11,,,0
216019,'1179605',854,,2433,11,,,0
216019,'1179647',1724,,2434,11,,,0
216019,'1179669',824,,2435,11,,,0
216019,'1179695',2124,,2436,11,,,0
216019,'1179712',654,,2437,11,,,0
216019,'1179714',924,,2438,11,,,0
216019,'1179719',1624,,2439,11,,,0
