140029,'1178990',1425,,2339,5,,,0
140029,'1179039',1125,,2340,5,,,0
140029,'1179106',1025,,2341,5,,,0
140029,'1179281',1325,,2342,5,,,0
140029,'1179335',1625,,2343,5,,,0
140029,'1179461',1725,,2344,5,,,0
140029,'1179478',1525,,2345,5,,,0
140029,'1179522',1225,,2346,5,,,0
140029,'1179651',925,,2347,5,,,0
190015019,'1178937',1116,,2803,4,,,0
190015019,'1178938',2246,,2804,4,0,12,0
190015019,'1178958',946,,2805,4,,,0
190015019,'1178960',1046,,2806,4,,,0
190015019,'1178991',2146,,2807,4,0,12,0
190015019,'1179018',1346,,2808,4,,,0
190015019,'1179054',1246,,2809,4,,,0
190015019,'1179073',1316,,2810,4,,,0
190015019,'1179089',1146,,2812,4,,,0
190015019,'1179095',1646,,2813,4,,,0
190015019,'1179126',1746,,2814,4,,,0
190015019,'1179130',1546,,2815,4,,,0
190015019,'1179152',916,,2816,4,,,0
190015019,'1179165',2146,,2817,4,0,12,0
190015019,'1179169',946,,2818,4,,,0
190015019,'1179170',746,,2819,4,,,0
190015019,'1179189',746,,2820,4,,,0
190015019,'1179226',1746,,2821,4,,,0
190015019,'1179241',1816,,2822,4,0,12,0
190015019,'1179257',2046,,2823,4,,,0
190015019,'1179260',1646,,2824,4,,,0
190015019,'1179269',2246,,2825,4,0,12,0
190015019,'1179280',1446,,2826,4,,,0
190015019,'1179329',1616,,2827,4,,,0
190015019,'1179378',1946,,2828,4,,,0
190015019,'1179382',1716,,2829,4,,,0
190015019,'1179400',1846,,2830,4,,,0
190015019,'1179414',1446,,2831,4,,,0
190015019,'1179456',1516,,2832,4,,,0
190015019,'1179465',1546,,2833,4,,,0
190015019,'1179466',846,,2834,4,,,0
190015019,'1179468',1946,,2835,4,,,0
190015019,'1179480',1246,,2836,4,,,0
190015019,'1179489',1216,,2837,4,,,0
190015019,'1179491',1046,,2838,4,,,0
190015019,'1179501',1016,,2839,4,,,0
190015019,'1179525',646,,2840,4,,,0
190015019,'1179560',2046,,2841,4,,,0
190015019,'1179563',1346,,2842,4,,,0
190015019,'1179576',1846,,2843,4,,,0
190015019,'1179602',816,,2844,4,,,0
190015019,'1179633',716,,2845,4,,,0
190015019,'1179652',846,,2847,4,,,0
190015019,'1179679',1416,,2848,4,,,0
190015019,'1179703',1146,,2849,4,,,0
190015019,'1179716',646,,2850,4,,,0
