160029,'1178957',905,,2375,14,,,0
160029,'1179098',1405,,2376,14,,,0
160029,'1179137',1605,,2377,14,,,0
160029,'1179301',1205,,2378,14,,,0
160029,'1179398',1305,,2379,14,,,0
160029,'1179410',1705,,2380,14,,,0
160029,'1179543',1105,,2381,14,,,0
160029,'1179558',1005,,2382,14,,,0
160029,'1179623',1505,,2383,14,,,0
216019,'1178924',755,,2403,14,,,0
216019,'1178948',625,,2404,14,,,0
216019,'1178963',2125,,2405,14,,,0
216019,'1178968',1225,,2406,14,,,0
216019,'1179019',1755,,2407,14,,,0
216019,'1179021',1555,,2408,14,,,0
216019,'1179029',1425,,2409,14,,,0
216019,'1179050',1525,,2410,14,,,0
216019,'1179070',1425,,2411,14,,,0
216019,'1179075',1825,,2412,14,,,0
216019,'1179116',725,,2413,14,,,0
216019,'1179123',1325,,2414,14,,,0
216019,'1179160',1725,,2415,14,,,0
216019,'1179179',2025,,2416,14,,,0
216019,'1179181',1125,,2417,14,,,0
216019,'1179199',925,,2418,14,,,0
216019,'1179206',1525,,2419,14,,,0
216019,'1179328',1025,,2420,14,,,0
216019,'1179338',1225,,2421,14,,,0
216019,'1179345',825,,2422,14,,,0
216019,'1179368',1655,,2423,14,,,0
216019,'1179369',1025,,2424,14,,,0
216019,'1179374',1625,,2425,14,,,0
216019,'1179421',1825,,2426,14,,,0
216019,'1179431',1125,,2427,14,,,0
216019,'1179458',1925,,2428,14,,,0
216019,'1179488',725,,2429,14,,,0
216019,'1179523',1325,,2430,14,,,0
216019,'1179574',2025,,2431,14,,,0
216019,'1179582',1925,,2432,14,,,0
216019,'1179605',855,,2433,14,,,0
216019,'1179647',1725,,2434,14,,,0
216019,'1179669',825,,2435,14,,,0
216019,'1179695',2125,,2436,14,,,0
216019,'1179712',655,,2437,14,,,0
216019,'1179714',925,,2438,14,,,0
216019,'1179719',1625,,2439,14,,,0
