150029,'1178980',1123,,2357,27,,,0
150029,'1179059',923,,2358,27,,,0
150029,'1179210',1323,,2359,27,,,0
150029,'1179274',1723,,2360,27,,,0
150029,'1179311',1023,,2361,27,,,0
150029,'1179362',1623,,2362,27,,,0
150029,'1179450',1423,,2363,27,,,0
150029,'1179616',1223,,2364,27,,,0
150029,'1179674',1523,,2365,27,,,0
140014019,'1178954',1547,,2614,3,,,0
140014019,'1178955',1117,,2615,3,,,0
140014019,'1178974',947,,2616,3,,,0
140014019,'1179007',1747,,2617,3,,,0
140014019,'1179027',1447,,2618,3,,,0
140014019,'1179052',747,,2619,3,,,0
140014019,'1179079',717,,2620,3,,,0
140014019,'1179080',1447,,2621,3,,,0
140014019,'1179082',817,,2622,3,,,0
140014019,'1179084',647,,2623,3,,,0
140014019,'1179111',2147,,2624,3,,,0
140014019,'1179143',747,,2625,3,,,0
140014019,'1179200',1217,,2626,3,,,0
140014019,'1179207',1717,,2627,3,,,0
140014019,'1179221',1347,,2628,3,,,0
140014019,'1179271',1147,,2629,3,,,0
140014019,'1179298',1647,,2630,3,,,0
140014019,'1179320',1417,,2631,3,,,0
140014019,'1179323',947,,2632,3,,,0
140014019,'1179350',847,,2634,3,,,0
140014019,'1179353',1747,,2635,3,,,0
140014019,'1179366',1947,,2636,3,,,0
140014019,'1179392',1547,,2637,3,,,0
140014019,'1179403',1847,,2638,3,,,0
140014019,'1179433',1347,,2640,3,,,0
140014019,'1179443',917,,2641,3,,,0
140014019,'1179446',1147,,2642,3,,,0
140014019,'1179449',1017,,2643,3,,,0
140014019,'1179493',1047,,2644,3,,,0
140014019,'1179524',1647,,2646,3,,,0
140014019,'1179535',1317,,2647,3,,,0
140014019,'1179547',1247,,2648,3,,,0
140014019,'1179557',1817,,2650,3,0,8 21,0
140014019,'1179561',1517,,2651,3,,,0
140014019,'1179577',1247,,2652,3,,,0
140014019,'1179598',2047,,2653,3,,,0
140014019,'1179600',2147,,2654,3,,,0
140014019,'1179608',1847,,2655,3,,,0
140014019,'1179636',1617,,2656,3,,,0
140014019,'1179638',847,,2657,3,,,0
140014019,'1179648',1947,,2658,3,,,0
140014019,'1179654',2047,,2659,3,,,0
140014019,'1179662',1047,,2660,3,,,0
