200019,'1179038',1440,,2384,9,,,0
200019,'1179081',1640,,2385,9,,,0
200019,'1179174',940,,2386,9,,,0
200019,'1179259',1140,,2387,9,,,0
200019,'1179289',1540,,2388,9,,,0
200019,'1179460',1740,,2389,9,,,0
200019,'1179585',1040,,2390,9,,,0
200019,'1179594',1340,,2391,9,,,0
200019,'1179655',1240,,2392,9,,,0
140016019,'1178912',1654,,2661,11,,,0
140016019,'1178941',754,,2662,11,,,0
140016019,'1179017',1224,,2664,11,0,8 21,0
140016019,'1179051',2154,,2665,11,,,0
140016019,'1179077',1724,,2667,11,,,0
140016019,'1179112',1854,,2668,11,,,0
140016019,'1179129',1154,,2669,11,,,0
140016019,'1179136',1454,,2670,11,,,0
140016019,'1179158',1254,,2671,11,,,0
140016019,'1179191',854,,2672,11,,,0
140016019,'1179213',954,,2673,11,,,0
140016019,'1179234',1354,,2675,11,,,0
140016019,'1179254',1124,,2676,11,0,8 21,0
140016019,'1179256',824,,2677,11,,,0
140016019,'1179267',754,,2678,11,,,0
140016019,'1179284',1854,,2679,11,,,0
140016019,'1179299',2154,,2681,11,,,0
140016019,'1179304',1254,,2682,11,,,0
140016019,'1179312',1554,,2683,11,,,0
140016019,'1179318',1754,,2684,11,,,0
140016019,'1179330',1954,,2685,11,,,0
140016019,'1179333',1354,,2686,11,,,0
140016019,'1179351',924,,2687,11,0,8 21,0
140016019,'1179357',1054,,2688,11,,,0
140016019,'1179371',1454,,2689,11,,,0
140016019,'1179389',1624,,2690,11,,,0
140016019,'1179416',1554,,2691,11,,,0
140016019,'1179464',2054,,2693,11,,,0
140016019,'1179475',854,,2694,11,,,0
140016019,'1179481',1654,,2695,11,,,0
140016019,'1179503',1424,,2696,11,0,8 21,0
140016019,'1179517',1524,,2697,11,,,0
140016019,'1179520',1954,,2698,11,,,0
140016019,'1179536',724,,2699,11,,,0
140016019,'1179538',654,,2700,11,,,0
140016019,'1179562',1324,,2701,11,0,8 21,0
140016019,'1179569',1824,,2702,11,0,8 21,0
140016019,'1179601',2054,,2703,11,,,0
140016019,'1179604',1054,,2704,11,,,0
140016019,'1179627',1154,,2705,11,,,0
140016019,'1179663',954,,2706,11,,,0
140016019,'1179681',1024,,2707,11,0,8 21,0
140016019,'1179687',1754,,2708,11,,,0
