130019,'1179053',1726,,2312,7,,,0
130019,'1179067',1326,,2313,7,,,0
130019,'1179069',1026,,2314,7,,,0
130019,'1179093',1126,,2315,7,,,0
130019,'1179108',1226,,2316,7,,,0
130019,'1179294',1526,,2317,7,,,0
130019,'1179386',1626,,2318,7,,,0
130019,'1179541',926,,2319,7,,,0
130019,'1179675',1426,,2320,7,,,0
140012019,'1178913',1150,,2568,7,,,0
140012019,'1178923',1150,,2569,7,,,0
140012019,'1178934',950,,2570,7,,,0
140012019,'1178935',750,,2571,7,,,0
140012019,'1178953',850,,2572,7,,,0
140012019,'1178981',650,,2573,7,,,0
140012019,'1178986',1420,,2574,7,,,0
140012019,'1179006',1320,,2575,7,,,0
140012019,'1179011',720,,2576,7,,,0
140012019,'1179015',1850,,2577,7,,,0
140012019,'1179046',850,,2578,7,,,0
140012019,'1179102',1550,,2579,7,,,0
140012019,'1179154',1350,,2580,7,,,0
140012019,'1179183',1950,,2581,7,,,0
140012019,'1179185',920,,2582,7,,,0
140012019,'1179216',2250,,2583,7,0,8 21,0
140012019,'1179230',950,,2584,7,,,0
140012019,'1179233',1550,,2585,7,,,0
140012019,'1179236',750,,2586,7,,,0
140012019,'1179238',1450,,2587,7,,,0
140012019,'1179244',2050,,2588,7,,,0
140012019,'1179245',1850,,2589,7,,,0
140012019,'1179255',1820,,2591,7,0,8 21,0
140012019,'1179261',1050,,2592,7,,,0
140012019,'1179316',1950,,2593,7,,,0
140012019,'1179325',820,,2594,7,,,0
140012019,'1179348',1250,,2595,7,,,0
140012019,'1179359',1720,,2596,7,,,0
140012019,'1179372',2150,,2597,7,,,0
140012019,'1179387',1250,,2598,7,,,0
140012019,'1179399',1120,,2599,7,,,0
140012019,'1179425',2050,,2600,7,,,0
140012019,'1179444',1620,,2601,7,,,0
140012019,'1179495',1350,,2602,7,,,0
140012019,'1179499',1520,,2603,7,,,0
140012019,'1179510',1650,,2604,7,,,0
140012019,'1179511',2150,,2605,7,,,0
140012019,'1179526',1750,,2606,7,,,0
140012019,'1179556',1050,,2607,7,,,0
140012019,'1179567',1220,,2608,7,,,0
140012019,'1179578',2250,,2609,7,0,8 21,0
140012019,'1179644',1750,,2610,7,,,0
140012019,'1179693',1020,,2611,7,,,0
140012019,'1179704',1450,,2612,7,,,0
140012019,'1179715',1650,,2613,7,,,0
