120029,'1179032',1523,,2303,11,,,0
120029,'1179055',1323,,2304,11,,,0
120029,'1179056',1623,,2305,11,,,0
120029,'1179099',1723,,2306,11,,,0
120029,'1179153',923,,2307,11,,,0
120029,'1179222',1423,,2308,11,,,0
120029,'1179429',1123,,2309,11,,,0
120029,'1179447',1023,,2310,11,,,0
120029,'1179575',1223,,2311,11,,,0
190017019,'1178928',1647,,2851,11,,,0
190017019,'1178932',917,,2852,11,,,0
190017019,'1179000',2147,,2854,11,0,8 21,0
190017019,'1179014',1817,,2855,11,0,8 21,0
190017019,'1179016',617,,2856,11,,,0
190017019,'1179057',2247,,2857,11,0,8 21,0
190017019,'1179092',647,,2859,11,,,0
190017019,'1179124',1547,,2860,11,,,0
190017019,'1179128',1047,,2861,11,,,0
190017019,'1179133',2147,,2862,11,0,8 21,0
190017019,'1179151',1847,,2863,11,,,0
190017019,'1179161',1717,,2864,11,,,0
190017019,'1179166',947,,2865,11,,,0
190017019,'1179196',647,,2866,11,,,0
190017019,'1179242',1147,,2867,11,,,0
190017019,'1179273',2047,,2868,11,,,0
190017019,'1179277',817,,2869,11,,,0
190017019,'1179293',1247,,2870,11,,,0
190017019,'1179306',1847,,2871,11,,,0
190017019,'1179327',1447,,2873,11,,,0
190017019,'1179385',747,,2876,11,,,0
190017019,'1179401',1947,,2877,11,,,0
190017019,'1179427',1247,,2878,11,,,0
190017019,'1179455',1347,,2879,11,,,0
190017019,'1179519',1747,,2881,11,,,0
190017019,'1179529',2247,,2882,11,0,8 21,0
190017019,'1179533',717,,2883,11,,,0
190017019,'1179573',1147,,2885,11,,,0
190017019,'1179579',1047,,2886,11,,,0
190017019,'1179599',2047,,2887,11,,,0
190017019,'1179610',1947,,2888,11,,,0
190017019,'1179621',847,,2889,11,,,0
190017019,'1179625',1347,,2890,11,,,0
190017019,'1179626',1617,,2891,11,,,0
190017019,'1179631',1747,,2892,11,,,0
190017019,'1179667',747,,2893,11,,,0
190017019,'1179680',1547,,2894,11,,,0
190017019,'1179683',847,,2895,11,,,0
190017019,'1179686',1447,,2896,11,,,0
190017019,'1179699',947,,2897,11,,,0
190017019,'1179710',1647,,2898,11,,,0
