130029,'1178925',1458,,2321,7,,,0
130029,'1178989',1358,,2322,7,,,0
130029,'1179023',1558,,2323,7,,,0
130029,'1179120',1658,,2324,7,,,0
130029,'1179168',1258,,2325,7,,,0
130029,'1179423',858,,2326,7,,,0
130029,'1179469',1158,,2327,7,,,0
130029,'1179639',958,,2328,7,,,0
130029,'1179657',1058,,2329,7,,,0
300019,'1178915',951,,2440,4,0,23 24 2 25,0
300019,'1178996',1821,,2447,4,0,23 24 2 25,0
300019,'1178999',721,,2448,4,0,23 24 2 25,0
300019,'1179042',751,,2453,4,0,23 24 2 25,0
300019,'1179065',1121,,2456,4,0,23 24 2 25,0
300019,'1179094',721,,2458,3,0,23 24 2 25,0
300019,'1179132',1221,,2464,4,0,23 24 2 25,0
300019,'1179142',1521,,2465,4,0,23 24 2 25,0
300019,'1179211',1721,,2467,4,0,23 24 2 25,0
300019,'1179220',1021,,2468,4,0,23 24 2 25,0
300019,'1179258',1821,,2470,4,0,23 24 2 25,0
300019,'1179264',1321,,2471,4,0,23 24 2 25,0
300019,'1179288',1721,,2473,4,0,23 24 2 25,0
300019,'1179349',1521,,2478,4,0,23 24 2 25,0
300019,'1179356',1621,,2480,4,0,23 24 2 25,0
300019,'1179360',2121,,2481,4,0,23 24 2 25,0
300019,'1179405',1221,,2486,4,0,23 24 2 25,0
300019,'1179406',1021,,2487,4,0,23 24 2 25,0
300019,'1179409',1551,,2488,4,0,23 24 2 25,0
300019,'1179420',1321,,2489,4,0,23 24 2 25,0
300019,'1179454',1421,,2492,4,0,23 24 2 25,0
300019,'1179463',921,,2493,4,0,23 24 2 25,0
300019,'1179467',821,,2494,4,0,23 24 2 25,0
300019,'1179470',1121,,2495,4,0,23 24 2 25,0
300019,'1179502',2021,,2498,4,0,23 24 2 25,0
300019,'1179527',1921,,2500,4,0,23 24 2 25,0
300019,'1179532',821,,2501,4,0,23 24 2 25,0
300019,'1179554',2121,,2504,4,0,23 24 2 25,0
300019,'1179570',1621,,2507,4,0,23 24 2 25,0
300019,'1179580',1921,,2508,4,0,23 24 2 25,0
300019,'1179597',851,,2511,4,0,23 24 2 25,0
300019,'1179607',651,,2512,3,0,23 24 2 25,0
300019,'1179614',1421,,2513,4,0,23 24 2 25,0
300019,'1179617',1751,,2514,4,0,23 24 2 25,0
300019,'1179624',1651,,2516,4,0,23 24 2 25,0
300019,'1179643',2021,,2518,4,0,23 24 2 25,0
300019,'1179713',921,,2521,4,0,23 24 2 25,0
190013019,'1178916',1649,,2757,39,,,0
190013019,'1178919',2019,,2758,39,,,0
190013019,'1178920',1149,,2759,39,,,0
190013019,'1178929',819,,2760,39,,,0
190013019,'1178930',1719,,2761,39,,,0
190013019,'1178972',2019,,2762,39,,,0
190013019,'1178983',1249,,2763,39,,,0
190013019,'1178994',2219,,2764,39,,,0
190013019,'1178997',1219,,2765,39,,,0
190013019,'1179048',1549,,2766,39,,,0
190013019,'1179062',1619,,2767,39,,,0
190013019,'1179074',1349,,2768,39,,,0
190013019,'1179087',1319,,2769,39,,,0
190013019,'1179104',1049,,2770,39,,,0
190013019,'1179187',919,,2772,39,,,0
190013019,'1179202',1119,,2773,39,,,0
190013019,'1179203',1019,,2774,39,,,0
190013019,'1179212',1519,,2775,39,,,0
190013019,'1179219',1319,,2776,39,,,0
190013019,'1179243',819,,2777,39,,,0
190013019,'1179287',2219,,2778,39,,,0
190013019,'1179292',1119,,2779,39,,,0
190013019,'1179300',749,,2780,39,,,0
190013019,'1179354',619,,2781,7,,,0
190013019,'1179373',1019,,2782,39,,,0
190013019,'1179380',1419,,2783,39,,,0
190013019,'1179402',1419,,2784,39,,,0
190013019,'1179411',1449,,2785,39,,,0
190013019,'1179457',1919,,2786,39,,,0
190013019,'1179504',719,,2787,39,,,0
190013019,'1179507',949,,2788,39,,,0
190013019,'1179509',1219,,2789,39,,,0
190013019,'1179516',1619,,2790,39,,,0
190013019,'1179531',2119,,2791,39,,,0
190013019,'1179537',919,,2792,39,,,0
190013019,'1179539',1819,,2793,39,,,0
190013019,'1179546',719,,2794,39,,,0
190013019,'1179553',1919,,2795,39,,,0
190013019,'1179581',649,,2796,7,,,0
190013019,'1179591',1719,,2797,39,,,0
190013019,'1179611',1749,,2798,39,,,0
190013019,'1179635',1519,,2799,39,,,0
190013019,'1179694',849,,2800,39,,,0
190013019,'1179701',2119,,2801,39,,,0
190013019,'1179717',1819,,2802,39,,,0
