130029,'1178925',1458,,2321,6,,,0
130029,'1178989',1358,,2322,6,,,0
130029,'1179023',1558,,2323,6,,,0
130029,'1179120',1658,,2324,6,,,0
130029,'1179168',1258,,2325,6,,,0
130029,'1179423',858,,2326,6,,,0
130029,'1179469',1158,,2327,6,,,0
130029,'1179639',958,,2328,6,,,0
130029,'1179657',1058,,2329,6,,,0
300019,'1178915',950,,2440,3,0,23 24 2 25,0
300019,'1178996',1820,,2447,3,0,23 24 2 25,0
300019,'1178999',720,,2448,3,0,23 24 2 25,0
300019,'1179042',750,,2453,3,0,23 24 2 25,0
300019,'1179065',1120,,2456,3,0,23 24 2 25,0
300019,'1179094',720,,2458,2,0,23 24 2 25,0
300019,'1179132',1220,,2464,3,0,23 24 2 25,0
300019,'1179142',1520,,2465,3,0,23 24 2 25,0
300019,'1179211',1720,,2467,3,0,23 24 2 25,0
300019,'1179220',1020,,2468,3,0,23 24 2 25,0
300019,'1179258',1820,,2470,3,0,23 24 2 25,0
300019,'1179264',1320,,2471,3,0,23 24 2 25,0
300019,'1179288',1720,,2473,3,0,23 24 2 25,0
300019,'1179349',1520,,2478,3,0,23 24 2 25,0
300019,'1179356',1620,,2480,3,0,23 24 2 25,0
300019,'1179360',2120,,2481,3,0,23 24 2 25,0
300019,'1179405',1220,,2486,3,0,23 24 2 25,0
300019,'1179406',1020,,2487,3,0,23 24 2 25,0
300019,'1179409',1550,,2488,3,0,23 24 2 25,0
300019,'1179420',1320,,2489,3,0,23 24 2 25,0
300019,'1179454',1420,,2492,3,0,23 24 2 25,0
300019,'1179463',920,,2493,3,0,23 24 2 25,0
300019,'1179467',820,,2494,3,0,23 24 2 25,0
300019,'1179470',1120,,2495,3,0,23 24 2 25,0
300019,'1179502',2020,,2498,3,0,23 24 2 25,0
300019,'1179527',1920,,2500,3,0,23 24 2 25,0
300019,'1179532',820,,2501,3,0,23 24 2 25,0
300019,'1179554',2120,,2504,3,0,23 24 2 25,0
300019,'1179570',1620,,2507,3,0,23 24 2 25,0
300019,'1179580',1920,,2508,3,0,23 24 2 25,0
300019,'1179597',850,,2511,3,0,23 24 2 25,0
300019,'1179607',650,,2512,2,0,23 24 2 25,0
300019,'1179614',1420,,2513,3,0,23 24 2 25,0
300019,'1179617',1750,,2514,3,0,23 24 2 25,0
300019,'1179624',1650,,2516,3,0,23 24 2 25,0
300019,'1179643',2020,,2518,3,0,23 24 2 25,0
300019,'1179713',920,,2521,3,0,23 24 2 25,0
190013019,'1178916',1648,,2757,38,,,0
190013019,'1178919',2018,,2758,38,,,0
190013019,'1178920',1148,,2759,38,,,0
190013019,'1178929',818,,2760,38,,,0
190013019,'1178930',1718,,2761,38,,,0
190013019,'1178972',2018,,2762,38,,,0
190013019,'1178983',1248,,2763,38,,,0
190013019,'1178994',2218,,2764,38,,,0
190013019,'1178997',1218,,2765,38,,,0
190013019,'1179048',1548,,2766,38,,,0
190013019,'1179062',1618,,2767,38,,,0
190013019,'1179074',1348,,2768,38,,,0
190013019,'1179087',1318,,2769,38,,,0
190013019,'1179104',1048,,2770,38,,,0
190013019,'1179187',918,,2772,38,,,0
190013019,'1179202',1118,,2773,38,,,0
190013019,'1179203',1018,,2774,38,,,0
190013019,'1179212',1518,,2775,38,,,0
190013019,'1179219',1318,,2776,38,,,0
190013019,'1179243',818,,2777,38,,,0
190013019,'1179287',2218,,2778,38,,,0
190013019,'1179292',1118,,2779,38,,,0
190013019,'1179300',748,,2780,38,,,0
190013019,'1179354',618,,2781,6,,,0
190013019,'1179373',1018,,2782,38,,,0
190013019,'1179380',1418,,2783,38,,,0
190013019,'1179402',1418,,2784,38,,,0
190013019,'1179411',1448,,2785,38,,,0
190013019,'1179457',1918,,2786,38,,,0
190013019,'1179504',718,,2787,38,,,0
190013019,'1179507',948,,2788,38,,,0
190013019,'1179509',1218,,2789,38,,,0
190013019,'1179516',1618,,2790,38,,,0
190013019,'1179531',2118,,2791,38,,,0
190013019,'1179537',918,,2792,38,,,0
190013019,'1179539',1818,,2793,38,,,0
190013019,'1179546',718,,2794,38,,,0
190013019,'1179553',1918,,2795,38,,,0
190013019,'1179581',648,,2796,6,,,0
190013019,'1179591',1718,,2797,38,,,0
190013019,'1179611',1748,,2798,38,,,0
190013019,'1179635',1518,,2799,38,,,0
190013019,'1179694',848,,2800,38,,,0
190013019,'1179701',2118,,2801,38,,,0
190013019,'1179717',1818,,2802,38,,,0
