200019,'1179038',1439,,2384,8,,,0
200019,'1179081',1639,,2385,8,,,0
200019,'1179174',939,,2386,8,,,0
200019,'1179259',1139,,2387,8,,,0
200019,'1179289',1539,,2388,8,,,0
200019,'1179460',1739,,2389,8,,,0
200019,'1179585',1039,,2390,8,,,0
200019,'1179594',1339,,2391,8,,,0
200019,'1179655',1239,,2392,8,,,0
140016019,'1178912',1653,,2661,10,,,0
140016019,'1178941',753,,2662,10,,,0
140016019,'1179017',1223,,2664,10,0,8 21,0
140016019,'1179051',2153,,2665,10,,,0
140016019,'1179077',1723,,2667,10,,,0
140016019,'1179112',1853,,2668,10,,,0
140016019,'1179129',1153,,2669,10,,,0
140016019,'1179136',1453,,2670,10,,,0
140016019,'1179158',1253,,2671,10,,,0
140016019,'1179191',853,,2672,10,,,0
140016019,'1179213',953,,2673,10,,,0
140016019,'1179234',1353,,2675,10,,,0
140016019,'1179254',1123,,2676,10,0,8 21,0
140016019,'1179256',823,,2677,10,,,0
140016019,'1179267',753,,2678,10,,,0
140016019,'1179284',1853,,2679,10,,,0
140016019,'1179299',2153,,2681,10,,,0
140016019,'1179304',1253,,2682,10,,,0
140016019,'1179312',1553,,2683,10,,,0
140016019,'1179318',1753,,2684,10,,,0
140016019,'1179330',1953,,2685,10,,,0
140016019,'1179333',1353,,2686,10,,,0
140016019,'1179351',923,,2687,10,0,8 21,0
140016019,'1179357',1053,,2688,10,,,0
140016019,'1179371',1453,,2689,10,,,0
140016019,'1179389',1623,,2690,10,,,0
140016019,'1179416',1553,,2691,10,,,0
140016019,'1179464',2053,,2693,10,,,0
140016019,'1179475',853,,2694,10,,,0
140016019,'1179481',1653,,2695,10,,,0
140016019,'1179503',1423,,2696,10,0,8 21,0
140016019,'1179517',1523,,2697,10,,,0
140016019,'1179520',1953,,2698,10,,,0
140016019,'1179536',723,,2699,10,,,0
140016019,'1179538',653,,2700,10,,,0
140016019,'1179562',1323,,2701,10,0,8 21,0
140016019,'1179569',1823,,2702,10,0,8 21,0
140016019,'1179601',2053,,2703,10,,,0
140016019,'1179604',1053,,2704,10,,,0
140016019,'1179627',1153,,2705,10,,,0
140016019,'1179663',953,,2706,10,,,0
140016019,'1179681',1023,,2707,10,0,8 21,0
140016019,'1179687',1753,,2708,10,,,0
