110029,'1178926',1300,,2248,8,,,0
110029,'1179044',900,,2249,8,,,0
110029,'1179118',1100,,2250,8,,,0
110029,'1179173',1200,,2251,8,,,0
110029,'1179459',1700,,2252,8,,,0
110029,'1179534',1400,,2253,8,,,0
110029,'1179542',1600,,2254,8,,,0
110029,'1179690',1000,,2255,8,,,0
110029,'1179707',1500,,2256,8,,,0
190011019,'1178945',1550,,2709,8,,,0
190011019,'1178950',750,,2710,32,,,0
190011019,'1178970',1920,,2711,32,,,0
190011019,'1179040',2120,,2713,32,,,0
190011019,'1179064',1050,,2714,8,,,0
190011019,'1179145',920,,2715,32,,,0
190011019,'1179146',1150,,2716,8,,,0
190011019,'1179159',1820,,2717,32,,,0
190011019,'1179163',820,,2719,32,,,0
190011019,'1179248',720,,2720,32,,,0
190011019,'1179252',1820,,2721,32,,,0
190011019,'1179276',2020,,2722,32,,,0
190011019,'1179307',720,,2723,32,,,0
190011019,'1179317',1250,,2724,8,,,0
190011019,'1179332',1120,,2725,33,,,0
190011019,'1179340',920,,2726,32,,,0
190011019,'1179367',1750,,2727,32,,,0
190011019,'1179375',1450,,2728,8,,,0
190011019,'1179393',1650,,2729,8,,,0
190011019,'1179394',2220,,2730,32,,,0
190011019,'1179413',1320,,2732,33,,,0
190011019,'1179424',2220,,2733,32,,,0
190011019,'1179426',1420,,2734,33,,,0
190011019,'1179430',1620,,2735,33,,,0
190011019,'1179437',1120,,2736,33,,,0
190011019,'1179438',1620,,2737,33,,,0
190011019,'1179442',1920,,2738,32,,,0
190011019,'1179477',820,,2739,32,,,0
190011019,'1179521',1420,,2740,33,,,0
190011019,'1179528',1220,,2741,33,,,0
190011019,'1179530',650,,2742,8,,,0
190011019,'1179555',2020,,2743,32,,,0
190011019,'1179572',1220,,2744,33,,,0
190011019,'1179590',1520,,2745,33,,,0
190011019,'1179619',1720,,2746,32,,,0
190011019,'1179642',1020,,2747,32,,,0
190011019,'1179650',1320,,2748,33,,,0
190011019,'1179665',620,,2749,11,,,0
190011019,'1179666',850,,2750,32,,,0
190011019,'1179672',1350,,2751,8,,,0
190011019,'1179677',2120,,2752,32,,,0
190011019,'1179678',950,,2753,32,,,0
190011019,'1179688',1720,,2754,32,,,0
190011019,'1179700',1520,,2755,33,,,0
190011019,'1179709',1020,,2756,32,,,0
