130029,'1178925',1457,,2321,5,,,0
130029,'1178989',1357,,2322,5,,,0
130029,'1179023',1557,,2323,5,,,0
130029,'1179120',1657,,2324,5,,,0
130029,'1179168',1257,,2325,5,,,0
130029,'1179423',857,,2326,5,,,0
130029,'1179469',1157,,2327,5,,,0
130029,'1179639',957,,2328,5,,,0
130029,'1179657',1057,,2329,5,,,0
190013019,'1178916',1648,,2757,37,,,0
190013019,'1178919',2018,,2758,37,,,0
190013019,'1178920',1148,,2759,37,,,0
190013019,'1178929',818,,2760,37,,,0
190013019,'1178930',1718,,2761,37,,,0
190013019,'1178972',2018,,2762,37,,,0
190013019,'1178983',1248,,2763,37,,,0
190013019,'1178994',2218,,2764,37,,,0
190013019,'1178997',1218,,2765,37,,,0
190013019,'1179048',1548,,2766,37,,,0
190013019,'1179062',1618,,2767,37,,,0
190013019,'1179074',1348,,2768,37,,,0
190013019,'1179087',1318,,2769,37,,,0
190013019,'1179104',1048,,2770,37,,,0
190013019,'1179187',918,,2772,37,,,0
190013019,'1179202',1118,,2773,37,,,0
190013019,'1179203',1018,,2774,37,,,0
190013019,'1179212',1518,,2775,37,,,0
190013019,'1179219',1318,,2776,37,,,0
190013019,'1179243',818,,2777,37,,,0
190013019,'1179287',2218,,2778,37,,,0
190013019,'1179292',1118,,2779,37,,,0
190013019,'1179300',748,,2780,37,,,0
190013019,'1179354',618,,2781,5,,,0
190013019,'1179373',1018,,2782,37,,,0
190013019,'1179380',1418,,2783,37,,,0
190013019,'1179402',1418,,2784,37,,,0
190013019,'1179411',1448,,2785,37,,,0
190013019,'1179457',1918,,2786,37,,,0
190013019,'1179504',718,,2787,37,,,0
190013019,'1179507',948,,2788,37,,,0
190013019,'1179509',1218,,2789,37,,,0
190013019,'1179516',1618,,2790,37,,,0
190013019,'1179531',2118,,2791,37,,,0
190013019,'1179537',918,,2792,37,,,0
190013019,'1179539',1818,,2793,37,,,0
190013019,'1179546',718,,2794,37,,,0
190013019,'1179553',1918,,2795,37,,,0
190013019,'1179581',648,,2796,5,,,0
190013019,'1179591',1718,,2797,37,,,0
190013019,'1179611',1748,,2798,37,,,0
190013019,'1179635',1518,,2799,37,,,0
190013019,'1179694',848,,2800,37,,,0
190013019,'1179701',2118,,2801,37,,,0
190013019,'1179717',1818,,2802,37,,,0
