140029,'1178990',1449,,2339,24,,,0
140029,'1179039',1149,,2340,24,,,0
140029,'1179106',1049,,2341,24,,,0
140029,'1179281',1349,,2342,24,,,0
140029,'1179335',1649,,2343,24,,,0
140029,'1179461',1802,,2344,24,,,0
140029,'1179478',1549,,2345,24,,,0
140029,'1179522',1249,,2346,24,,,0
140029,'1179651',949,,2347,24,,,0
140012019,'1178913',1222,,2568,34,,,0
140012019,'1178923',1222,,2569,34,,,0
140012019,'1178934',1022,,2570,34,,,0
140012019,'1178935',822,,2571,34,,,0
140012019,'1178953',922,,2572,34,,,0
140012019,'1178981',722,,2573,34,,,0
140012019,'1178986',1452,,2574,34,,,0
140012019,'1179006',1352,,2575,34,,,0
140012019,'1179011',752,,2576,34,,,0
140012019,'1179015',1922,,2577,34,,,0
140012019,'1179046',922,,2578,34,,,0
140012019,'1179102',1622,,2579,34,,,0
140012019,'1179154',1422,,2580,34,,,0
140012019,'1179183',2022,,2581,34,,,0
140012019,'1179185',952,,2582,34,,,0
140012019,'1179230',1022,,2584,34,,,0
140012019,'1179233',1622,,2585,34,,,0
140012019,'1179236',822,,2586,34,,,0
140012019,'1179238',1522,,2587,34,,,0
140012019,'1179244',2122,,2588,34,,,0
140012019,'1179245',1922,,2589,34,,,0
140012019,'1179250',722,,2590,12,,,0
140012019,'1179261',1122,,2592,34,,,0
140012019,'1179316',2022,,2593,34,,,0
140012019,'1179325',852,,2594,34,,,0
140012019,'1179348',1322,,2595,34,,,0
140012019,'1179359',1752,,2596,34,,,0
140012019,'1179372',2222,,2597,34,,,0
140012019,'1179387',1322,,2598,34,,,0
140012019,'1179399',1152,,2599,34,,,0
140012019,'1179425',2122,,2600,34,,,0
140012019,'1179444',1652,,2601,34,,,0
140012019,'1179495',1422,,2602,34,,,0
140012019,'1179499',1552,,2603,34,,,0
140012019,'1179510',1722,,2604,34,,,0
140012019,'1179511',2222,,2605,34,,,0
140012019,'1179526',1822,,2606,34,,,0
140012019,'1179556',1122,,2607,34,,,0
140012019,'1179567',1252,,2608,34,,,0
140012019,'1179644',1822,,2610,34,,,0
140012019,'1179693',1052,,2611,34,,,0
140012019,'1179704',1522,,2612,34,,,0
140012019,'1179715',1722,,2613,34,,,0
