300019,'1178918',1204,,2441,16,0,23 24 2 26,0
300019,'1178931',804,,2442,16,0,23 24 2 26,0
300019,'1178939',1404,,2443,16,0,23 24 2 26,0
300019,'1178975',1504,,2445,16,0,23 24 2 26,0
300019,'1178982',1704,,2446,16,0,23 24 2 26,0
300019,'1179001',734,,2449,16,0,23 24 2 26,0
300019,'1179003',2004,,2450,16,0,23 24 2 26,0
300019,'1179008',2204,,2451,16,0,8 9 2 26,0
300019,'1179030',1904,,2452,16,0,23 24 2 26,0
300019,'1179058',1104,,2455,16,0,23 24 2 26,0
300019,'1179066',1804,,2457,16,0,23 24 2 26,0
300019,'1179109',1834,,2459,16,0,8 9 2 26,0
300019,'1179110',1004,,2460,16,0,23 24 2 26,0
300019,'1179115',934,,2461,16,0,23 24 2 26,0
300019,'1179121',1804,,2462,16,0,23 24 2 26,0
300019,'1179125',2004,,2463,16,0,23 24 2 26,0
300019,'1179194',834,,2466,16,0,23 24 2 26,0
300019,'1179246',804,,2469,16,0,23 24 2 26,0
300019,'1179279',904,,2472,16,0,23 24 2 26,0
300019,'1179295',2104,,2474,16,0,23 24 2 26,0
300019,'1179331',1304,,2477,16,0,23 24 2 26,0
300019,'1179355',1204,,2479,16,0,23 24 2 26,0
300019,'1179379',2204,,2482,16,0,8 9 2 26,0
300019,'1179390',1504,,2483,16,0,23 24 2 26,0
300019,'1179397',1634,,2484,16,0,23 24 2 26,0
300019,'1179404',2104,,2485,16,0,23 24 2 26,0
300019,'1179435',1604,,2490,16,0,23 24 2 26,0
300019,'1179448',1404,,2491,16,0,23 24 2 26,0
300019,'1179484',1304,,2496,16,0,23 24 2 26,0
300019,'1179490',1104,,2497,16,0,23 24 2 26,0
300019,'1179508',1004,,2499,16,0,23 24 2 26,0
300019,'1179549',904,,2502,16,0,23 24 2 26,0
300019,'1179566',1704,,2505,16,0,23 24 2 26,0
300019,'1179568',1904,,2506,16,0,23 24 2 26,0
300019,'1179593',1034,,2510,16,0,8 9 2 26,0
300019,'1179622',1734,,2515,16,0,23 24 2 26,0
300019,'1179649',1604,,2519,16,0,23 24 2 26,0
