160029,'1178957',907,,2375,19,,,0
160029,'1179098',1407,,2376,19,,,0
160029,'1179137',1607,,2377,19,,,0
160029,'1179301',1207,,2378,19,,,0
160029,'1179398',1307,,2379,19,,,0
160029,'1179410',1707,,2380,19,,,0
160029,'1179543',1107,,2381,19,,,0
160029,'1179558',1007,,2382,19,,,0
160029,'1179623',1507,,2383,19,,,0
216019,'1178924',758,,2403,21,,,0
216019,'1178948',628,,2404,21,,,0
216019,'1178963',2128,,2405,21,,,0
216019,'1178968',1228,,2406,21,,,0
216019,'1179019',1758,,2407,21,,,0
216019,'1179021',1558,,2408,21,,,0
216019,'1179029',1428,,2409,21,,,0
216019,'1179050',1528,,2410,21,,,0
216019,'1179070',1428,,2411,21,,,0
216019,'1179075',1828,,2412,21,,,0
216019,'1179116',731,,2413,22,,,0
216019,'1179123',1328,,2414,21,,,0
216019,'1179160',1731,,2415,22,,,0
216019,'1179179',2028,,2416,21,,,0
216019,'1179181',1128,,2417,21,,,0
216019,'1179199',928,,2418,21,,,0
216019,'1179206',1528,,2419,21,,,0
216019,'1179328',1028,,2420,21,,,0
216019,'1179338',1228,,2421,21,,,0
216019,'1179345',828,,2422,21,,,0
216019,'1179368',1701,,2423,22,,,0
216019,'1179369',1028,,2424,21,,,0
216019,'1179374',1631,,2425,22,,,0
216019,'1179421',1828,,2426,21,,,0
216019,'1179431',1128,,2427,21,,,0
216019,'1179458',1928,,2428,21,,,0
216019,'1179488',728,,2429,21,,,0
216019,'1179523',1328,,2430,21,,,0
216019,'1179574',2028,,2431,21,,,0
216019,'1179582',1928,,2432,21,,,0
216019,'1179605',858,,2433,21,,,0
216019,'1179647',1728,,2434,21,,,0
216019,'1179669',828,,2435,21,,,0
216019,'1179695',2128,,2436,21,,,0
216019,'1179712',701,,2437,22,,,0
216019,'1179714',928,,2438,21,,,0
216019,'1179719',1628,,2439,21,,,0
