140029,'1178990',1459,,2339,35,,,0
140029,'1179039',1159,,2340,35,,,0
140029,'1179106',1059,,2341,35,,,0
140029,'1179281',1359,,2342,35,,,0
140029,'1179335',1659,,2343,35,,,0
140029,'1179461',1812,,2344,35,,,0
140029,'1179478',1559,,2345,35,,,0
140029,'1179522',1259,,2346,35,,,0
140029,'1179651',959,,2347,35,,,0
140010019,'1178921',1525,,2523,50,,,0
140010019,'1178922',1028,,2524,51,,,0
140010019,'1178936',800,,2525,49,,,0
140010019,'1178979',1128,,2527,51,,,0
140010019,'1179012',830,,2528,50,,,0
140010019,'1179037',2030,,2529,49,,,0
140010019,'1179103',1630,,2530,50,,,0
140010019,'1179131',1225,,2532,50,,,0
140010019,'1179140',2230,,2533,49,,,0
140010019,'1179157',730,,2535,49,,,0
140010019,'1179167',1125,,2536,50,,,0
140010019,'1179178',1830,,2537,50,,,0
140010019,'1179180',2230,,2538,50,,,0
140010019,'1179188',1528,,2539,51,,,0
140010019,'1179217',2030,,2540,50,,,0
140010019,'1179251',1700,,2542,49,,,0
140010019,'1179253',900,,2543,49,,,0
140010019,'1179268',1800,,2544,49,,,0
140010019,'1179270',1730,,2545,50,,,0
140010019,'1179302',730,,2546,17,,,0
140010019,'1179336',930,,2547,49,,,0
140010019,'1179347',830,,2548,49,,,0
140010019,'1179361',2130,,2549,49,,,0
140010019,'1179396',2130,,2550,50,,,0
140010019,'1179415',1228,,2552,51,,,0
140010019,'1179445',1425,,2553,50,,,0
140010019,'1179452',1830,,2554,49,,,0
140010019,'1179453',1428,,2555,51,,,0
140010019,'1179479',1325,,2556,50,,,0
140010019,'1179494',1730,,2558,49,,,0
140010019,'1179496',1630,,2559,49,,,0
140010019,'1179544',1930,,2561,49,,,0
140010019,'1179613',1930,,2563,50,,,0
140010019,'1179620',930,,2564,50,,,0
140010019,'1179659',1328,,2566,51,,,0
140010019,'1179692',1025,,2567,50,,,0
