120029,'1179032',1550,,2303,32,,,0
120029,'1179055',1350,,2304,32,,,0
120029,'1179056',1650,,2305,32,,,0
120029,'1179099',1803,,2306,32,,,0
120029,'1179153',950,,2307,32,,,0
120029,'1179222',1450,,2308,32,,,0
120029,'1179429',1150,,2309,32,,,0
120029,'1179447',1050,,2310,32,,,0
120029,'1179575',1250,,2311,32,,,0
140010019,'1178921',1522,,2523,42,,,0
140010019,'1178922',1022,,2524,43,,,0
140010019,'1178936',753,,2525,42,,,0
140010019,'1178979',1122,,2527,43,,,0
140010019,'1179012',823,,2528,43,,,0
140010019,'1179037',2023,,2529,42,,,0
140010019,'1179103',1623,,2530,43,,,0
140010019,'1179131',1222,,2532,42,,,0
140010019,'1179140',2223,,2533,42,,,0
140010019,'1179157',723,,2535,42,,,0
140010019,'1179167',1122,,2536,42,,,0
140010019,'1179178',1823,,2537,43,,,0
140010019,'1179180',2223,,2538,43,,,0
140010019,'1179188',1522,,2539,43,,,0
140010019,'1179217',2023,,2540,43,,,0
140010019,'1179251',1653,,2542,42,,,0
140010019,'1179253',853,,2543,42,,,0
140010019,'1179268',1753,,2544,42,,,0
140010019,'1179270',1723,,2545,43,,,0
140010019,'1179302',723,,2546,10,,,0
140010019,'1179336',923,,2547,42,,,0
140010019,'1179347',823,,2548,42,,,0
140010019,'1179361',2123,,2549,42,,,0
140010019,'1179396',2123,,2550,43,,,0
140010019,'1179415',1222,,2552,43,,,0
140010019,'1179445',1422,,2553,42,,,0
140010019,'1179452',1823,,2554,42,,,0
140010019,'1179453',1422,,2555,43,,,0
140010019,'1179479',1322,,2556,42,,,0
140010019,'1179494',1723,,2558,42,,,0
140010019,'1179496',1623,,2559,42,,,0
140010019,'1179544',1923,,2561,42,,,0
140010019,'1179613',1923,,2563,43,,,0
140010019,'1179620',923,,2564,43,,,0
140010019,'1179659',1322,,2566,43,,,0
140010019,'1179692',1022,,2567,42,,,0
