120019,'1178966',1326,,2294,12,,,0
120019,'1178998',1526,,2295,12,,,0
120019,'1179031',1626,,2296,12,,,0
120019,'1179149',1426,,2297,12,,,0
120019,'1179182',1126,,2298,12,,,0
120019,'1179282',926,,2299,12,,,0
120019,'1179296',1726,,2300,12,,,0
120019,'1179596',1026,,2301,12,,,0
120019,'1179628',1226,,2302,12,,,0
190013019,'1178916',1618,,2757,12,,,0
190013019,'1178919',1948,,2758,12,,,0
190013019,'1178920',1118,,2759,12,,,0
190013019,'1178929',748,,2760,12,,,0
190013019,'1178930',1648,,2761,12,,,0
190013019,'1178972',1948,,2762,12,,,0
190013019,'1178983',1218,,2763,12,,,0
190013019,'1178994',2148,,2764,12,,,0
190013019,'1178997',1148,,2765,12,,,0
190013019,'1179048',1518,,2766,12,,,0
190013019,'1179062',1548,,2767,12,,,0
190013019,'1179074',1318,,2768,12,,,0
190013019,'1179087',1248,,2769,12,,,0
190013019,'1179104',1018,,2770,12,,,0
190013019,'1179171',1818,,2771,12,0,8 21,0
190013019,'1179187',848,,2772,12,,,0
190013019,'1179202',1048,,2773,12,,,0
190013019,'1179203',948,,2774,12,,,0
190013019,'1179212',1448,,2775,12,,,0
190013019,'1179219',1248,,2776,12,,,0
190013019,'1179243',748,,2777,12,,,0
190013019,'1179287',2148,,2778,12,,,0
190013019,'1179292',1048,,2779,12,,,0
190013019,'1179300',718,,2780,12,,,0
190013019,'1179373',948,,2782,12,,,0
190013019,'1179380',1348,,2783,12,,,0
190013019,'1179402',1348,,2784,12,,,0
190013019,'1179411',1418,,2785,12,,,0
190013019,'1179457',1848,,2786,12,,,0
190013019,'1179504',648,,2787,12,,,0
190013019,'1179507',918,,2788,12,,,0
190013019,'1179509',1148,,2789,12,,,0
190013019,'1179516',1548,,2790,12,,,0
190013019,'1179531',2048,,2791,12,,,0
190013019,'1179537',848,,2792,12,,,0
190013019,'1179539',1748,,2793,12,,,0
190013019,'1179546',648,,2794,12,,,0
190013019,'1179553',1848,,2795,12,,,0
190013019,'1179591',1648,,2797,12,,,0
190013019,'1179611',1718,,2798,12,,,0
190013019,'1179635',1448,,2799,12,,,0
190013019,'1179694',818,,2800,12,,,0
190013019,'1179701',2048,,2801,12,,,0
190013019,'1179717',1748,,2802,12,,,0
