110019,'1178947',938,,2239,11,,,0
110019,'1178964',1438,,2240,11,,,0
110019,'1178973',1738,,2241,11,,,0
110019,'1179028',1538,,2242,11,,,0
110019,'1179105',1638,,2243,11,,,0
110019,'1179114',1038,,2244,11,,,0
110019,'1179176',1238,,2245,11,,,0
110019,'1179184',1338,,2246,11,,,0
110019,'1179290',1138,,2247,11,,,0
160029,'1178957',900,,2375,6,,,0
160029,'1179098',1400,,2376,6,,,0
160029,'1179137',1600,,2377,6,,,0
160029,'1179301',1200,,2378,6,,,0
160029,'1179398',1300,,2379,6,,,0
160029,'1179410',1700,,2380,6,,,0
160029,'1179543',1100,,2381,6,,,0
160029,'1179558',1000,,2382,6,,,0
160029,'1179623',1500,,2383,6,,,0
216019,'1178924',750,,2403,6,,,0
216019,'1178948',620,,2404,6,,,0
216019,'1178963',2120,,2405,6,,,0
216019,'1178968',1220,,2406,6,,,0
216019,'1179019',1750,,2407,6,,,0
216019,'1179021',1550,,2408,6,,,0
216019,'1179029',1420,,2409,6,,,0
216019,'1179050',1520,,2410,6,,,0
216019,'1179070',1420,,2411,6,,,0
216019,'1179075',1820,,2412,6,,,0
216019,'1179116',720,,2413,6,,,0
216019,'1179123',1320,,2414,6,,,0
216019,'1179160',1720,,2415,6,,,0
216019,'1179179',2020,,2416,6,,,0
216019,'1179181',1120,,2417,6,,,0
216019,'1179199',920,,2418,6,,,0
216019,'1179206',1520,,2419,6,,,0
216019,'1179328',1020,,2420,6,,,0
216019,'1179338',1220,,2421,6,,,0
216019,'1179345',820,,2422,6,,,0
216019,'1179368',1650,,2423,6,,,0
216019,'1179369',1020,,2424,6,,,0
216019,'1179374',1620,,2425,6,,,0
216019,'1179421',1820,,2426,6,,,0
216019,'1179431',1120,,2427,6,,,0
216019,'1179458',1920,,2428,6,,,0
216019,'1179488',720,,2429,6,,,0
216019,'1179523',1320,,2430,6,,,0
216019,'1179574',2020,,2431,6,,,0
216019,'1179582',1920,,2432,6,,,0
216019,'1179605',850,,2433,6,,,0
216019,'1179647',1720,,2434,6,,,0
216019,'1179669',820,,2435,6,,,0
216019,'1179695',2120,,2436,6,,,0
216019,'1179712',650,,2437,6,,,0
216019,'1179714',920,,2438,6,,,0
216019,'1179719',1620,,2439,6,,,0
140010019,'1178914',1119,,2522,13,0,8 21,0
140010019,'1178921',1449,,2523,13,,,0
140010019,'1178922',948,,2524,13,,,0
140010019,'1178936',719,,2525,13,,,0
140010019,'1178946',2249,,2526,13,0,8 21,0
140010019,'1178979',1048,,2527,13,,,0
140010019,'1179012',748,,2528,13,,,0
140010019,'1179037',1949,,2529,13,,,0
140010019,'1179103',1548,,2530,13,,,0
140010019,'1179122',1319,,2531,13,0,8 21,0
140010019,'1179131',1149,,2532,13,,,0
140010019,'1179140',2149,,2533,13,,,0
140010019,'1179147',919,,2534,13,0,8 21,0
140010019,'1179157',649,,2535,13,,,0
140010019,'1179167',1049,,2536,13,,,0
140010019,'1179178',1748,,2537,13,,,0
140010019,'1179180',2148,,2538,13,,,0
140010019,'1179188',1448,,2539,13,,,0
140010019,'1179217',1948,,2540,13,,,0
140010019,'1179232',1519,,2541,13,0,8 21,0
140010019,'1179251',1619,,2542,13,,,0
140010019,'1179253',819,,2543,13,,,0
140010019,'1179268',1719,,2544,13,,,0
140010019,'1179270',1648,,2545,13,,,0
140010019,'1179336',849,,2547,13,,,0
140010019,'1179347',749,,2548,13,,,0
140010019,'1179361',2049,,2549,13,,,0
140010019,'1179396',2048,,2550,13,,,0
140010019,'1179408',2248,,2551,13,0,8 21,0
140010019,'1179415',1148,,2552,13,,,0
140010019,'1179445',1349,,2553,13,,,0
140010019,'1179452',1749,,2554,13,,,0
140010019,'1179453',1348,,2555,13,,,0
140010019,'1179479',1249,,2556,13,,,0
140010019,'1179483',1219,,2557,13,0,8 21,0
140010019,'1179494',1649,,2558,13,,,0
140010019,'1179496',1549,,2559,13,,,0
140010019,'1179498',1419,,2560,13,0,8 21,0
140010019,'1179544',1849,,2561,13,,,0
140010019,'1179548',1019,,2562,13,0,8 21,0
140010019,'1179613',1848,,2563,13,,,0
140010019,'1179620',848,,2564,13,,,0
140010019,'1179629',1819,,2565,13,0,8 21,0
140010019,'1179659',1248,,2566,13,,,0
140010019,'1179692',949,,2567,13,,,0
