140029,'1178990',1501,,2339,38,,,0
140029,'1179039',1201,,2340,38,,,0
140029,'1179106',1101,,2341,38,,,0
140029,'1179281',1401,,2342,38,,,0
140029,'1179335',1701,,2343,38,,,0
140029,'1179461',1814,,2344,38,,,0
140029,'1179478',1601,,2345,38,,,0
140029,'1179522',1301,,2346,38,,,0
140029,'1179651',1001,,2347,38,,,0
140010019,'1178921',1527,,2523,53,,,0
140010019,'1178922',1030,,2524,54,,,0
140010019,'1178936',802,,2525,52,,,0
140010019,'1178979',1130,,2527,54,,,0
140010019,'1179012',832,,2528,53,,,0
140010019,'1179037',2032,,2529,52,,,0
140010019,'1179103',1632,,2530,53,,,0
140010019,'1179131',1227,,2532,53,,,0
140010019,'1179140',2232,,2533,52,,,0
140010019,'1179157',732,,2535,52,,,0
140010019,'1179167',1127,,2536,53,,,0
140010019,'1179178',1832,,2537,53,,,0
140010019,'1179180',2232,,2538,53,,,0
140010019,'1179188',1530,,2539,54,,,0
140010019,'1179217',2032,,2540,53,,,0
140010019,'1179251',1702,,2542,52,,,0
140010019,'1179253',902,,2543,52,,,0
140010019,'1179268',1802,,2544,52,,,0
140010019,'1179270',1732,,2545,53,,,0
140010019,'1179302',732,,2546,20,,,0
140010019,'1179336',932,,2547,52,,,0
140010019,'1179347',832,,2548,52,,,0
140010019,'1179361',2132,,2549,52,,,0
140010019,'1179396',2132,,2550,53,,,0
140010019,'1179415',1230,,2552,54,,,0
140010019,'1179445',1427,,2553,53,,,0
140010019,'1179452',1832,,2554,52,,,0
140010019,'1179453',1430,,2555,54,,,0
140010019,'1179479',1327,,2556,53,,,0
140010019,'1179494',1732,,2558,52,,,0
140010019,'1179496',1632,,2559,52,,,0
140010019,'1179544',1932,,2561,52,,,0
140010019,'1179613',1932,,2563,53,,,0
140010019,'1179620',932,,2564,53,,,0
140010019,'1179659',1330,,2566,54,,,0
140010019,'1179692',1027,,2567,53,,,0
