140029,'1178990',1422,,2339,3,,,0
140029,'1179039',1122,,2340,3,,,0
140029,'1179106',1022,,2341,3,,,0
140029,'1179281',1322,,2342,3,,,0
140029,'1179335',1622,,2343,3,,,0
140029,'1179461',1722,,2344,3,,,0
140029,'1179478',1522,,2345,3,,,0
140029,'1179522',1222,,2346,3,,,0
140029,'1179651',922,,2347,3,,,0
190015019,'1178937',1115,,2803,2,,,0
190015019,'1178938',2245,,2804,2,0,12,0
190015019,'1178958',945,,2805,2,,,0
190015019,'1178960',1045,,2806,2,,,0
190015019,'1178991',2145,,2807,2,0,12,0
190015019,'1179018',1345,,2808,2,,,0
190015019,'1179054',1245,,2809,2,,,0
190015019,'1179073',1315,,2810,2,,,0
190015019,'1179089',1145,,2812,2,,,0
190015019,'1179095',1645,,2813,2,,,0
190015019,'1179126',1745,,2814,2,,,0
190015019,'1179130',1545,,2815,2,,,0
190015019,'1179152',915,,2816,2,,,0
190015019,'1179165',2145,,2817,2,0,12,0
190015019,'1179169',945,,2818,2,,,0
190015019,'1179170',745,,2819,2,,,0
190015019,'1179189',745,,2820,2,,,0
190015019,'1179226',1745,,2821,2,,,0
190015019,'1179241',1815,,2822,2,0,12,0
190015019,'1179257',2045,,2823,2,,,0
190015019,'1179260',1645,,2824,2,,,0
190015019,'1179269',2245,,2825,2,0,12,0
190015019,'1179280',1445,,2826,2,,,0
190015019,'1179329',1615,,2827,2,,,0
190015019,'1179378',1945,,2828,2,,,0
190015019,'1179382',1715,,2829,2,,,0
190015019,'1179400',1845,,2830,2,,,0
190015019,'1179414',1445,,2831,2,,,0
190015019,'1179456',1515,,2832,2,,,0
190015019,'1179465',1545,,2833,2,,,0
190015019,'1179466',845,,2834,2,,,0
190015019,'1179468',1945,,2835,2,,,0
190015019,'1179480',1245,,2836,2,,,0
190015019,'1179489',1215,,2837,2,,,0
190015019,'1179491',1045,,2838,2,,,0
190015019,'1179501',1015,,2839,2,,,0
190015019,'1179525',645,,2840,2,,,0
190015019,'1179560',2045,,2841,2,,,0
190015019,'1179563',1345,,2842,2,,,0
190015019,'1179576',1845,,2843,2,,,0
190015019,'1179602',815,,2844,2,,,0
190015019,'1179633',715,,2845,2,,,0
190015019,'1179652',845,,2847,2,,,0
190015019,'1179679',1415,,2848,2,,,0
190015019,'1179703',1145,,2849,2,,,0
190015019,'1179716',645,,2850,2,,,0
