116019,'1178992',752,,2257,26,,,0
116019,'1178995',752,,2258,26,,,0
116019,'1179088',656,,2259,27,,,0
116019,'1179096',852,,2260,26,,,0
116019,'1179141',1452,,2261,26,,,0
116019,'1179172',1152,,2262,26,,,0
116019,'1179177',852,,2263,26,,,0
116019,'1179190',1622,,2264,26,,,0
116019,'1179215',1052,,2265,26,,,0
116019,'1179228',822,,2266,26,,,0
116019,'1179247',952,,2267,26,,,0
116019,'1179275',1552,,2268,26,,,0
116019,'1179278',1252,,2269,26,,,0
116019,'1179313',1752,,2270,26,,,0
116019,'1179314',2052,,2271,26,,,0
116019,'1179321',1152,,2272,26,,,0
116019,'1179339',726,,2273,27,,,0
116019,'1179343',1952,,2274,26,,,0
116019,'1179365',1652,,2275,26,,,0
116019,'1179381',1852,,2276,26,,,0
116019,'1179418',1656,,2277,27,,,0
116019,'1179432',1726,,2278,27,,,0
116019,'1179434',1952,,2279,26,,,0
116019,'1179439',1352,,2280,26,,,0
116019,'1179441',1452,,2281,26,,,0
116019,'1179476',1052,,2282,26,,,0
116019,'1179500',2152,,2283,26,,,0
116019,'1179515',922,,2284,26,,,0
116019,'1179584',1852,,2285,26,,,0
116019,'1179603',952,,2286,26,,,0
116019,'1179606',1822,,2287,26,,,0
116019,'1179615',1552,,2288,26,,,0
116019,'1179641',1252,,2289,26,,,0
116019,'1179653',1752,,2290,26,,,0
116019,'1179682',1352,,2291,26,,,0
116019,'1179696',2052,,2292,26,,,0
116019,'1179706',2152,,2293,26,,,0
160019,'1178943',1542,,2366,24,,,0
160019,'1178949',942,,2367,24,,,0
160019,'1178951',1342,,2368,24,,,0
160019,'1179047',1442,,2369,24,,,0
160019,'1179060',1742,,2370,24,,,0
160019,'1179205',1142,,2371,24,,,0
160019,'1179319',1242,,2372,24,,,0
160019,'1179451',1642,,2373,24,,,0
160019,'1179697',1042,,2374,24,,,0
