150029,'1178980',1108,,2357,15,,,0
150029,'1179059',908,,2358,15,,,0
150029,'1179210',1308,,2359,15,,,0
150029,'1179274',1708,,2360,15,,,0
150029,'1179311',1008,,2361,15,,,0
150029,'1179362',1608,,2362,15,,,0
150029,'1179450',1408,,2363,15,,,0
150029,'1179616',1208,,2364,15,,,0
150029,'1179674',1508,,2365,15,,,0
300019,'1178915',959,,2440,9,0,23 24 2 25,0
300019,'1178918',1159,,2441,12,0,23 24 2 26,0
300019,'1178931',759,,2442,12,0,23 24 2 26,0
300019,'1178939',1359,,2443,12,0,23 24 2 26,0
300019,'1178975',1459,,2445,12,0,23 24 2 26,0
300019,'1178982',1659,,2446,12,0,23 24 2 26,0
300019,'1178996',1829,,2447,9,0,23 24 2 25,0
300019,'1178999',729,,2448,9,0,23 24 2 25,0
300019,'1179001',729,,2449,12,0,23 24 2 26,0
300019,'1179003',1959,,2450,12,0,23 24 2 26,0
300019,'1179008',2159,,2451,12,0,8 9 2 26,0
300019,'1179030',1859,,2452,12,0,23 24 2 26,0
300019,'1179042',759,,2453,9,0,23 24 2 25,0
300019,'1179058',1059,,2455,12,0,23 24 2 26,0
300019,'1179065',1129,,2456,9,0,23 24 2 25,0
300019,'1179066',1759,,2457,12,0,23 24 2 26,0
300019,'1179094',729,,2458,8,0,23 24 2 25,0
300019,'1179109',1829,,2459,12,0,8 9 2 26,0
300019,'1179110',959,,2460,12,0,23 24 2 26,0
300019,'1179115',929,,2461,12,0,23 24 2 26,0
300019,'1179121',1759,,2462,12,0,23 24 2 26,0
300019,'1179125',1959,,2463,12,0,23 24 2 26,0
300019,'1179132',1229,,2464,9,0,23 24 2 25,0
300019,'1179142',1529,,2465,9,0,23 24 2 25,0
300019,'1179194',829,,2466,12,0,23 24 2 26,0
300019,'1179211',1729,,2467,9,0,23 24 2 25,0
300019,'1179220',1029,,2468,9,0,23 24 2 25,0
300019,'1179246',759,,2469,12,0,23 24 2 26,0
300019,'1179258',1829,,2470,9,0,23 24 2 25,0
300019,'1179264',1329,,2471,9,0,23 24 2 25,0
300019,'1179279',859,,2472,12,0,23 24 2 26,0
300019,'1179288',1729,,2473,9,0,23 24 2 25,0
300019,'1179295',2059,,2474,12,0,23 24 2 26,0
300019,'1179331',1259,,2477,12,0,23 24 2 26,0
300019,'1179349',1529,,2478,9,0,23 24 2 25,0
300019,'1179355',1159,,2479,12,0,23 24 2 26,0
300019,'1179356',1629,,2480,9,0,23 24 2 25,0
300019,'1179360',2129,,2481,9,0,23 24 2 25,0
300019,'1179379',2159,,2482,12,0,8 9 2 26,0
300019,'1179390',1459,,2483,12,0,23 24 2 26,0
300019,'1179397',1629,,2484,12,0,23 24 2 26,0
300019,'1179404',2059,,2485,12,0,23 24 2 26,0
300019,'1179405',1229,,2486,9,0,23 24 2 25,0
300019,'1179406',1029,,2487,9,0,23 24 2 25,0
300019,'1179409',1559,,2488,9,0,23 24 2 25,0
300019,'1179420',1329,,2489,9,0,23 24 2 25,0
300019,'1179435',1559,,2490,12,0,23 24 2 26,0
300019,'1179448',1359,,2491,12,0,23 24 2 26,0
300019,'1179454',1429,,2492,9,0,23 24 2 25,0
300019,'1179463',929,,2493,9,0,23 24 2 25,0
300019,'1179467',829,,2494,9,0,23 24 2 25,0
300019,'1179470',1129,,2495,9,0,23 24 2 25,0
300019,'1179484',1259,,2496,12,0,23 24 2 26,0
300019,'1179490',1059,,2497,12,0,23 24 2 26,0
300019,'1179502',2029,,2498,9,0,23 24 2 25,0
300019,'1179508',959,,2499,12,0,23 24 2 26,0
300019,'1179527',1929,,2500,9,0,23 24 2 25,0
300019,'1179532',829,,2501,9,0,23 24 2 25,0
300019,'1179549',859,,2502,12,0,23 24 2 26,0
300019,'1179554',2129,,2504,9,0,23 24 2 25,0
300019,'1179566',1659,,2505,12,0,23 24 2 26,0
300019,'1179568',1859,,2506,12,0,23 24 2 26,0
300019,'1179570',1629,,2507,9,0,23 24 2 25,0
300019,'1179580',1929,,2508,9,0,23 24 2 25,0
300019,'1179593',1029,,2510,12,0,8 9 2 26,0
300019,'1179597',859,,2511,9,0,23 24 2 25,0
300019,'1179607',659,,2512,8,0,23 24 2 25,0
300019,'1179614',1429,,2513,9,0,23 24 2 25,0
300019,'1179617',1759,,2514,9,0,23 24 2 25,0
300019,'1179622',1729,,2515,12,0,23 24 2 26,0
300019,'1179624',1659,,2516,9,0,23 24 2 25,0
300019,'1179643',2029,,2518,9,0,23 24 2 25,0
300019,'1179649',1559,,2519,12,0,23 24 2 26,0
300019,'1179713',929,,2521,9,0,23 24 2 25,0
