120019,'1178966',1321,,2294,4,,,0
120019,'1178998',1521,,2295,4,,,0
120019,'1179031',1621,,2296,4,,,0
120019,'1179149',1421,,2297,4,,,0
120019,'1179182',1121,,2298,4,,,0
120019,'1179282',921,,2299,4,,,0
120019,'1179296',1721,,2300,4,,,0
120019,'1179596',1021,,2301,4,,,0
120019,'1179628',1221,,2302,4,,,0
190013019,'1178916',1612,,2757,4,,,0
190013019,'1178919',1942,,2758,4,,,0
190013019,'1178920',1112,,2759,4,,,0
190013019,'1178929',742,,2760,4,,,0
190013019,'1178930',1642,,2761,4,,,0
190013019,'1178972',1942,,2762,4,,,0
190013019,'1178983',1212,,2763,4,,,0
190013019,'1178994',2142,,2764,4,,,0
190013019,'1178997',1142,,2765,4,,,0
190013019,'1179048',1512,,2766,4,,,0
190013019,'1179062',1542,,2767,4,,,0
190013019,'1179074',1312,,2768,4,,,0
190013019,'1179087',1242,,2769,4,,,0
190013019,'1179104',1012,,2770,4,,,0
190013019,'1179171',1812,,2771,4,0,8 21,0
190013019,'1179187',842,,2772,4,,,0
190013019,'1179202',1042,,2773,4,,,0
190013019,'1179203',942,,2774,4,,,0
190013019,'1179212',1442,,2775,4,,,0
190013019,'1179219',1242,,2776,4,,,0
190013019,'1179243',742,,2777,4,,,0
190013019,'1179287',2142,,2778,4,,,0
190013019,'1179292',1042,,2779,4,,,0
190013019,'1179300',712,,2780,4,,,0
190013019,'1179373',942,,2782,4,,,0
190013019,'1179380',1342,,2783,4,,,0
190013019,'1179402',1342,,2784,4,,,0
190013019,'1179411',1412,,2785,4,,,0
190013019,'1179457',1842,,2786,4,,,0
190013019,'1179504',642,,2787,4,,,0
190013019,'1179507',912,,2788,4,,,0
190013019,'1179509',1142,,2789,4,,,0
190013019,'1179516',1542,,2790,4,,,0
190013019,'1179531',2042,,2791,4,,,0
190013019,'1179537',842,,2792,4,,,0
190013019,'1179539',1742,,2793,4,,,0
190013019,'1179546',642,,2794,4,,,0
190013019,'1179553',1842,,2795,4,,,0
190013019,'1179591',1642,,2797,4,,,0
190013019,'1179611',1712,,2798,4,,,0
190013019,'1179635',1442,,2799,4,,,0
190013019,'1179694',812,,2800,4,,,0
190013019,'1179701',2042,,2801,4,,,0
190013019,'1179717',1742,,2802,4,,,0
