110029,'1178926',1320,8,2248,31,,,0
110029,'1179044',920,8,2249,31,,,0
110029,'1179118',1120,8,2250,31,,,0
110029,'1179173',1220,8,2251,31,,,0
110029,'1179459',1720,8,2252,31,,,0
110029,'1179534',1420,8,2253,31,,,0
110029,'1179542',1620,8,2254,31,,,0
110029,'1179690',1020,8,2255,31,,,0
110029,'1179707',1520,8,2256,31,,,0
116019,'1178992',738,,2257,1,,,0
116019,'1178995',738,,2258,1,,,0
116019,'1179088',638,,2259,1,,,0
116019,'1179096',838,,2260,1,,,0
116019,'1179141',1438,,2261,1,,,0
116019,'1179172',1138,,2262,1,,,0
116019,'1179177',838,,2263,1,,,0
116019,'1179190',1608,,2264,1,,,0
116019,'1179215',1038,,2265,1,,,0
116019,'1179228',808,,2266,1,,,0
116019,'1179247',938,,2267,1,,,0
116019,'1179275',1538,,2268,1,,,0
116019,'1179278',1238,,2269,1,,,0
116019,'1179313',1738,,2270,1,,,0
116019,'1179314',2038,,2271,1,,,0
116019,'1179321',1138,,2272,1,,,0
116019,'1179339',708,,2273,1,,,0
116019,'1179343',1938,,2274,1,,,0
116019,'1179365',1638,,2275,1,,,0
116019,'1179381',1838,,2276,1,,,0
116019,'1179418',1638,,2277,1,,,0
116019,'1179432',1708,,2278,1,,,0
116019,'1179434',1938,,2279,1,,,0
116019,'1179439',1338,,2280,1,,,0
116019,'1179441',1438,,2281,1,,,0
116019,'1179476',1038,,2282,1,,,0
116019,'1179500',2138,,2283,1,,,0
116019,'1179515',908,,2284,1,,,0
116019,'1179584',1838,,2285,1,,,0
116019,'1179603',938,,2286,1,,,0
116019,'1179606',1808,,2287,1,,,0
116019,'1179615',1538,,2288,1,,,0
116019,'1179641',1238,,2289,1,,,0
116019,'1179653',1738,,2290,1,,,0
116019,'1179682',1338,,2291,1,,,0
116019,'1179696',2038,,2292,1,,,0
116019,'1179706',2138,,2293,1,,,0
130019,'1179053',1720,,2312,1,,,0
130019,'1179067',1320,,2313,1,,,0
130019,'1179069',1020,,2314,1,,,0
130019,'1179093',1120,,2315,1,,,0
130019,'1179108',1220,,2316,1,,,0
130019,'1179294',1520,,2317,1,,,0
130019,'1179386',1620,,2318,1,,,0
130019,'1179541',920,,2319,1,,,0
130019,'1179675',1420,,2320,1,,,0
130029,'1178925',1515,,2321,29,4,,0
130029,'1178989',1415,,2322,29,4,,0
130029,'1179023',1615,,2323,29,4,,0
130029,'1179120',1715,,2324,29,4,,0
130029,'1179168',1315,,2325,29,4,,0
130029,'1179423',915,,2326,29,4,,0
130029,'1179469',1215,,2327,29,4,,0
130029,'1179639',1015,,2328,29,4,,0
130029,'1179657',1115,,2329,29,4,,0
150019,'1178942',1735,,2348,1,,,0
150019,'1178956',1335,,2349,1,,,0
150019,'1178976',1635,,2350,1,,,0
150019,'1179117',1235,,2351,1,,,0
150019,'1179150',1535,,2352,1,,,0
150019,'1179341',935,,2353,1,,,0
150019,'1179473',1135,,2354,1,,,0
150019,'1179559',1435,,2355,1,,,0
150019,'1179673',1035,,2356,1,,,0
150029,'1178980',1132,,2357,40,4,,0
150029,'1179059',932,,2358,40,4,,0
150029,'1179210',1332,,2359,40,4,,0
150029,'1179274',1732,,2360,40,4,,0
150029,'1179311',1032,,2361,40,4,,0
150029,'1179362',1632,,2362,40,4,,0
150029,'1179450',1432,,2363,40,4,,0
150029,'1179616',1232,,2364,40,4,,0
150029,'1179674',1532,,2365,40,4,,0
200029,'1178971',1125,7,2393,29,,,0
200029,'1179034',1725,7,2394,29,,,0
200029,'1179043',1325,7,2395,29,,,0
200029,'1179091',1525,7,2396,29,,,0
200029,'1179144',925,7,2397,19,,,0
200029,'1179198',1225,7,2398,29,,,0
200029,'1179283',1425,7,2400,29,,,0
200029,'1179383',1625,7,2401,29,,,0
200029,'1179689',1025,7,2402,29,,,0
300019,'1178915',1020,4,2440,21,0,23 24 2 25,0
300019,'1178918',1140,5,2441,3,0,23 24 2 26,0
300019,'1178931',740,5,2442,3,0,23 24 2 26,0
300019,'1178939',1340,5,2443,3,0,23 24 2 26,0
300019,'1178975',1440,5,2445,3,0,23 24 2 26,0
300019,'1178982',1640,5,2446,3,0,23 24 2 26,0
300019,'1178996',1850,4,2447,21,0,23 24 2 25,0
300019,'1178999',750,4,2448,21,0,23 24 2 25,0
300019,'1179001',710,5,2449,3,0,23 24 2 26,0
300019,'1179003',1940,5,2450,3,0,23 24 2 26,0
300019,'1179008',2140,5,2451,3,0,8 9 2 26,0
300019,'1179030',1840,5,2452,3,0,23 24 2 26,0
300019,'1179042',820,4,2453,21,0,23 24 2 25,0
300019,'1179058',1040,5,2455,3,0,23 24 2 26,0
300019,'1179065',1150,4,2456,21,0,23 24 2 25,0
300019,'1179066',1740,5,2457,3,0,23 24 2 26,0
300019,'1179094',750,4,2458,20,0,23 24 2 25,0
300019,'1179109',1810,5,2459,3,0,8 9 2 26,0
300019,'1179110',940,5,2460,3,0,23 24 2 26,0
300019,'1179115',910,5,2461,3,0,23 24 2 26,0
300019,'1179121',1740,5,2462,3,0,23 24 2 26,0
300019,'1179125',1940,5,2463,3,0,23 24 2 26,0
300019,'1179132',1250,4,2464,21,0,23 24 2 25,0
300019,'1179142',1550,4,2465,21,0,23 24 2 25,0
300019,'1179194',810,5,2466,3,0,23 24 2 26,0
300019,'1179211',1750,4,2467,21,0,23 24 2 25,0
300019,'1179220',1050,4,2468,21,0,23 24 2 25,0
300019,'1179246',740,5,2469,3,0,23 24 2 26,0
300019,'1179258',1850,4,2470,21,0,23 24 2 25,0
300019,'1179264',1350,4,2471,21,0,23 24 2 25,0
300019,'1179279',840,5,2472,3,0,23 24 2 26,0
300019,'1179288',1750,4,2473,21,0,23 24 2 25,0
300019,'1179295',2040,5,2474,3,0,23 24 2 26,0
300019,'1179331',1240,5,2477,3,0,23 24 2 26,0
300019,'1179349',1550,4,2478,21,0,23 24 2 25,0
300019,'1179355',1140,5,2479,3,0,23 24 2 26,0
300019,'1179356',1650,4,2480,21,0,23 24 2 25,0
300019,'1179360',2150,4,2481,21,0,23 24 2 25,0
300019,'1179379',2140,5,2482,3,0,8 9 2 26,0
300019,'1179390',1440,5,2483,3,0,23 24 2 26,0
300019,'1179397',1610,5,2484,3,0,23 24 2 26,0
300019,'1179404',2040,5,2485,3,0,23 24 2 26,0
300019,'1179405',1250,4,2486,21,0,23 24 2 25,0
300019,'1179406',1050,4,2487,21,0,23 24 2 25,0
300019,'1179409',1620,4,2488,21,0,23 24 2 25,0
300019,'1179420',1350,4,2489,21,0,23 24 2 25,0
300019,'1179435',1540,5,2490,3,0,23 24 2 26,0
300019,'1179448',1340,5,2491,3,0,23 24 2 26,0
300019,'1179454',1450,4,2492,21,0,23 24 2 25,0
300019,'1179463',950,4,2493,21,0,23 24 2 25,0
300019,'1179467',850,4,2494,21,0,23 24 2 25,0
300019,'1179470',1150,4,2495,21,0,23 24 2 25,0
300019,'1179484',1240,5,2496,3,0,23 24 2 26,0
300019,'1179490',1040,5,2497,3,0,23 24 2 26,0
300019,'1179502',2050,4,2498,21,0,23 24 2 25,0
300019,'1179508',940,5,2499,3,0,23 24 2 26,0
300019,'1179527',1950,4,2500,21,0,23 24 2 25,0
300019,'1179532',850,4,2501,21,0,23 24 2 25,0
300019,'1179549',840,5,2502,3,0,23 24 2 26,0
300019,'1179554',2150,4,2504,21,0,23 24 2 25,0
300019,'1179566',1640,5,2505,3,0,23 24 2 26,0
300019,'1179568',1840,5,2506,3,0,23 24 2 26,0
300019,'1179570',1650,4,2507,21,0,23 24 2 25,0
300019,'1179580',1950,4,2508,21,0,23 24 2 25,0
300019,'1179593',1010,5,2510,3,0,8 9 2 26,0
300019,'1179597',920,4,2511,21,0,23 24 2 25,0
300019,'1179607',720,4,2512,20,0,23 24 2 25,0
300019,'1179614',1450,4,2513,21,0,23 24 2 25,0
300019,'1179617',1820,4,2514,21,0,23 24 2 25,0
300019,'1179622',1710,5,2515,3,0,23 24 2 26,0
300019,'1179624',1720,4,2516,21,0,23 24 2 25,0
300019,'1179643',2050,4,2518,21,0,23 24 2 25,0
300019,'1179649',1540,5,2519,3,0,23 24 2 26,0
300019,'1179713',950,4,2521,21,0,23 24 2 25,0
140010019,'1178914',1108,,2522,1,0,8 21,0
140010019,'1178921',1438,,2523,1,,,0
140010019,'1178922',938,,2524,1,,,0
140010019,'1178936',708,,2525,1,,,0
140010019,'1178946',2238,,2526,1,0,8 21,0
140010019,'1178979',1038,,2527,1,,,0
140010019,'1179012',738,,2528,1,,,0
140010019,'1179037',1938,,2529,1,,,0
140010019,'1179103',1538,,2530,1,,,0
140010019,'1179122',1308,,2531,1,0,8 21,0
140010019,'1179131',1138,,2532,1,,,0
140010019,'1179140',2138,,2533,1,,,0
140010019,'1179147',908,,2534,1,0,8 21,0
140010019,'1179157',638,,2535,1,,,0
140010019,'1179167',1038,,2536,1,,,0
140010019,'1179178',1738,,2537,1,,,0
140010019,'1179180',2138,,2538,1,,,0
140010019,'1179188',1438,,2539,1,,,0
140010019,'1179217',1938,,2540,1,,,0
140010019,'1179232',1508,,2541,1,0,8 21,0
140010019,'1179251',1608,,2542,1,,,0
140010019,'1179253',808,,2543,1,,,0
140010019,'1179268',1708,,2544,1,,,0
140010019,'1179270',1638,,2545,1,,,0
140010019,'1179336',838,,2547,1,,,0
140010019,'1179347',738,,2548,1,,,0
140010019,'1179361',2038,,2549,1,,,0
140010019,'1179396',2038,,2550,1,,,0
140010019,'1179408',2238,,2551,1,0,8 21,0
140010019,'1179415',1138,,2552,1,,,0
140010019,'1179445',1338,,2553,1,,,0
140010019,'1179452',1738,,2554,1,,,0
140010019,'1179453',1338,,2555,1,,,0
140010019,'1179479',1238,,2556,1,,,0
140010019,'1179483',1208,,2557,1,0,8 21,0
140010019,'1179494',1638,,2558,1,,,0
140010019,'1179496',1538,,2559,1,,,0
140010019,'1179498',1408,,2560,1,0,8 21,0
140010019,'1179544',1838,,2561,1,,,0
140010019,'1179548',1008,,2562,1,0,8 21,0
140010019,'1179613',1838,,2563,1,,,0
140010019,'1179620',838,,2564,1,,,0
140010019,'1179629',1808,,2565,1,0,8 21,0
140010019,'1179659',1238,,2566,1,,,0
140010019,'1179692',938,,2567,1,,,0
140012019,'1178913',1142,,2568,1,,,0
140012019,'1178923',1142,,2569,1,,,0
140012019,'1178934',942,,2570,1,,,0
140012019,'1178935',742,,2571,1,,,0
140012019,'1178953',842,,2572,1,,,0
140012019,'1178981',642,,2573,1,,,0
140012019,'1178986',1412,,2574,1,,,0
140012019,'1179006',1312,,2575,1,,,0
140012019,'1179011',712,,2576,1,,,0
140012019,'1179015',1842,,2577,1,,,0
140012019,'1179046',842,,2578,1,,,0
140012019,'1179102',1542,,2579,1,,,0
140012019,'1179154',1342,,2580,1,,,0
140012019,'1179183',1942,,2581,1,,,0
140012019,'1179185',912,,2582,1,,,0
140012019,'1179216',2242,,2583,1,0,8 21,0
140012019,'1179230',942,,2584,1,,,0
140012019,'1179233',1542,,2585,1,,,0
140012019,'1179236',742,,2586,1,,,0
140012019,'1179238',1442,,2587,1,,,0
140012019,'1179244',2042,,2588,1,,,0
140012019,'1179245',1842,,2589,1,,,0
140012019,'1179255',1812,,2591,1,0,8 21,0
140012019,'1179261',1042,,2592,1,,,0
140012019,'1179316',1942,,2593,1,,,0
140012019,'1179325',812,,2594,1,,,0
140012019,'1179348',1242,,2595,1,,,0
140012019,'1179359',1712,,2596,1,,,0
140012019,'1179372',2142,,2597,1,,,0
140012019,'1179387',1242,,2598,1,,,0
140012019,'1179399',1112,,2599,1,,,0
140012019,'1179425',2042,,2600,1,,,0
140012019,'1179444',1612,,2601,1,,,0
140012019,'1179495',1342,,2602,1,,,0
140012019,'1179499',1512,,2603,1,,,0
140012019,'1179510',1642,,2604,1,,,0
140012019,'1179511',2142,,2605,1,,,0
140012019,'1179526',1742,,2606,1,,,0
140012019,'1179556',1042,,2607,1,,,0
140012019,'1179567',1212,,2608,1,,,0
140012019,'1179578',2242,,2609,1,0,8 21,0
140012019,'1179644',1742,,2610,1,,,0
140012019,'1179693',1012,,2611,1,,,0
140012019,'1179704',1442,,2612,1,,,0
140012019,'1179715',1642,,2613,1,,,0
190011019,'1178945',1608,,2709,31,4,,0
190011019,'1178950',808,,2710,55,4,,0
190011019,'1178970',1938,,2711,55,4,,0
190011019,'1179040',2138,,2713,55,4,,0
190011019,'1179064',1108,,2714,31,4,,0
190011019,'1179145',938,,2715,55,4,,0
190011019,'1179146',1208,,2716,31,4,,0
190011019,'1179159',1838,,2717,55,4,,0
190011019,'1179163',838,,2719,55,4,,0
190011019,'1179248',738,,2720,55,4,,0
190011019,'1179252',1838,,2721,55,4,,0
190011019,'1179276',2038,,2722,55,4,,0
190011019,'1179307',738,,2723,55,4,,0
190011019,'1179317',1308,,2724,31,4,,0
190011019,'1179332',1138,,2725,56,4,,0
190011019,'1179340',938,,2726,55,4,,0
190011019,'1179367',1808,,2727,55,4,,0
190011019,'1179375',1508,,2728,31,4,,0
190011019,'1179393',1708,,2729,31,4,,0
190011019,'1179394',2238,,2730,55,4,,0
190011019,'1179413',1338,,2732,56,4,,0
190011019,'1179424',2238,,2733,55,4,,0
190011019,'1179426',1438,,2734,56,4,,0
190011019,'1179430',1638,,2735,56,4,,0
190011019,'1179437',1138,,2736,56,4,,0
190011019,'1179438',1638,,2737,56,4,,0
190011019,'1179442',1938,,2738,55,4,,0
190011019,'1179477',838,,2739,55,4,,0
190011019,'1179521',1438,,2740,56,4,,0
190011019,'1179528',1238,,2741,56,4,,0
190011019,'1179530',708,,2742,31,4,,0
190011019,'1179555',2038,,2743,55,4,,0
190011019,'1179572',1238,,2744,56,4,,0
190011019,'1179590',1538,,2745,56,4,,0
190011019,'1179619',1738,,2746,55,4,,0
190011019,'1179642',1038,,2747,55,4,,0
190011019,'1179650',1338,,2748,56,4,,0
190011019,'1179665',638,,2749,34,4,,0
190011019,'1179666',908,,2750,55,4,,0
190011019,'1179672',1408,,2751,31,4,,0
190011019,'1179677',2138,,2752,55,4,,0
190011019,'1179678',1008,,2753,55,4,,0
190011019,'1179688',1738,,2754,55,4,,0
190011019,'1179700',1538,,2755,56,4,,0
190011019,'1179709',1038,,2756,55,4,,0
190013019,'1178916',1706,,2757,61,4,,0
190013019,'1178919',2036,,2758,61,4,,0
190013019,'1178920',1206,,2759,61,4,,0
190013019,'1178929',836,,2760,61,4,,0
190013019,'1178930',1736,,2761,61,4,,0
190013019,'1178972',2036,,2762,61,4,,0
190013019,'1178983',1306,,2763,61,4,,0
190013019,'1178994',2236,,2764,61,4,,0
190013019,'1178997',1236,,2765,61,4,,0
190013019,'1179048',1606,,2766,61,4,,0
190013019,'1179062',1636,,2767,61,4,,0
190013019,'1179074',1406,,2768,61,4,,0
190013019,'1179087',1336,,2769,61,4,,0
190013019,'1179104',1106,,2770,61,4,,0
190013019,'1179187',936,,2772,61,4,,0
190013019,'1179202',1136,,2773,61,4,,0
190013019,'1179203',1036,,2774,61,4,,0
190013019,'1179212',1536,,2775,61,4,,0
190013019,'1179219',1336,,2776,61,4,,0
190013019,'1179243',836,,2777,61,4,,0
190013019,'1179287',2236,,2778,61,4,,0
190013019,'1179292',1136,,2779,61,4,,0
190013019,'1179300',806,,2780,61,4,,0
190013019,'1179354',636,,2781,29,4,,0
190013019,'1179373',1036,,2782,61,4,,0
190013019,'1179380',1436,,2783,61,4,,0
190013019,'1179402',1436,,2784,61,4,,0
190013019,'1179411',1506,,2785,61,4,,0
190013019,'1179457',1936,,2786,61,4,,0
190013019,'1179504',736,,2787,61,4,,0
190013019,'1179507',1006,,2788,61,4,,0
190013019,'1179509',1236,,2789,61,4,,0
190013019,'1179516',1636,,2790,61,4,,0
190013019,'1179531',2136,,2791,61,4,,0
190013019,'1179537',936,,2792,61,4,,0
190013019,'1179539',1836,,2793,61,4,,0
190013019,'1179546',736,,2794,61,4,,0
190013019,'1179553',1936,,2795,61,4,,0
190013019,'1179581',706,,2796,29,4,,0
190013019,'1179591',1736,,2797,61,4,,0
190013019,'1179611',1806,,2798,61,4,,0
190013019,'1179635',1536,,2799,61,4,,0
190013019,'1179694',906,,2800,61,4,,0
190013019,'1179701',2136,,2801,61,4,,0
190013019,'1179717',1836,,2802,61,4,,0
190017019,'1178928',1732,,2851,51,4,,0
190017019,'1178932',1002,,2852,51,4,,0
190017019,'1178967',1502,,2853,18,4,,0
190017019,'1179016',702,,2856,51,4,,0
190017019,'1179076',632,,2858,18,4,,0
190017019,'1179092',732,,2859,51,4,,0
190017019,'1179124',1632,,2860,51,4,,0
190017019,'1179128',1132,,2861,51,4,,0
190017019,'1179151',1932,,2863,51,4,,0
190017019,'1179161',1802,,2864,51,4,,0
190017019,'1179166',1032,,2865,51,4,,0
190017019,'1179196',732,,2866,51,4,,0
190017019,'1179242',1232,,2867,51,4,,0
190017019,'1179273',2132,,2868,51,4,,0
190017019,'1179277',902,,2869,51,4,,0
190017019,'1179293',1332,,2870,51,4,,0
190017019,'1179306',1932,,2871,51,4,,0
190017019,'1179309',1402,,2872,18,4,,0
190017019,'1179327',1532,,2873,51,4,,0
190017019,'1179377',1602,,2874,18,4,,0
190017019,'1179384',1302,,2875,18,4,,0
190017019,'1179385',832,,2876,51,4,,0
190017019,'1179401',2032,,2877,51,4,,0
190017019,'1179427',1332,,2878,51,4,,0
190017019,'1179455',1432,,2879,51,4,,0
190017019,'1179492',1202,,2880,18,4,,0
190017019,'1179519',1832,,2881,51,4,,0
190017019,'1179533',802,,2883,51,4,,0
190017019,'1179565',1102,,2884,18,4,,0
190017019,'1179573',1232,,2885,51,4,,0
190017019,'1179579',1132,,2886,51,4,,0
190017019,'1179599',2132,,2887,51,4,,0
190017019,'1179610',2032,,2888,51,4,,0
190017019,'1179621',932,,2889,51,4,,0
190017019,'1179625',1432,,2890,51,4,,0
190017019,'1179626',1702,,2891,51,4,,0
190017019,'1179631',1832,,2892,51,4,,0
190017019,'1179667',832,,2893,51,4,,0
190017019,'1179680',1632,,2894,51,4,,0
190017019,'1179683',932,,2895,51,4,,0
190017019,'1179686',1532,,2896,51,4,,0
190017019,'1179699',1032,,2897,51,4,,0
190017019,'1179710',1732,,2898,51,4,,0
