150029,'1178980',1058,,2357,3,,,0
150029,'1179059',858,,2358,3,,,0
150029,'1179210',1258,,2359,3,,,0
150029,'1179274',1658,,2360,3,,,0
150029,'1179311',958,,2361,3,,,0
150029,'1179362',1558,,2362,3,,,0
150029,'1179450',1358,,2363,3,,,0
150029,'1179616',1158,,2364,3,,,0
150029,'1179674',1458,,2365,3,,,0
190015019,'1178937',1147,,2803,28,,,0
190015019,'1178958',1017,,2805,28,,,0
190015019,'1178960',1117,,2806,28,,,0
190015019,'1179018',1417,,2808,28,,,0
190015019,'1179054',1317,,2809,28,,,0
190015019,'1179073',1347,,2810,28,,,0
190015019,'1179083',617,,2811,3,,,0
190015019,'1179089',1217,,2812,28,,,0
190015019,'1179095',1717,,2813,28,,,0
190015019,'1179126',1817,,2814,28,,,0
190015019,'1179130',1617,,2815,28,,,0
190015019,'1179152',947,,2816,28,,,0
190015019,'1179169',1017,,2818,28,,,0
190015019,'1179170',817,,2819,28,,,0
190015019,'1179189',817,,2820,28,,,0
190015019,'1179226',1817,,2821,28,,,0
190015019,'1179257',2117,,2823,28,,,0
190015019,'1179260',1717,,2824,28,,,0
190015019,'1179280',1517,,2826,28,,,0
190015019,'1179329',1647,,2827,28,,,0
190015019,'1179378',2017,,2828,28,,,0
190015019,'1179382',1747,,2829,28,,,0
190015019,'1179400',1917,,2830,28,,,0
190015019,'1179414',1517,,2831,28,,,0
190015019,'1179456',1547,,2832,28,,,0
190015019,'1179465',1617,,2833,28,,,0
190015019,'1179466',917,,2834,28,,,0
190015019,'1179468',2017,,2835,28,,,0
190015019,'1179480',1317,,2836,28,,,0
190015019,'1179489',1247,,2837,28,,,0
190015019,'1179491',1117,,2838,28,,,0
190015019,'1179501',1047,,2839,28,,,0
190015019,'1179525',717,,2840,28,,,0
190015019,'1179560',2117,,2841,28,,,0
190015019,'1179563',1417,,2842,28,,,0
190015019,'1179576',1917,,2843,28,,,0
190015019,'1179602',847,,2844,28,,,0
190015019,'1179633',747,,2845,28,,,0
190015019,'1179637',647,,2846,3,,,0
190015019,'1179652',917,,2847,28,,,0
190015019,'1179679',1447,,2848,28,,,0
190015019,'1179703',1217,,2849,28,,,0
190015019,'1179716',717,,2850,28,,,0
