160029,'1178957',905,,2375,15,,,0
160029,'1179098',1405,,2376,15,,,0
160029,'1179137',1605,,2377,15,,,0
160029,'1179301',1205,,2378,15,,,0
160029,'1179398',1305,,2379,15,,,0
160029,'1179410',1705,,2380,15,,,0
160029,'1179543',1105,,2381,15,,,0
160029,'1179558',1005,,2382,15,,,0
160029,'1179623',1505,,2383,15,,,0
216019,'1178924',757,,2403,17,,,0
216019,'1178948',627,,2404,17,,,0
216019,'1178963',2127,,2405,17,,,0
216019,'1178968',1227,,2406,17,,,0
216019,'1179019',1757,,2407,17,,,0
216019,'1179021',1557,,2408,17,,,0
216019,'1179029',1427,,2409,17,,,0
216019,'1179050',1527,,2410,17,,,0
216019,'1179070',1427,,2411,17,,,0
216019,'1179075',1827,,2412,17,,,0
216019,'1179116',730,,2413,18,,,0
216019,'1179123',1327,,2414,17,,,0
216019,'1179160',1730,,2415,18,,,0
216019,'1179179',2027,,2416,17,,,0
216019,'1179181',1127,,2417,17,,,0
216019,'1179199',927,,2418,17,,,0
216019,'1179206',1527,,2419,17,,,0
216019,'1179328',1027,,2420,17,,,0
216019,'1179338',1227,,2421,17,,,0
216019,'1179345',827,,2422,17,,,0
216019,'1179368',1700,,2423,18,,,0
216019,'1179369',1027,,2424,17,,,0
216019,'1179374',1630,,2425,18,,,0
216019,'1179421',1827,,2426,17,,,0
216019,'1179431',1127,,2427,17,,,0
216019,'1179458',1927,,2428,17,,,0
216019,'1179488',727,,2429,17,,,0
216019,'1179523',1327,,2430,17,,,0
216019,'1179574',2027,,2431,17,,,0
216019,'1179582',1927,,2432,17,,,0
216019,'1179605',857,,2433,17,,,0
216019,'1179647',1727,,2434,17,,,0
216019,'1179669',827,,2435,17,,,0
216019,'1179695',2127,,2436,17,,,0
216019,'1179712',700,,2437,18,,,0
216019,'1179714',927,,2438,17,,,0
216019,'1179719',1627,,2439,17,,,0
