110019,'1178947',933,,2239,2,,,0
110019,'1178964',1433,,2240,2,,,0
110019,'1178973',1733,,2241,2,,,0
110019,'1179028',1533,,2242,2,,,0
110019,'1179105',1633,,2243,2,,,0
110019,'1179114',1033,,2244,2,,,0
110019,'1179176',1233,,2245,2,,,0
110019,'1179184',1333,,2246,2,,,0
110019,'1179290',1133,,2247,2,,,0
150019,'1178942',1736,,2348,2,,,0
150019,'1178956',1336,,2349,2,,,0
150019,'1178976',1636,,2350,2,,,0
150019,'1179117',1236,,2351,2,,,0
150019,'1179150',1536,,2352,2,,,0
150019,'1179341',936,,2353,2,,,0
150019,'1179473',1136,,2354,2,,,0
150019,'1179559',1436,,2355,2,,,0
150019,'1179673',1036,,2356,2,,,0
200019,'1179038',1434,,2384,2,,,0
200019,'1179081',1634,,2385,2,,,0
200019,'1179174',934,,2386,2,,,0
200019,'1179259',1134,,2387,2,,,0
200019,'1179289',1534,,2388,2,,,0
200019,'1179460',1734,,2389,2,,,0
200019,'1179585',1034,,2390,2,,,0
200019,'1179594',1334,,2391,2,,,0
200019,'1179655',1234,,2392,2,,,0
140010019,'1178914',1113,,2522,4,0,8 21,0
140010019,'1178921',1443,,2523,4,,,0
140010019,'1178922',943,,2524,4,,,0
140010019,'1178936',713,,2525,4,,,0
140010019,'1178946',2243,,2526,4,0,8 21,0
140010019,'1178979',1043,,2527,4,,,0
140010019,'1179012',743,,2528,4,,,0
140010019,'1179037',1943,,2529,4,,,0
140010019,'1179103',1543,,2530,4,,,0
140010019,'1179122',1313,,2531,4,0,8 21,0
140010019,'1179131',1143,,2532,4,,,0
140010019,'1179140',2143,,2533,4,,,0
140010019,'1179147',913,,2534,4,0,8 21,0
140010019,'1179157',643,,2535,4,,,0
140010019,'1179167',1043,,2536,4,,,0
140010019,'1179178',1743,,2537,4,,,0
140010019,'1179180',2143,,2538,4,,,0
140010019,'1179188',1443,,2539,4,,,0
140010019,'1179217',1943,,2540,4,,,0
140010019,'1179232',1513,,2541,4,0,8 21,0
140010019,'1179251',1613,,2542,4,,,0
140010019,'1179253',813,,2543,4,,,0
140010019,'1179268',1713,,2544,4,,,0
140010019,'1179270',1643,,2545,4,,,0
140010019,'1179336',843,,2547,4,,,0
140010019,'1179347',743,,2548,4,,,0
140010019,'1179361',2043,,2549,4,,,0
140010019,'1179396',2043,,2550,4,,,0
140010019,'1179408',2243,,2551,4,0,8 21,0
140010019,'1179415',1143,,2552,4,,,0
140010019,'1179445',1343,,2553,4,,,0
140010019,'1179452',1743,,2554,4,,,0
140010019,'1179453',1343,,2555,4,,,0
140010019,'1179479',1243,,2556,4,,,0
140010019,'1179483',1213,,2557,4,0,8 21,0
140010019,'1179494',1643,,2558,4,,,0
140010019,'1179496',1543,,2559,4,,,0
140010019,'1179498',1413,,2560,4,0,8 21,0
140010019,'1179544',1843,,2561,4,,,0
140010019,'1179548',1013,,2562,4,0,8 21,0
140010019,'1179613',1843,,2563,4,,,0
140010019,'1179620',843,,2564,4,,,0
140010019,'1179629',1813,,2565,4,0,8 21,0
140010019,'1179659',1243,,2566,4,,,0
140010019,'1179692',943,,2567,4,,,0
140016019,'1178912',1648,,2661,4,,,0
140016019,'1178941',748,,2662,4,,,0
140016019,'1179017',1218,,2664,4,0,8 21,0
140016019,'1179051',2148,,2665,4,,,0
140016019,'1179077',1718,,2667,4,,,0
140016019,'1179112',1848,,2668,4,,,0
140016019,'1179129',1148,,2669,4,,,0
140016019,'1179136',1448,,2670,4,,,0
140016019,'1179158',1248,,2671,4,,,0
140016019,'1179191',848,,2672,4,,,0
140016019,'1179213',948,,2673,4,,,0
140016019,'1179234',1348,,2675,4,,,0
140016019,'1179254',1118,,2676,4,0,8 21,0
140016019,'1179256',818,,2677,4,,,0
140016019,'1179267',748,,2678,4,,,0
140016019,'1179284',1848,,2679,4,,,0
140016019,'1179299',2148,,2681,4,,,0
140016019,'1179304',1248,,2682,4,,,0
140016019,'1179312',1548,,2683,4,,,0
140016019,'1179318',1748,,2684,4,,,0
140016019,'1179330',1948,,2685,4,,,0
140016019,'1179333',1348,,2686,4,,,0
140016019,'1179351',918,,2687,4,0,8 21,0
140016019,'1179357',1048,,2688,4,,,0
140016019,'1179371',1448,,2689,4,,,0
140016019,'1179389',1618,,2690,4,,,0
140016019,'1179416',1548,,2691,4,,,0
140016019,'1179464',2048,,2693,4,,,0
140016019,'1179475',848,,2694,4,,,0
140016019,'1179481',1648,,2695,4,,,0
140016019,'1179503',1418,,2696,4,0,8 21,0
140016019,'1179517',1518,,2697,4,,,0
140016019,'1179520',1948,,2698,4,,,0
140016019,'1179536',718,,2699,4,,,0
140016019,'1179538',648,,2700,4,,,0
140016019,'1179562',1318,,2701,4,0,8 21,0
140016019,'1179569',1818,,2702,4,0,8 21,0
140016019,'1179601',2048,,2703,4,,,0
140016019,'1179604',1048,,2704,4,,,0
140016019,'1179627',1148,,2705,4,,,0
140016019,'1179663',948,,2706,4,,,0
140016019,'1179681',1018,,2707,4,0,8 21,0
140016019,'1179687',1748,,2708,4,,,0
