110019,'1178947',938,,2239,12,,,0
110019,'1178964',1438,,2240,12,,,0
110019,'1178973',1738,,2241,12,,,0
110019,'1179028',1538,,2242,12,,,0
110019,'1179105',1638,,2243,12,,,0
110019,'1179114',1038,,2244,12,,,0
110019,'1179176',1238,,2245,12,,,0
110019,'1179184',1338,,2246,12,,,0
110019,'1179290',1138,,2247,12,,,0
160029,'1178957',900,,2375,7,,,0
160029,'1179098',1400,,2376,7,,,0
160029,'1179137',1600,,2377,7,,,0
160029,'1179301',1200,,2378,7,,,0
160029,'1179398',1300,,2379,7,,,0
160029,'1179410',1700,,2380,7,,,0
160029,'1179543',1100,,2381,7,,,0
160029,'1179558',1000,,2382,7,,,0
160029,'1179623',1500,,2383,7,,,0
216019,'1178924',750,,2403,7,,,0
216019,'1178948',620,,2404,7,,,0
216019,'1178963',2120,,2405,7,,,0
216019,'1178968',1220,,2406,7,,,0
216019,'1179019',1750,,2407,7,,,0
216019,'1179021',1550,,2408,7,,,0
216019,'1179029',1420,,2409,7,,,0
216019,'1179050',1520,,2410,7,,,0
216019,'1179070',1420,,2411,7,,,0
216019,'1179075',1820,,2412,7,,,0
216019,'1179116',720,,2413,7,,,0
216019,'1179123',1320,,2414,7,,,0
216019,'1179160',1720,,2415,7,,,0
216019,'1179179',2020,,2416,7,,,0
216019,'1179181',1120,,2417,7,,,0
216019,'1179199',920,,2418,7,,,0
216019,'1179206',1520,,2419,7,,,0
216019,'1179328',1020,,2420,7,,,0
216019,'1179338',1220,,2421,7,,,0
216019,'1179345',820,,2422,7,,,0
216019,'1179368',1650,,2423,7,,,0
216019,'1179369',1020,,2424,7,,,0
216019,'1179374',1620,,2425,7,,,0
216019,'1179421',1820,,2426,7,,,0
216019,'1179431',1120,,2427,7,,,0
216019,'1179458',1920,,2428,7,,,0
216019,'1179488',720,,2429,7,,,0
216019,'1179523',1320,,2430,7,,,0
216019,'1179574',2020,,2431,7,,,0
216019,'1179582',1920,,2432,7,,,0
216019,'1179605',850,,2433,7,,,0
216019,'1179647',1720,,2434,7,,,0
216019,'1179669',820,,2435,7,,,0
216019,'1179695',2120,,2436,7,,,0
216019,'1179712',650,,2437,7,,,0
216019,'1179714',920,,2438,7,,,0
216019,'1179719',1620,,2439,7,,,0
140010019,'1178914',1119,,2522,14,0,8 21,0
140010019,'1178921',1449,,2523,14,,,0
140010019,'1178922',948,,2524,14,,,0
140010019,'1178936',719,,2525,14,,,0
140010019,'1178946',2249,,2526,14,0,8 21,0
140010019,'1178979',1048,,2527,14,,,0
140010019,'1179012',748,,2528,14,,,0
140010019,'1179037',1949,,2529,14,,,0
140010019,'1179103',1548,,2530,14,,,0
140010019,'1179122',1319,,2531,14,0,8 21,0
140010019,'1179131',1149,,2532,14,,,0
140010019,'1179140',2149,,2533,14,,,0
140010019,'1179147',919,,2534,14,0,8 21,0
140010019,'1179157',649,,2535,14,,,0
140010019,'1179167',1049,,2536,14,,,0
140010019,'1179178',1748,,2537,14,,,0
140010019,'1179180',2148,,2538,14,,,0
140010019,'1179188',1448,,2539,14,,,0
140010019,'1179217',1948,,2540,14,,,0
140010019,'1179232',1519,,2541,14,0,8 21,0
140010019,'1179251',1619,,2542,14,,,0
140010019,'1179253',819,,2543,14,,,0
140010019,'1179268',1719,,2544,14,,,0
140010019,'1179270',1648,,2545,14,,,0
140010019,'1179336',849,,2547,14,,,0
140010019,'1179347',749,,2548,14,,,0
140010019,'1179361',2049,,2549,14,,,0
140010019,'1179396',2048,,2550,14,,,0
140010019,'1179408',2248,,2551,14,0,8 21,0
140010019,'1179415',1148,,2552,14,,,0
140010019,'1179445',1349,,2553,14,,,0
140010019,'1179452',1749,,2554,14,,,0
140010019,'1179453',1348,,2555,14,,,0
140010019,'1179479',1249,,2556,14,,,0
140010019,'1179483',1219,,2557,14,0,8 21,0
140010019,'1179494',1649,,2558,14,,,0
140010019,'1179496',1549,,2559,14,,,0
140010019,'1179498',1419,,2560,14,0,8 21,0
140010019,'1179544',1849,,2561,14,,,0
140010019,'1179548',1019,,2562,14,0,8 21,0
140010019,'1179613',1848,,2563,14,,,0
140010019,'1179620',848,,2564,14,,,0
140010019,'1179629',1819,,2565,14,0,8 21,0
140010019,'1179659',1248,,2566,14,,,0
140010019,'1179692',949,,2567,14,,,0
