160029,'1178957',856,,2375,2,,,0
160029,'1179098',1356,,2376,2,,,0
160029,'1179137',1556,,2377,2,,,0
160029,'1179301',1156,,2378,2,,,0
160029,'1179398',1256,,2379,2,,,0
160029,'1179410',1656,,2380,2,,,0
160029,'1179543',1056,,2381,2,,,0
160029,'1179558',956,,2382,2,,,0
160029,'1179623',1456,,2383,2,,,0
216019,'1178924',746,,2403,2,,,0
216019,'1178948',616,,2404,2,,,0
216019,'1178963',2116,,2405,2,,,0
216019,'1178968',1216,,2406,2,,,0
216019,'1179019',1746,,2407,2,,,0
216019,'1179021',1546,,2408,2,,,0
216019,'1179029',1416,,2409,2,,,0
216019,'1179050',1516,,2410,2,,,0
216019,'1179070',1416,,2411,2,,,0
216019,'1179075',1816,,2412,2,,,0
216019,'1179116',716,,2413,2,,,0
216019,'1179123',1316,,2414,2,,,0
216019,'1179160',1716,,2415,2,,,0
216019,'1179179',2016,,2416,2,,,0
216019,'1179181',1116,,2417,2,,,0
216019,'1179199',916,,2418,2,,,0
216019,'1179206',1516,,2419,2,,,0
216019,'1179328',1016,,2420,2,,,0
216019,'1179338',1216,,2421,2,,,0
216019,'1179345',816,,2422,2,,,0
216019,'1179368',1646,,2423,2,,,0
216019,'1179369',1016,,2424,2,,,0
216019,'1179374',1616,,2425,2,,,0
216019,'1179421',1816,,2426,2,,,0
216019,'1179431',1116,,2427,2,,,0
216019,'1179458',1916,,2428,2,,,0
216019,'1179488',716,,2429,2,,,0
216019,'1179523',1316,,2430,2,,,0
216019,'1179574',2016,,2431,2,,,0
216019,'1179582',1916,,2432,2,,,0
216019,'1179605',846,,2433,2,,,0
216019,'1179647',1716,,2434,2,,,0
216019,'1179669',816,,2435,2,,,0
216019,'1179695',2116,,2436,2,,,0
216019,'1179712',646,,2437,2,,,0
216019,'1179714',916,,2438,2,,,0
216019,'1179719',1616,,2439,2,,,0
