140014019,'1178954',1620,,2614,26,,,0
140014019,'1178955',1150,,2615,26,,,0
140014019,'1178974',1020,,2616,26,,,0
140014019,'1179007',1820,,2617,26,,,0
140014019,'1179027',1520,,2618,26,,,0
140014019,'1179052',820,,2619,26,,,0
140014019,'1179079',750,,2620,26,,,0
140014019,'1179080',1520,,2621,26,,,0
140014019,'1179082',850,,2622,26,,,0
140014019,'1179084',720,,2623,26,,,0
140014019,'1179111',2220,,2624,26,,,0
140014019,'1179143',820,,2625,26,,,0
140014019,'1179200',1250,,2626,26,,,0
140014019,'1179207',1750,,2627,26,,,0
140014019,'1179221',1420,,2628,26,,,0
140014019,'1179271',1220,,2629,26,,,0
140014019,'1179298',1720,,2630,26,,,0
140014019,'1179320',1450,,2631,26,,,0
140014019,'1179323',1020,,2632,26,,,0
140014019,'1179350',920,,2634,26,,,0
140014019,'1179353',1820,,2635,26,,,0
140014019,'1179366',2020,,2636,26,,,0
140014019,'1179392',1620,,2637,26,,,0
140014019,'1179403',1920,,2638,26,,,0
140014019,'1179417',720,,2639,5,,,0
140014019,'1179433',1420,,2640,26,,,0
140014019,'1179443',950,,2641,26,,,0
140014019,'1179446',1220,,2642,26,,,0
140014019,'1179449',1050,,2643,26,,,0
140014019,'1179493',1120,,2644,26,,,0
140014019,'1179524',1720,,2646,26,,,0
140014019,'1179535',1350,,2647,26,,,0
140014019,'1179547',1320,,2648,26,,,0
140014019,'1179550',650,,2649,5,,,0
140014019,'1179561',1550,,2651,26,,,0
140014019,'1179577',1320,,2652,26,,,0
140014019,'1179598',2120,,2653,26,,,0
140014019,'1179600',2220,,2654,26,,,0
140014019,'1179608',1920,,2655,26,,,0
140014019,'1179636',1650,,2656,26,,,0
140014019,'1179638',920,,2657,26,,,0
140014019,'1179648',2020,,2658,26,,,0
140014019,'1179654',2120,,2659,26,,,0
140014019,'1179662',1120,,2660,26,,,0
