200029,'1178971',1101,,2393,18,,,0
200029,'1179034',1701,,2394,18,,,0
200029,'1179043',1301,,2395,18,,,0
200029,'1179091',1501,,2396,18,,,0
200029,'1179144',901,,2397,8,,,0
200029,'1179198',1201,,2398,18,,,0
200029,'1179283',1401,,2400,18,,,0
200029,'1179383',1601,,2401,18,,,0
200029,'1179689',1001,,2402,18,,,0
190017019,'1178928',1721,,2851,40,,,0
190017019,'1178932',951,,2852,40,,,0
190017019,'1178967',1451,,2853,7,,,0
190017019,'1179016',651,,2856,40,,,0
190017019,'1179076',621,,2858,7,,,0
190017019,'1179092',721,,2859,40,,,0
190017019,'1179124',1621,,2860,40,,,0
190017019,'1179128',1121,,2861,40,,,0
190017019,'1179151',1921,,2863,40,,,0
190017019,'1179161',1751,,2864,40,,,0
190017019,'1179166',1021,,2865,40,,,0
190017019,'1179196',721,,2866,40,,,0
190017019,'1179242',1221,,2867,40,,,0
190017019,'1179273',2121,,2868,40,,,0
190017019,'1179277',851,,2869,40,,,0
190017019,'1179293',1321,,2870,40,,,0
190017019,'1179306',1921,,2871,40,,,0
190017019,'1179309',1351,,2872,7,,,0
190017019,'1179327',1521,,2873,40,,,0
190017019,'1179377',1551,,2874,7,,,0
190017019,'1179384',1251,,2875,7,,,0
190017019,'1179385',821,,2876,40,,,0
190017019,'1179401',2021,,2877,40,,,0
190017019,'1179427',1321,,2878,40,,,0
190017019,'1179455',1421,,2879,40,,,0
190017019,'1179492',1151,,2880,7,,,0
190017019,'1179519',1821,,2881,40,,,0
190017019,'1179533',751,,2883,40,,,0
190017019,'1179565',1051,,2884,7,,,0
190017019,'1179573',1221,,2885,40,,,0
190017019,'1179579',1121,,2886,40,,,0
190017019,'1179599',2121,,2887,40,,,0
190017019,'1179610',2021,,2888,40,,,0
190017019,'1179621',921,,2889,40,,,0
190017019,'1179625',1421,,2890,40,,,0
190017019,'1179626',1651,,2891,40,,,0
190017019,'1179631',1821,,2892,40,,,0
190017019,'1179667',821,,2893,40,,,0
190017019,'1179680',1621,,2894,40,,,0
190017019,'1179683',921,,2895,40,,,0
190017019,'1179686',1521,,2896,40,,,0
190017019,'1179699',1021,,2897,40,,,0
190017019,'1179710',1721,,2898,40,,,0
