140019,'1178969',1346,,2330,31,,,0
140019,'1178977',1546,,2331,31,,,0
140019,'1179164',1646,,2332,31,,,0
140019,'1179344',1446,,2333,31,,,0
140019,'1179352',946,,2334,31,,,0
140019,'1179462',1246,,2335,31,,,0
140019,'1179512',1146,,2336,31,,,0
140019,'1179518',1046,,2337,31,,,0
140019,'1179634',1759,,2338,31,,,0
140014019,'1178954',1629,,2614,38,,,0
140014019,'1178955',1159,,2615,38,,,0
140014019,'1178974',1029,,2616,38,,,0
140014019,'1179007',1827,,2617,38,,,0
140014019,'1179027',1529,,2618,38,,,0
140014019,'1179052',827,,2619,38,,,0
140014019,'1179079',759,,2620,38,,,0
140014019,'1179080',1527,,2621,38,,,0
140014019,'1179082',859,,2622,38,,,0
140014019,'1179084',729,,2623,38,,,0
140014019,'1179111',2229,,2624,38,,,0
140014019,'1179143',829,,2625,38,,,0
140014019,'1179200',1259,,2626,38,,,0
140014019,'1179207',1759,,2627,38,,,0
140014019,'1179221',1427,,2628,38,,,0
140014019,'1179271',1229,,2629,38,,,0
140014019,'1179298',1727,,2630,38,,,0
140014019,'1179320',1459,,2631,38,,,0
140014019,'1179323',1027,,2632,38,,,0
140014019,'1179337',627,,2633,10,,,0
140014019,'1179350',927,,2634,38,,,0
140014019,'1179353',1829,,2635,38,,,0
140014019,'1179366',2027,,2636,38,,,0
140014019,'1179392',1627,,2637,38,,,0
140014019,'1179403',1929,,2638,38,,,0
140014019,'1179417',727,,2639,17,,,0
140014019,'1179433',1429,,2640,38,,,0
140014019,'1179443',959,,2641,38,,,0
140014019,'1179446',1227,,2642,38,,,0
140014019,'1179449',1059,,2643,38,,,0
140014019,'1179493',1129,,2644,38,,,0
140014019,'1179513',629,,2645,10,,,0
140014019,'1179524',1729,,2646,38,,,0
140014019,'1179535',1359,,2647,38,,,0
140014019,'1179547',1327,,2648,38,,,0
140014019,'1179550',659,,2649,17,,,0
140014019,'1179561',1559,,2651,38,,,0
140014019,'1179577',1329,,2652,38,,,0
140014019,'1179598',2129,,2653,38,,,0
140014019,'1179600',2227,,2654,38,,,0
140014019,'1179608',1927,,2655,38,,,0
140014019,'1179636',1659,,2656,38,,,0
140014019,'1179638',929,,2657,38,,,0
140014019,'1179648',2029,,2658,38,,,0
140014019,'1179654',2127,,2659,38,,,0
140014019,'1179662',1127,,2660,38,,,0
