140019,'1178969',1327,,2330,18,,,0
140019,'1178977',1527,,2331,18,,,0
140019,'1179164',1627,,2332,18,,,0
140019,'1179344',1427,,2333,18,,,0
140019,'1179352',927,,2334,18,,,0
140019,'1179462',1227,,2335,18,,,0
140019,'1179512',1127,,2336,18,,,0
140019,'1179518',1027,,2337,18,,,0
140019,'1179634',1727,,2338,18,,,0
190013019,'1178916',1626,,2757,22,,,0
190013019,'1178919',1956,,2758,22,,,0
190013019,'1178920',1126,,2759,22,,,0
190013019,'1178929',756,,2760,22,,,0
190013019,'1178930',1656,,2761,22,,,0
190013019,'1178972',1956,,2762,22,,,0
190013019,'1178983',1226,,2763,22,,,0
190013019,'1178994',2156,,2764,22,,,0
190013019,'1178997',1156,,2765,22,,,0
190013019,'1179048',1526,,2766,22,,,0
190013019,'1179062',1556,,2767,22,,,0
190013019,'1179074',1326,,2768,22,,,0
190013019,'1179087',1256,,2769,22,,,0
190013019,'1179104',1026,,2770,22,,,0
190013019,'1179171',1826,,2771,22,0,8 21,0
190013019,'1179187',856,,2772,22,,,0
190013019,'1179202',1056,,2773,22,,,0
190013019,'1179203',956,,2774,22,,,0
190013019,'1179212',1456,,2775,22,,,0
190013019,'1179219',1256,,2776,22,,,0
190013019,'1179243',756,,2777,22,,,0
190013019,'1179287',2156,,2778,22,,,0
190013019,'1179292',1056,,2779,22,,,0
190013019,'1179300',726,,2780,22,,,0
190013019,'1179373',956,,2782,22,,,0
190013019,'1179380',1356,,2783,22,,,0
190013019,'1179402',1356,,2784,22,,,0
190013019,'1179411',1426,,2785,22,,,0
190013019,'1179457',1856,,2786,22,,,0
190013019,'1179504',656,,2787,22,,,0
190013019,'1179507',926,,2788,22,,,0
190013019,'1179509',1156,,2789,22,,,0
190013019,'1179516',1556,,2790,22,,,0
190013019,'1179531',2056,,2791,22,,,0
190013019,'1179537',856,,2792,22,,,0
190013019,'1179539',1756,,2793,22,,,0
190013019,'1179546',656,,2794,22,,,0
190013019,'1179553',1856,,2795,22,,,0
190013019,'1179591',1656,,2797,22,,,0
190013019,'1179611',1726,,2798,22,,,0
190013019,'1179635',1456,,2799,22,,,0
190013019,'1179694',826,,2800,22,,,0
190013019,'1179701',2056,,2801,22,,,0
190013019,'1179717',1756,,2802,22,,,0
