120029,'1179032',1529,,2303,24,,,0
120029,'1179055',1329,,2304,24,,,0
120029,'1179056',1629,,2305,24,,,0
120029,'1179099',1729,,2306,24,,,0
120029,'1179153',929,,2307,24,,,0
120029,'1179222',1429,,2308,24,,,0
120029,'1179429',1129,,2309,24,,,0
120029,'1179447',1029,,2310,24,,,0
120029,'1179575',1229,,2311,24,,,0
190017019,'1178928',1656,,2851,25,,,0
190017019,'1178932',926,,2852,25,,,0
190017019,'1179000',2156,,2854,25,0,8 21,0
190017019,'1179014',1826,,2855,25,0,8 21,0
190017019,'1179016',626,,2856,25,,,0
190017019,'1179057',2256,,2857,25,0,8 21,0
190017019,'1179092',656,,2859,25,,,0
190017019,'1179124',1556,,2860,25,,,0
190017019,'1179128',1056,,2861,25,,,0
190017019,'1179133',2156,,2862,25,0,8 21,0
190017019,'1179151',1856,,2863,25,,,0
190017019,'1179161',1726,,2864,25,,,0
190017019,'1179166',956,,2865,25,,,0
190017019,'1179196',656,,2866,25,,,0
190017019,'1179242',1156,,2867,25,,,0
190017019,'1179273',2056,,2868,25,,,0
190017019,'1179277',826,,2869,25,,,0
190017019,'1179293',1256,,2870,25,,,0
190017019,'1179306',1856,,2871,25,,,0
190017019,'1179327',1456,,2873,25,,,0
190017019,'1179385',756,,2876,25,,,0
190017019,'1179401',1956,,2877,25,,,0
190017019,'1179427',1256,,2878,25,,,0
190017019,'1179455',1356,,2879,25,,,0
190017019,'1179519',1756,,2881,25,,,0
190017019,'1179529',2256,,2882,25,0,8 21,0
190017019,'1179533',726,,2883,25,,,0
190017019,'1179573',1156,,2885,25,,,0
190017019,'1179579',1056,,2886,25,,,0
190017019,'1179599',2056,,2887,25,,,0
190017019,'1179610',1956,,2888,25,,,0
190017019,'1179621',856,,2889,25,,,0
190017019,'1179625',1356,,2890,25,,,0
190017019,'1179626',1626,,2891,25,,,0
190017019,'1179631',1756,,2892,25,,,0
190017019,'1179667',756,,2893,25,,,0
190017019,'1179680',1556,,2894,25,,,0
190017019,'1179683',856,,2895,25,,,0
190017019,'1179686',1456,,2896,25,,,0
190017019,'1179699',956,,2897,25,,,0
190017019,'1179710',1656,,2898,25,,,0
