120029,'1179032',1528,,2303,20,,,0
120029,'1179055',1328,,2304,20,,,0
120029,'1179056',1628,,2305,20,,,0
120029,'1179099',1728,,2306,20,,,0
120029,'1179153',928,,2307,20,,,0
120029,'1179222',1428,,2308,20,,,0
120029,'1179429',1128,,2309,20,,,0
120029,'1179447',1028,,2310,20,,,0
120029,'1179575',1228,,2311,20,,,0
190017019,'1178928',1654,,2851,21,,,0
190017019,'1178932',924,,2852,21,,,0
190017019,'1179000',2154,,2854,21,0,8 21,0
190017019,'1179014',1824,,2855,21,0,8 21,0
190017019,'1179016',624,,2856,21,,,0
190017019,'1179057',2254,,2857,21,0,8 21,0
190017019,'1179092',654,,2859,21,,,0
190017019,'1179124',1554,,2860,21,,,0
190017019,'1179128',1054,,2861,21,,,0
190017019,'1179133',2154,,2862,21,0,8 21,0
190017019,'1179151',1854,,2863,21,,,0
190017019,'1179161',1724,,2864,21,,,0
190017019,'1179166',954,,2865,21,,,0
190017019,'1179196',654,,2866,21,,,0
190017019,'1179242',1154,,2867,21,,,0
190017019,'1179273',2054,,2868,21,,,0
190017019,'1179277',824,,2869,21,,,0
190017019,'1179293',1254,,2870,21,,,0
190017019,'1179306',1854,,2871,21,,,0
190017019,'1179327',1454,,2873,21,,,0
190017019,'1179385',754,,2876,21,,,0
190017019,'1179401',1954,,2877,21,,,0
190017019,'1179427',1254,,2878,21,,,0
190017019,'1179455',1354,,2879,21,,,0
190017019,'1179519',1754,,2881,21,,,0
190017019,'1179529',2254,,2882,21,0,8 21,0
190017019,'1179533',724,,2883,21,,,0
190017019,'1179573',1154,,2885,21,,,0
190017019,'1179579',1054,,2886,21,,,0
190017019,'1179599',2054,,2887,21,,,0
190017019,'1179610',1954,,2888,21,,,0
190017019,'1179621',854,,2889,21,,,0
190017019,'1179625',1354,,2890,21,,,0
190017019,'1179626',1624,,2891,21,,,0
190017019,'1179631',1754,,2892,21,,,0
190017019,'1179667',754,,2893,21,,,0
190017019,'1179680',1554,,2894,21,,,0
190017019,'1179683',854,,2895,21,,,0
190017019,'1179686',1454,,2896,21,,,0
190017019,'1179699',954,,2897,21,,,0
190017019,'1179710',1654,,2898,21,,,0
