110029,'1178926',1304,,2248,16,,,0
110029,'1179044',904,,2249,16,,,0
110029,'1179118',1104,,2250,16,,,0
110029,'1179173',1204,,2251,16,,,0
110029,'1179459',1704,,2252,16,,,0
110029,'1179534',1404,,2253,16,,,0
110029,'1179542',1604,,2254,16,,,0
110029,'1179690',1004,,2255,16,,,0
110029,'1179707',1504,,2256,16,,,0
190011019,'1178945',1556,,2709,16,,,0
190011019,'1178950',756,,2710,40,,,0
190011019,'1178970',1926,,2711,40,,,0
190011019,'1179040',2126,,2713,40,,,0
190011019,'1179064',1056,,2714,16,,,0
190011019,'1179145',926,,2715,40,,,0
190011019,'1179146',1156,,2716,16,,,0
190011019,'1179159',1826,,2717,40,,,0
190011019,'1179163',826,,2719,40,,,0
190011019,'1179248',726,,2720,40,,,0
190011019,'1179252',1826,,2721,40,,,0
190011019,'1179276',2026,,2722,40,,,0
190011019,'1179307',726,,2723,40,,,0
190011019,'1179317',1256,,2724,16,,,0
190011019,'1179332',1126,,2725,41,,,0
190011019,'1179340',926,,2726,40,,,0
190011019,'1179367',1756,,2727,40,,,0
190011019,'1179375',1456,,2728,16,,,0
190011019,'1179393',1656,,2729,16,,,0
190011019,'1179394',2226,,2730,40,,,0
190011019,'1179413',1326,,2732,41,,,0
190011019,'1179424',2226,,2733,40,,,0
190011019,'1179426',1426,,2734,41,,,0
190011019,'1179430',1626,,2735,41,,,0
190011019,'1179437',1126,,2736,41,,,0
190011019,'1179438',1626,,2737,41,,,0
190011019,'1179442',1926,,2738,40,,,0
190011019,'1179477',826,,2739,40,,,0
190011019,'1179521',1426,,2740,41,,,0
190011019,'1179528',1226,,2741,41,,,0
190011019,'1179530',656,,2742,16,,,0
190011019,'1179555',2026,,2743,40,,,0
190011019,'1179572',1226,,2744,41,,,0
190011019,'1179590',1526,,2745,41,,,0
190011019,'1179619',1726,,2746,40,,,0
190011019,'1179642',1026,,2747,40,,,0
190011019,'1179650',1326,,2748,41,,,0
190011019,'1179665',626,,2749,19,,,0
190011019,'1179666',856,,2750,40,,,0
190011019,'1179672',1356,,2751,16,,,0
190011019,'1179677',2126,,2752,40,,,0
190011019,'1179678',956,,2753,40,,,0
190011019,'1179688',1726,,2754,40,,,0
190011019,'1179700',1526,,2755,41,,,0
190011019,'1179709',1026,,2756,40,,,0
