150029,'1178980',1103,,2357,8,,,0
150029,'1179059',903,,2358,8,,,0
150029,'1179210',1303,,2359,8,,,0
150029,'1179274',1703,,2360,8,,,0
150029,'1179311',1003,,2361,8,,,0
150029,'1179362',1603,,2362,8,,,0
150029,'1179450',1403,,2363,8,,,0
150029,'1179616',1203,,2364,8,,,0
150029,'1179674',1503,,2365,8,,,0
190015019,'1178937',1150,,2803,33,,,0
190015019,'1178958',1020,,2805,33,,,0
190015019,'1178960',1120,,2806,33,,,0
190015019,'1179018',1420,,2808,33,,,0
190015019,'1179054',1320,,2809,33,,,0
190015019,'1179073',1350,,2810,33,,,0
190015019,'1179083',620,,2811,8,,,0
190015019,'1179089',1220,,2812,33,,,0
190015019,'1179095',1720,,2813,33,,,0
190015019,'1179126',1820,,2814,33,,,0
190015019,'1179130',1620,,2815,33,,,0
190015019,'1179152',950,,2816,33,,,0
190015019,'1179169',1020,,2818,33,,,0
190015019,'1179170',820,,2819,33,,,0
190015019,'1179189',820,,2820,33,,,0
190015019,'1179226',1820,,2821,33,,,0
190015019,'1179257',2120,,2823,33,,,0
190015019,'1179260',1720,,2824,33,,,0
190015019,'1179280',1520,,2826,33,,,0
190015019,'1179329',1650,,2827,33,,,0
190015019,'1179378',2020,,2828,33,,,0
190015019,'1179382',1750,,2829,33,,,0
190015019,'1179400',1920,,2830,33,,,0
190015019,'1179414',1520,,2831,33,,,0
190015019,'1179456',1550,,2832,33,,,0
190015019,'1179465',1620,,2833,33,,,0
190015019,'1179466',920,,2834,33,,,0
190015019,'1179468',2020,,2835,33,,,0
190015019,'1179480',1320,,2836,33,,,0
190015019,'1179489',1250,,2837,33,,,0
190015019,'1179491',1120,,2838,33,,,0
190015019,'1179501',1050,,2839,33,,,0
190015019,'1179525',720,,2840,33,,,0
190015019,'1179560',2120,,2841,33,,,0
190015019,'1179563',1420,,2842,33,,,0
190015019,'1179576',1920,,2843,33,,,0
190015019,'1179602',850,,2844,33,,,0
190015019,'1179633',750,,2845,33,,,0
190015019,'1179637',650,,2846,8,,,0
190015019,'1179652',920,,2847,33,,,0
190015019,'1179679',1450,,2848,33,,,0
190015019,'1179703',1220,,2849,33,,,0
190015019,'1179716',720,,2850,33,,,0
