140019,'1178969',1326,,2330,15,,,0
140019,'1178977',1526,,2331,15,,,0
140019,'1179164',1626,,2332,15,,,0
140019,'1179344',1426,,2333,15,,,0
140019,'1179352',926,,2334,15,,,0
140019,'1179462',1226,,2335,15,,,0
140019,'1179512',1126,,2336,15,,,0
140019,'1179518',1026,,2337,15,,,0
140019,'1179634',1726,,2338,15,,,0
190013019,'1178916',1624,,2757,19,,,0
190013019,'1178919',1954,,2758,19,,,0
190013019,'1178920',1124,,2759,19,,,0
190013019,'1178929',754,,2760,19,,,0
190013019,'1178930',1654,,2761,19,,,0
190013019,'1178972',1954,,2762,19,,,0
190013019,'1178983',1224,,2763,19,,,0
190013019,'1178994',2154,,2764,19,,,0
190013019,'1178997',1154,,2765,19,,,0
190013019,'1179048',1524,,2766,19,,,0
190013019,'1179062',1554,,2767,19,,,0
190013019,'1179074',1324,,2768,19,,,0
190013019,'1179087',1254,,2769,19,,,0
190013019,'1179104',1024,,2770,19,,,0
190013019,'1179171',1824,,2771,19,0,8 21,0
190013019,'1179187',854,,2772,19,,,0
190013019,'1179202',1054,,2773,19,,,0
190013019,'1179203',954,,2774,19,,,0
190013019,'1179212',1454,,2775,19,,,0
190013019,'1179219',1254,,2776,19,,,0
190013019,'1179243',754,,2777,19,,,0
190013019,'1179287',2154,,2778,19,,,0
190013019,'1179292',1054,,2779,19,,,0
190013019,'1179300',724,,2780,19,,,0
190013019,'1179373',954,,2782,19,,,0
190013019,'1179380',1354,,2783,19,,,0
190013019,'1179402',1354,,2784,19,,,0
190013019,'1179411',1424,,2785,19,,,0
190013019,'1179457',1854,,2786,19,,,0
190013019,'1179504',654,,2787,19,,,0
190013019,'1179507',924,,2788,19,,,0
190013019,'1179509',1154,,2789,19,,,0
190013019,'1179516',1554,,2790,19,,,0
190013019,'1179531',2054,,2791,19,,,0
190013019,'1179537',854,,2792,19,,,0
190013019,'1179539',1754,,2793,19,,,0
190013019,'1179546',654,,2794,19,,,0
190013019,'1179553',1854,,2795,19,,,0
190013019,'1179591',1654,,2797,19,,,0
190013019,'1179611',1724,,2798,19,,,0
190013019,'1179635',1454,,2799,19,,,0
190013019,'1179694',824,,2800,19,,,0
190013019,'1179701',2054,,2801,19,,,0
190013019,'1179717',1754,,2802,19,,,0
