150029,'1178980',1109,,2357,18,,,0
150029,'1179059',909,,2358,18,,,0
150029,'1179210',1309,,2359,18,,,0
150029,'1179274',1709,,2360,18,,,0
150029,'1179311',1009,,2361,18,,,0
150029,'1179362',1609,,2362,18,,,0
150029,'1179450',1409,,2363,18,,,0
150029,'1179616',1209,,2364,18,,,0
150029,'1179674',1509,,2365,18,,,0
300019,'1178915',1002,,2440,12,0,23 24 2 25,0
300019,'1178918',1202,,2441,15,0,23 24 2 26,0
300019,'1178931',802,,2442,15,0,23 24 2 26,0
300019,'1178939',1402,,2443,15,0,23 24 2 26,0
300019,'1178975',1502,,2445,15,0,23 24 2 26,0
300019,'1178982',1702,,2446,15,0,23 24 2 26,0
300019,'1178996',1832,,2447,12,0,23 24 2 25,0
300019,'1178999',732,,2448,12,0,23 24 2 25,0
300019,'1179001',732,,2449,15,0,23 24 2 26,0
300019,'1179003',2002,,2450,15,0,23 24 2 26,0
300019,'1179008',2202,,2451,15,0,8 9 2 26,0
300019,'1179030',1902,,2452,15,0,23 24 2 26,0
300019,'1179042',802,,2453,12,0,23 24 2 25,0
300019,'1179058',1102,,2455,15,0,23 24 2 26,0
300019,'1179065',1132,,2456,12,0,23 24 2 25,0
300019,'1179066',1802,,2457,15,0,23 24 2 26,0
300019,'1179094',732,,2458,11,0,23 24 2 25,0
300019,'1179109',1832,,2459,15,0,8 9 2 26,0
300019,'1179110',1002,,2460,15,0,23 24 2 26,0
300019,'1179115',932,,2461,15,0,23 24 2 26,0
300019,'1179121',1802,,2462,15,0,23 24 2 26,0
300019,'1179125',2002,,2463,15,0,23 24 2 26,0
300019,'1179132',1232,,2464,12,0,23 24 2 25,0
300019,'1179142',1532,,2465,12,0,23 24 2 25,0
300019,'1179194',832,,2466,15,0,23 24 2 26,0
300019,'1179211',1732,,2467,12,0,23 24 2 25,0
300019,'1179220',1032,,2468,12,0,23 24 2 25,0
300019,'1179246',802,,2469,15,0,23 24 2 26,0
300019,'1179258',1832,,2470,12,0,23 24 2 25,0
300019,'1179264',1332,,2471,12,0,23 24 2 25,0
300019,'1179279',902,,2472,15,0,23 24 2 26,0
300019,'1179288',1732,,2473,12,0,23 24 2 25,0
300019,'1179295',2102,,2474,15,0,23 24 2 26,0
300019,'1179331',1302,,2477,15,0,23 24 2 26,0
300019,'1179349',1532,,2478,12,0,23 24 2 25,0
300019,'1179355',1202,,2479,15,0,23 24 2 26,0
300019,'1179356',1632,,2480,12,0,23 24 2 25,0
300019,'1179360',2132,,2481,12,0,23 24 2 25,0
300019,'1179379',2202,,2482,15,0,8 9 2 26,0
300019,'1179390',1502,,2483,15,0,23 24 2 26,0
300019,'1179397',1632,,2484,15,0,23 24 2 26,0
300019,'1179404',2102,,2485,15,0,23 24 2 26,0
300019,'1179405',1232,,2486,12,0,23 24 2 25,0
300019,'1179406',1032,,2487,12,0,23 24 2 25,0
300019,'1179409',1602,,2488,12,0,23 24 2 25,0
300019,'1179420',1332,,2489,12,0,23 24 2 25,0
300019,'1179435',1602,,2490,15,0,23 24 2 26,0
300019,'1179448',1402,,2491,15,0,23 24 2 26,0
300019,'1179454',1432,,2492,12,0,23 24 2 25,0
300019,'1179463',932,,2493,12,0,23 24 2 25,0
300019,'1179467',832,,2494,12,0,23 24 2 25,0
300019,'1179470',1132,,2495,12,0,23 24 2 25,0
300019,'1179484',1302,,2496,15,0,23 24 2 26,0
300019,'1179490',1102,,2497,15,0,23 24 2 26,0
300019,'1179502',2032,,2498,12,0,23 24 2 25,0
300019,'1179508',1002,,2499,15,0,23 24 2 26,0
300019,'1179527',1932,,2500,12,0,23 24 2 25,0
300019,'1179532',832,,2501,12,0,23 24 2 25,0
300019,'1179549',902,,2502,15,0,23 24 2 26,0
300019,'1179554',2132,,2504,12,0,23 24 2 25,0
300019,'1179566',1702,,2505,15,0,23 24 2 26,0
300019,'1179568',1902,,2506,15,0,23 24 2 26,0
300019,'1179570',1632,,2507,12,0,23 24 2 25,0
300019,'1179580',1932,,2508,12,0,23 24 2 25,0
300019,'1179593',1032,,2510,15,0,8 9 2 26,0
300019,'1179597',902,,2511,12,0,23 24 2 25,0
300019,'1179607',702,,2512,11,0,23 24 2 25,0
300019,'1179614',1432,,2513,12,0,23 24 2 25,0
300019,'1179617',1802,,2514,12,0,23 24 2 25,0
300019,'1179622',1732,,2515,15,0,23 24 2 26,0
300019,'1179624',1702,,2516,12,0,23 24 2 25,0
300019,'1179643',2032,,2518,12,0,23 24 2 25,0
300019,'1179649',1602,,2519,15,0,23 24 2 26,0
300019,'1179713',932,,2521,12,0,23 24 2 25,0
