120019,'1178966',1351,,2294,35,,,0
120019,'1178998',1551,,2295,35,,,0
120019,'1179031',1651,,2296,35,,,0
120019,'1179149',1451,,2297,35,,,0
120019,'1179182',1151,,2298,35,,,0
120019,'1179282',951,,2299,35,,,0
120019,'1179296',1804,,2300,35,,,0
120019,'1179596',1051,,2301,35,,,0
120019,'1179628',1251,,2302,35,,,0
140016019,'1178912',1725,,2661,36,,,0
140016019,'1178941',825,,2662,36,,,0
140016019,'1179051',2225,,2665,36,,,0
140016019,'1179063',725,,2666,16,,,0
140016019,'1179077',1755,,2667,36,,,0
140016019,'1179112',1925,,2668,36,,,0
140016019,'1179129',1225,,2669,36,,,0
140016019,'1179136',1525,,2670,36,,,0
140016019,'1179158',1325,,2671,36,,,0
140016019,'1179191',925,,2672,36,,,0
140016019,'1179213',1025,,2673,36,,,0
140016019,'1179234',1425,,2675,36,,,0
140016019,'1179256',855,,2677,36,,,0
140016019,'1179267',825,,2678,36,,,0
140016019,'1179284',1925,,2679,36,,,0
140016019,'1179299',2225,,2681,36,,,0
140016019,'1179304',1325,,2682,36,,,0
140016019,'1179312',1625,,2683,36,,,0
140016019,'1179318',1825,,2684,36,,,0
140016019,'1179330',2025,,2685,36,,,0
140016019,'1179333',1425,,2686,36,,,0
140016019,'1179357',1125,,2688,36,,,0
140016019,'1179371',1525,,2689,36,,,0
140016019,'1179389',1655,,2690,36,,,0
140016019,'1179416',1625,,2691,36,,,0
140016019,'1179464',2125,,2693,36,,,0
140016019,'1179475',925,,2694,36,,,0
140016019,'1179481',1725,,2695,36,,,0
140016019,'1179517',1555,,2697,36,,,0
140016019,'1179520',2025,,2698,36,,,0
140016019,'1179536',755,,2699,36,,,0
140016019,'1179538',725,,2700,36,,,0
140016019,'1179601',2125,,2703,36,,,0
140016019,'1179604',1125,,2704,36,,,0
140016019,'1179627',1225,,2705,36,,,0
140016019,'1179663',1025,,2706,36,,,0
140016019,'1179687',1825,,2708,36,,,0
