150029,'1178980',1122,,2357,26,,,0
150029,'1179059',922,,2358,26,,,0
150029,'1179210',1322,,2359,26,,,0
150029,'1179274',1722,,2360,26,,,0
150029,'1179311',1022,,2361,26,,,0
150029,'1179362',1622,,2362,26,,,0
150029,'1179450',1422,,2363,26,,,0
150029,'1179616',1222,,2364,26,,,0
150029,'1179674',1522,,2365,26,,,0
140014019,'1178954',1546,,2614,2,,,0
140014019,'1178955',1116,,2615,2,,,0
140014019,'1178974',946,,2616,2,,,0
140014019,'1179007',1746,,2617,2,,,0
140014019,'1179027',1446,,2618,2,,,0
140014019,'1179052',746,,2619,2,,,0
140014019,'1179079',716,,2620,2,,,0
140014019,'1179080',1446,,2621,2,,,0
140014019,'1179082',816,,2622,2,,,0
140014019,'1179084',646,,2623,2,,,0
140014019,'1179111',2146,,2624,2,,,0
140014019,'1179143',746,,2625,2,,,0
140014019,'1179200',1216,,2626,2,,,0
140014019,'1179207',1716,,2627,2,,,0
140014019,'1179221',1346,,2628,2,,,0
140014019,'1179271',1146,,2629,2,,,0
140014019,'1179298',1646,,2630,2,,,0
140014019,'1179320',1416,,2631,2,,,0
140014019,'1179323',946,,2632,2,,,0
140014019,'1179350',846,,2634,2,,,0
140014019,'1179353',1746,,2635,2,,,0
140014019,'1179366',1946,,2636,2,,,0
140014019,'1179392',1546,,2637,2,,,0
140014019,'1179403',1846,,2638,2,,,0
140014019,'1179433',1346,,2640,2,,,0
140014019,'1179443',916,,2641,2,,,0
140014019,'1179446',1146,,2642,2,,,0
140014019,'1179449',1016,,2643,2,,,0
140014019,'1179493',1046,,2644,2,,,0
140014019,'1179524',1646,,2646,2,,,0
140014019,'1179535',1316,,2647,2,,,0
140014019,'1179547',1246,,2648,2,,,0
140014019,'1179557',1816,,2650,2,0,8 21,0
140014019,'1179561',1516,,2651,2,,,0
140014019,'1179577',1246,,2652,2,,,0
140014019,'1179598',2046,,2653,2,,,0
140014019,'1179600',2146,,2654,2,,,0
140014019,'1179608',1846,,2655,2,,,0
140014019,'1179636',1616,,2656,2,,,0
140014019,'1179638',846,,2657,2,,,0
140014019,'1179648',1946,,2658,2,,,0
140014019,'1179654',2046,,2659,2,,,0
140014019,'1179662',1046,,2660,2,,,0
