300019,'1178915',956,,2440,7,0,23 24 2 25,0
300019,'1178996',1826,,2447,7,0,23 24 2 25,0
300019,'1178999',726,,2448,7,0,23 24 2 25,0
300019,'1179042',756,,2453,7,0,23 24 2 25,0
300019,'1179065',1126,,2456,7,0,23 24 2 25,0
300019,'1179094',726,,2458,6,0,23 24 2 25,0
300019,'1179132',1226,,2464,7,0,23 24 2 25,0
300019,'1179142',1526,,2465,7,0,23 24 2 25,0
300019,'1179211',1726,,2467,7,0,23 24 2 25,0
300019,'1179220',1026,,2468,7,0,23 24 2 25,0
300019,'1179258',1826,,2470,7,0,23 24 2 25,0
300019,'1179264',1326,,2471,7,0,23 24 2 25,0
300019,'1179288',1726,,2473,7,0,23 24 2 25,0
300019,'1179349',1526,,2478,7,0,23 24 2 25,0
300019,'1179356',1626,,2480,7,0,23 24 2 25,0
300019,'1179360',2126,,2481,7,0,23 24 2 25,0
300019,'1179405',1226,,2486,7,0,23 24 2 25,0
300019,'1179406',1026,,2487,7,0,23 24 2 25,0
300019,'1179409',1556,,2488,7,0,23 24 2 25,0
300019,'1179420',1326,,2489,7,0,23 24 2 25,0
300019,'1179454',1426,,2492,7,0,23 24 2 25,0
300019,'1179463',926,,2493,7,0,23 24 2 25,0
300019,'1179467',826,,2494,7,0,23 24 2 25,0
300019,'1179470',1126,,2495,7,0,23 24 2 25,0
300019,'1179502',2026,,2498,7,0,23 24 2 25,0
300019,'1179527',1926,,2500,7,0,23 24 2 25,0
300019,'1179532',826,,2501,7,0,23 24 2 25,0
300019,'1179554',2126,,2504,7,0,23 24 2 25,0
300019,'1179570',1626,,2507,7,0,23 24 2 25,0
300019,'1179580',1926,,2508,7,0,23 24 2 25,0
300019,'1179597',856,,2511,7,0,23 24 2 25,0
300019,'1179607',656,,2512,6,0,23 24 2 25,0
300019,'1179614',1426,,2513,7,0,23 24 2 25,0
300019,'1179617',1756,,2514,7,0,23 24 2 25,0
300019,'1179624',1656,,2516,7,0,23 24 2 25,0
300019,'1179643',2026,,2518,7,0,23 24 2 25,0
300019,'1179713',926,,2521,7,0,23 24 2 25,0
