110019,'1178947',937,,2239,8,,,0
110019,'1178964',1437,,2240,8,,,0
110019,'1178973',1737,,2241,8,,,0
110019,'1179028',1537,,2242,8,,,0
110019,'1179105',1637,,2243,8,,,0
110019,'1179114',1037,,2244,8,,,0
110019,'1179176',1237,,2245,8,,,0
110019,'1179184',1337,,2246,8,,,0
110019,'1179290',1137,,2247,8,,,0
140010019,'1178914',1117,,2522,10,0,8 21,0
140010019,'1178921',1447,,2523,10,,,0
140010019,'1178922',947,,2524,10,,,0
140010019,'1178936',717,,2525,10,,,0
140010019,'1178946',2247,,2526,10,0,8 21,0
140010019,'1178979',1047,,2527,10,,,0
140010019,'1179012',747,,2528,10,,,0
140010019,'1179037',1947,,2529,10,,,0
140010019,'1179103',1547,,2530,10,,,0
140010019,'1179122',1317,,2531,10,0,8 21,0
140010019,'1179131',1147,,2532,10,,,0
140010019,'1179140',2147,,2533,10,,,0
140010019,'1179147',917,,2534,10,0,8 21,0
140010019,'1179157',647,,2535,10,,,0
140010019,'1179167',1047,,2536,10,,,0
140010019,'1179178',1747,,2537,10,,,0
140010019,'1179180',2147,,2538,10,,,0
140010019,'1179188',1447,,2539,10,,,0
140010019,'1179217',1947,,2540,10,,,0
140010019,'1179232',1517,,2541,10,0,8 21,0
140010019,'1179251',1617,,2542,10,,,0
140010019,'1179253',817,,2543,10,,,0
140010019,'1179268',1717,,2544,10,,,0
140010019,'1179270',1647,,2545,10,,,0
140010019,'1179336',847,,2547,10,,,0
140010019,'1179347',747,,2548,10,,,0
140010019,'1179361',2047,,2549,10,,,0
140010019,'1179396',2047,,2550,10,,,0
140010019,'1179408',2247,,2551,10,0,8 21,0
140010019,'1179415',1147,,2552,10,,,0
140010019,'1179445',1347,,2553,10,,,0
140010019,'1179452',1747,,2554,10,,,0
140010019,'1179453',1347,,2555,10,,,0
140010019,'1179479',1247,,2556,10,,,0
140010019,'1179483',1217,,2557,10,0,8 21,0
140010019,'1179494',1647,,2558,10,,,0
140010019,'1179496',1547,,2559,10,,,0
140010019,'1179498',1417,,2560,10,0,8 21,0
140010019,'1179544',1847,,2561,10,,,0
140010019,'1179548',1017,,2562,10,0,8 21,0
140010019,'1179613',1847,,2563,10,,,0
140010019,'1179620',847,,2564,10,,,0
140010019,'1179629',1817,,2565,10,0,8 21,0
140010019,'1179659',1247,,2566,10,,,0
140010019,'1179692',947,,2567,10,,,0
