216019,'1178924',756,,2403,16,,,0
216019,'1178948',626,,2404,16,,,0
216019,'1178963',2126,,2405,16,,,0
216019,'1178968',1226,,2406,16,,,0
216019,'1179019',1756,,2407,16,,,0
216019,'1179021',1556,,2408,16,,,0
216019,'1179029',1426,,2409,16,,,0
216019,'1179050',1526,,2410,16,,,0
216019,'1179070',1426,,2411,16,,,0
216019,'1179075',1826,,2412,16,,,0
216019,'1179116',729,,2413,17,,,0
216019,'1179123',1326,,2414,16,,,0
216019,'1179160',1729,,2415,17,,,0
216019,'1179179',2026,,2416,16,,,0
216019,'1179181',1126,,2417,16,,,0
216019,'1179199',926,,2418,16,,,0
216019,'1179206',1526,,2419,16,,,0
216019,'1179328',1026,,2420,16,,,0
216019,'1179338',1226,,2421,16,,,0
216019,'1179345',826,,2422,16,,,0
216019,'1179368',1659,,2423,17,,,0
216019,'1179369',1026,,2424,16,,,0
216019,'1179374',1629,,2425,17,,,0
216019,'1179421',1826,,2426,16,,,0
216019,'1179431',1126,,2427,16,,,0
216019,'1179458',1926,,2428,16,,,0
216019,'1179488',726,,2429,16,,,0
216019,'1179523',1326,,2430,16,,,0
216019,'1179574',2026,,2431,16,,,0
216019,'1179582',1926,,2432,16,,,0
216019,'1179605',856,,2433,16,,,0
216019,'1179647',1726,,2434,16,,,0
216019,'1179669',826,,2435,16,,,0
216019,'1179695',2126,,2436,16,,,0
216019,'1179712',659,,2437,17,,,0
216019,'1179714',926,,2438,16,,,0
216019,'1179719',1626,,2439,16,,,0
