200029,'1178971',1110,,2393,22,,,0
200029,'1179034',1710,,2394,22,,,0
200029,'1179043',1310,,2395,22,,,0
200029,'1179091',1510,,2396,22,,,0
200029,'1179144',910,,2397,12,,,0
200029,'1179198',1210,,2398,22,,,0
200029,'1179283',1410,,2400,22,,,0
200029,'1179383',1610,,2401,22,,,0
200029,'1179689',1010,,2402,22,,,0
190017019,'1178928',1724,,2851,44,,,0
190017019,'1178932',954,,2852,44,,,0
190017019,'1178967',1454,,2853,11,,,0
190017019,'1179016',654,,2856,44,,,0
190017019,'1179076',624,,2858,11,,,0
190017019,'1179092',724,,2859,44,,,0
190017019,'1179124',1624,,2860,44,,,0
190017019,'1179128',1124,,2861,44,,,0
190017019,'1179151',1924,,2863,44,,,0
190017019,'1179161',1754,,2864,44,,,0
190017019,'1179166',1024,,2865,44,,,0
190017019,'1179196',724,,2866,44,,,0
190017019,'1179242',1224,,2867,44,,,0
190017019,'1179273',2124,,2868,44,,,0
190017019,'1179277',854,,2869,44,,,0
190017019,'1179293',1324,,2870,44,,,0
190017019,'1179306',1924,,2871,44,,,0
190017019,'1179309',1354,,2872,11,,,0
190017019,'1179327',1524,,2873,44,,,0
190017019,'1179377',1554,,2874,11,,,0
190017019,'1179384',1254,,2875,11,,,0
190017019,'1179385',824,,2876,44,,,0
190017019,'1179401',2024,,2877,44,,,0
190017019,'1179427',1324,,2878,44,,,0
190017019,'1179455',1424,,2879,44,,,0
190017019,'1179492',1154,,2880,11,,,0
190017019,'1179519',1824,,2881,44,,,0
190017019,'1179533',754,,2883,44,,,0
190017019,'1179565',1054,,2884,11,,,0
190017019,'1179573',1224,,2885,44,,,0
190017019,'1179579',1124,,2886,44,,,0
190017019,'1179599',2124,,2887,44,,,0
190017019,'1179610',2024,,2888,44,,,0
190017019,'1179621',924,,2889,44,,,0
190017019,'1179625',1424,,2890,44,,,0
190017019,'1179626',1654,,2891,44,,,0
190017019,'1179631',1824,,2892,44,,,0
190017019,'1179667',824,,2893,44,,,0
190017019,'1179680',1624,,2894,44,,,0
190017019,'1179683',924,,2895,44,,,0
190017019,'1179686',1524,,2896,44,,,0
190017019,'1179699',1024,,2897,44,,,0
190017019,'1179710',1724,,2898,44,,,0
