110029,'1178926',1304,,2248,17,,,0
110029,'1179044',904,,2249,17,,,0
110029,'1179118',1104,,2250,17,,,0
110029,'1179173',1204,,2251,17,,,0
110029,'1179459',1704,,2252,17,,,0
110029,'1179534',1404,,2253,17,,,0
110029,'1179542',1604,,2254,17,,,0
110029,'1179690',1004,,2255,17,,,0
110029,'1179707',1504,,2256,17,,,0
116019,'1178992',754,,2257,29,,,0
116019,'1178995',754,,2258,29,,,0
116019,'1179088',658,,2259,30,,,0
116019,'1179096',854,,2260,29,,,0
116019,'1179141',1454,,2261,29,,,0
116019,'1179172',1154,,2262,29,,,0
116019,'1179177',854,,2263,29,,,0
116019,'1179190',1624,,2264,29,,,0
116019,'1179215',1054,,2265,29,,,0
116019,'1179228',824,,2266,29,,,0
116019,'1179247',954,,2267,29,,,0
116019,'1179275',1554,,2268,29,,,0
116019,'1179278',1254,,2269,29,,,0
116019,'1179313',1754,,2270,29,,,0
116019,'1179314',2054,,2271,29,,,0
116019,'1179321',1154,,2272,29,,,0
116019,'1179339',728,,2273,30,,,0
116019,'1179343',1954,,2274,29,,,0
116019,'1179365',1654,,2275,29,,,0
116019,'1179381',1854,,2276,29,,,0
116019,'1179418',1658,,2277,30,,,0
116019,'1179432',1728,,2278,30,,,0
116019,'1179434',1954,,2279,29,,,0
116019,'1179439',1354,,2280,29,,,0
116019,'1179441',1454,,2281,29,,,0
116019,'1179476',1054,,2282,29,,,0
116019,'1179500',2154,,2283,29,,,0
116019,'1179515',924,,2284,29,,,0
116019,'1179584',1854,,2285,29,,,0
116019,'1179603',954,,2286,29,,,0
116019,'1179606',1824,,2287,29,,,0
116019,'1179615',1554,,2288,29,,,0
116019,'1179641',1254,,2289,29,,,0
116019,'1179653',1754,,2290,29,,,0
116019,'1179682',1354,,2291,29,,,0
116019,'1179696',2054,,2292,29,,,0
116019,'1179706',2154,,2293,29,,,0
160019,'1178943',1543,,2366,27,,,0
160019,'1178949',943,,2367,27,,,0
160019,'1178951',1343,,2368,27,,,0
160019,'1179047',1443,,2369,27,,,0
160019,'1179060',1743,,2370,27,,,0
160019,'1179205',1143,,2371,27,,,0
160019,'1179319',1243,,2372,27,,,0
160019,'1179451',1643,,2373,27,,,0
160019,'1179697',1043,,2374,27,,,0
190011019,'1178945',1557,,2709,17,,,0
190011019,'1178950',757,,2710,41,,,0
190011019,'1178970',1927,,2711,41,,,0
190011019,'1179040',2127,,2713,41,,,0
190011019,'1179064',1057,,2714,17,,,0
190011019,'1179145',927,,2715,41,,,0
190011019,'1179146',1157,,2716,17,,,0
190011019,'1179159',1827,,2717,41,,,0
190011019,'1179163',827,,2719,41,,,0
190011019,'1179248',727,,2720,41,,,0
190011019,'1179252',1827,,2721,41,,,0
190011019,'1179276',2027,,2722,41,,,0
190011019,'1179307',727,,2723,41,,,0
190011019,'1179317',1257,,2724,17,,,0
190011019,'1179332',1127,,2725,42,,,0
190011019,'1179340',927,,2726,41,,,0
190011019,'1179367',1757,,2727,41,,,0
190011019,'1179375',1457,,2728,17,,,0
190011019,'1179393',1657,,2729,17,,,0
190011019,'1179394',2227,,2730,41,,,0
190011019,'1179413',1327,,2732,42,,,0
190011019,'1179424',2227,,2733,41,,,0
190011019,'1179426',1427,,2734,42,,,0
190011019,'1179430',1627,,2735,42,,,0
190011019,'1179437',1127,,2736,42,,,0
190011019,'1179438',1627,,2737,42,,,0
190011019,'1179442',1927,,2738,41,,,0
190011019,'1179477',827,,2739,41,,,0
190011019,'1179521',1427,,2740,42,,,0
190011019,'1179528',1227,,2741,42,,,0
190011019,'1179530',657,,2742,17,,,0
190011019,'1179555',2027,,2743,41,,,0
190011019,'1179572',1227,,2744,42,,,0
190011019,'1179590',1527,,2745,42,,,0
190011019,'1179619',1727,,2746,41,,,0
190011019,'1179642',1027,,2747,41,,,0
190011019,'1179650',1327,,2748,42,,,0
190011019,'1179665',627,,2749,20,,,0
190011019,'1179666',857,,2750,41,,,0
190011019,'1179672',1357,,2751,17,,,0
190011019,'1179677',2127,,2752,41,,,0
190011019,'1179678',957,,2753,41,,,0
190011019,'1179688',1727,,2754,41,,,0
190011019,'1179700',1527,,2755,42,,,0
190011019,'1179709',1027,,2756,41,,,0
