150019,'1178942',1740,,2348,7,,,0
150019,'1178956',1340,,2349,7,,,0
150019,'1178976',1640,,2350,7,,,0
150019,'1179117',1240,,2351,7,,,0
150019,'1179150',1540,,2352,7,,,0
150019,'1179341',940,,2353,7,,,0
150019,'1179473',1140,,2354,7,,,0
150019,'1179559',1440,,2355,7,,,0
150019,'1179673',1040,,2356,7,,,0
140014019,'1178954',1558,,2614,17,,,0
140014019,'1178955',1128,,2615,17,,,0
140014019,'1178974',958,,2616,17,,,0
140014019,'1179007',1758,,2617,17,,,0
140014019,'1179027',1458,,2618,17,,,0
140014019,'1179052',758,,2619,17,,,0
140014019,'1179079',728,,2620,17,,,0
140014019,'1179080',1458,,2621,17,,,0
140014019,'1179082',828,,2622,17,,,0
140014019,'1179084',658,,2623,17,,,0
140014019,'1179111',2158,,2624,17,,,0
140014019,'1179143',758,,2625,17,,,0
140014019,'1179200',1228,,2626,17,,,0
140014019,'1179207',1728,,2627,17,,,0
140014019,'1179221',1358,,2628,17,,,0
140014019,'1179271',1158,,2629,17,,,0
140014019,'1179298',1658,,2630,17,,,0
140014019,'1179320',1428,,2631,17,,,0
140014019,'1179323',958,,2632,17,,,0
140014019,'1179350',858,,2634,17,,,0
140014019,'1179353',1758,,2635,17,,,0
140014019,'1179366',1958,,2636,17,,,0
140014019,'1179392',1558,,2637,17,,,0
140014019,'1179403',1858,,2638,17,,,0
140014019,'1179433',1358,,2640,17,,,0
140014019,'1179443',928,,2641,17,,,0
140014019,'1179446',1158,,2642,17,,,0
140014019,'1179449',1028,,2643,17,,,0
140014019,'1179493',1058,,2644,17,,,0
140014019,'1179524',1658,,2646,17,,,0
140014019,'1179535',1328,,2647,17,,,0
140014019,'1179547',1258,,2648,17,,,0
140014019,'1179557',1828,,2650,17,0,8 21,0
140014019,'1179561',1528,,2651,17,,,0
140014019,'1179577',1258,,2652,17,,,0
140014019,'1179598',2058,,2653,17,,,0
140014019,'1179600',2158,,2654,17,,,0
140014019,'1179608',1858,,2655,17,,,0
140014019,'1179636',1628,,2656,17,,,0
140014019,'1179638',858,,2657,17,,,0
140014019,'1179648',1958,,2658,17,,,0
140014019,'1179654',2058,,2659,17,,,0
140014019,'1179662',1058,,2660,17,,,0
