160029,'1178957',915,,2375,31,,,0
160029,'1179098',1415,,2376,31,,,0
160029,'1179137',1615,,2377,31,,,0
160029,'1179301',1215,,2378,31,,,0
160029,'1179398',1315,,2379,31,,,0
160029,'1179410',1715,,2380,31,,,0
160029,'1179543',1115,,2381,31,,,0
160029,'1179558',1015,,2382,31,,,0
160029,'1179623',1515,,2383,31,,,0
216019,'1178924',805,,2403,33,,,0
216019,'1178948',635,,2404,33,,,0
216019,'1178963',2135,,2405,33,,,0
216019,'1178968',1235,,2406,33,,,0
216019,'1179019',1805,,2407,33,,,0
216019,'1179021',1605,,2408,33,,,0
216019,'1179029',1435,,2409,33,,,0
216019,'1179050',1535,,2410,33,,,0
216019,'1179070',1435,,2411,33,,,0
216019,'1179075',1835,,2412,33,,,0
216019,'1179116',737,,2413,34,,,0
216019,'1179123',1335,,2414,33,,,0
216019,'1179160',1737,,2415,34,,,0
216019,'1179179',2035,,2416,33,,,0
216019,'1179181',1135,,2417,33,,,0
216019,'1179199',935,,2418,33,,,0
216019,'1179206',1535,,2419,33,,,0
216019,'1179328',1035,,2420,33,,,0
216019,'1179338',1235,,2421,33,,,0
216019,'1179345',835,,2422,33,,,0
216019,'1179368',1707,,2423,34,,,0
216019,'1179369',1035,,2424,33,,,0
216019,'1179374',1637,,2425,34,,,0
216019,'1179421',1835,,2426,33,,,0
216019,'1179431',1135,,2427,33,,,0
216019,'1179458',1935,,2428,33,,,0
216019,'1179488',735,,2429,33,,,0
216019,'1179523',1335,,2430,33,,,0
216019,'1179574',2035,,2431,33,,,0
216019,'1179582',1935,,2432,33,,,0
216019,'1179605',905,,2433,33,,,0
216019,'1179647',1735,,2434,33,,,0
216019,'1179669',835,,2435,33,,,0
216019,'1179695',2135,,2436,33,,,0
216019,'1179712',707,,2437,34,,,0
216019,'1179714',935,,2438,33,,,0
216019,'1179719',1635,,2439,33,,,0
