140029,'1178990',1449,,2339,25,,,0
140029,'1179039',1149,,2340,25,,,0
140029,'1179106',1049,,2341,25,,,0
140029,'1179281',1349,,2342,25,,,0
140029,'1179335',1649,,2343,25,,,0
140029,'1179461',1802,,2344,25,,,0
140029,'1179478',1549,,2345,25,,,0
140029,'1179522',1249,,2346,25,,,0
140029,'1179651',949,,2347,25,,,0
140012019,'1178913',1223,,2568,35,,,0
140012019,'1178923',1223,,2569,35,,,0
140012019,'1178934',1023,,2570,35,,,0
140012019,'1178935',823,,2571,35,,,0
140012019,'1178953',923,,2572,35,,,0
140012019,'1178981',723,,2573,35,,,0
140012019,'1178986',1453,,2574,35,,,0
140012019,'1179006',1353,,2575,35,,,0
140012019,'1179011',753,,2576,35,,,0
140012019,'1179015',1923,,2577,35,,,0
140012019,'1179046',923,,2578,35,,,0
140012019,'1179102',1623,,2579,35,,,0
140012019,'1179154',1423,,2580,35,,,0
140012019,'1179183',2023,,2581,35,,,0
140012019,'1179185',953,,2582,35,,,0
140012019,'1179230',1023,,2584,35,,,0
140012019,'1179233',1623,,2585,35,,,0
140012019,'1179236',823,,2586,35,,,0
140012019,'1179238',1523,,2587,35,,,0
140012019,'1179244',2123,,2588,35,,,0
140012019,'1179245',1923,,2589,35,,,0
140012019,'1179250',723,,2590,13,,,0
140012019,'1179261',1123,,2592,35,,,0
140012019,'1179316',2023,,2593,35,,,0
140012019,'1179325',853,,2594,35,,,0
140012019,'1179348',1323,,2595,35,,,0
140012019,'1179359',1753,,2596,35,,,0
140012019,'1179372',2223,,2597,35,,,0
140012019,'1179387',1323,,2598,35,,,0
140012019,'1179399',1153,,2599,35,,,0
140012019,'1179425',2123,,2600,35,,,0
140012019,'1179444',1653,,2601,35,,,0
140012019,'1179495',1423,,2602,35,,,0
140012019,'1179499',1553,,2603,35,,,0
140012019,'1179510',1723,,2604,35,,,0
140012019,'1179511',2223,,2605,35,,,0
140012019,'1179526',1823,,2606,35,,,0
140012019,'1179556',1123,,2607,35,,,0
140012019,'1179567',1253,,2608,35,,,0
140012019,'1179644',1823,,2610,35,,,0
140012019,'1179693',1053,,2611,35,,,0
140012019,'1179704',1523,,2612,35,,,0
140012019,'1179715',1723,,2613,35,,,0
