120019,'1178966',1400,,2294,46,,,0
120019,'1178998',1600,,2295,46,,,0
120019,'1179031',1700,,2296,46,,,0
120019,'1179149',1500,,2297,46,,,0
120019,'1179182',1200,,2298,46,,,0
120019,'1179282',1000,,2299,46,,,0
120019,'1179296',1813,,2300,46,,,0
120019,'1179596',1100,,2301,46,,,0
120019,'1179628',1300,,2302,46,,,0
140016019,'1178912',1734,,2661,47,,,0
140016019,'1178941',834,,2662,47,,,0
140016019,'1179005',634,,2663,4,,,0
140016019,'1179051',2234,,2665,47,,,0
140016019,'1179063',734,,2666,27,,,0
140016019,'1179077',1804,,2667,47,,,0
140016019,'1179112',1934,,2668,47,,,0
140016019,'1179129',1234,,2669,47,,,0
140016019,'1179136',1534,,2670,47,,,0
140016019,'1179158',1334,,2671,47,,,0
140016019,'1179191',934,,2672,47,,,0
140016019,'1179213',1034,,2673,47,,,0
140016019,'1179225',704,,2674,4,,,0
140016019,'1179234',1434,,2675,47,,,0
140016019,'1179256',904,,2677,47,,,0
140016019,'1179267',834,,2678,47,,,0
140016019,'1179284',1934,,2679,47,,,0
140016019,'1179286',607,,2680,4,,,0
140016019,'1179299',2234,,2681,47,,,0
140016019,'1179304',1334,,2682,47,,,0
140016019,'1179312',1634,,2683,47,,,0
140016019,'1179318',1834,,2684,47,,,0
140016019,'1179330',2034,,2685,47,,,0
140016019,'1179333',1434,,2686,47,,,0
140016019,'1179357',1134,,2688,47,,,0
140016019,'1179371',1534,,2689,47,,,0
140016019,'1179389',1704,,2690,47,,,0
140016019,'1179416',1634,,2691,47,,,0
140016019,'1179440',634,,2692,4,,,0
140016019,'1179464',2134,,2693,47,,,0
140016019,'1179475',934,,2694,47,,,0
140016019,'1179481',1734,,2695,47,,,0
140016019,'1179517',1604,,2697,47,,,0
140016019,'1179520',2034,,2698,47,,,0
140016019,'1179536',804,,2699,47,,,0
140016019,'1179538',734,,2700,47,,,0
140016019,'1179601',2134,,2703,47,,,0
140016019,'1179604',1134,,2704,47,,,0
140016019,'1179627',1234,,2705,47,,,0
140016019,'1179663',1034,,2706,47,,,0
140016019,'1179687',1834,,2708,47,,,0
