140019,'1178969',1323,,2330,11,,,0
140019,'1178977',1523,,2331,11,,,0
140019,'1179164',1623,,2332,11,,,0
140019,'1179344',1423,,2333,11,,,0
140019,'1179352',923,,2334,11,,,0
140019,'1179462',1223,,2335,11,,,0
140019,'1179512',1123,,2336,11,,,0
140019,'1179518',1023,,2337,11,,,0
140019,'1179634',1723,,2338,11,,,0
190011019,'1178950',722,,2710,12,,,0
190011019,'1178970',1852,,2711,12,,,0
190011019,'1179009',1822,,2712,12,0,8 21,0
190011019,'1179040',2052,,2713,12,,,0
190011019,'1179145',852,,2715,12,,,0
190011019,'1179159',1752,,2717,12,,,0
190011019,'1179162',2247,,2718,12,0,12,0
190011019,'1179163',752,,2719,12,,,0
190011019,'1179248',652,,2720,12,,,0
190011019,'1179252',1752,,2721,12,,,0
190011019,'1179276',1952,,2722,12,,,0
190011019,'1179307',652,,2723,12,,,0
190011019,'1179332',1052,,2725,12,,,0
190011019,'1179340',852,,2726,12,,,0
190011019,'1179367',1722,,2727,12,,,0
190011019,'1179394',2152,,2730,12,,,0
190011019,'1179412',2247,,2731,12,0,12,0
190011019,'1179413',1252,,2732,12,,,0
190011019,'1179424',2152,,2733,12,,,0
190011019,'1179426',1352,,2734,12,,,0
190011019,'1179430',1552,,2735,12,,,0
190011019,'1179437',1052,,2736,12,,,0
190011019,'1179438',1552,,2737,12,,,0
190011019,'1179442',1852,,2738,12,,,0
190011019,'1179477',752,,2739,12,,,0
190011019,'1179521',1352,,2740,12,,,0
190011019,'1179528',1152,,2741,12,,,0
190011019,'1179555',1952,,2743,12,,,0
190011019,'1179572',1152,,2744,12,,,0
190011019,'1179590',1452,,2745,12,,,0
190011019,'1179619',1652,,2746,12,,,0
190011019,'1179642',952,,2747,12,,,0
190011019,'1179650',1252,,2748,12,,,0
190011019,'1179666',822,,2750,12,,,0
190011019,'1179677',2052,,2752,12,,,0
190011019,'1179678',922,,2753,12,,,0
190011019,'1179688',1652,,2754,12,,,0
190011019,'1179700',1452,,2755,12,,,0
190011019,'1179709',952,,2756,12,,,0
