110019,'1178947',944,,2239,23,,,0
110019,'1178964',1444,,2240,23,,,0
110019,'1178973',1744,,2241,23,,,0
110019,'1179028',1544,,2242,23,,,0
110019,'1179105',1644,,2243,23,,,0
110019,'1179114',1044,,2244,23,,,0
110019,'1179176',1244,,2245,23,,,0
110019,'1179184',1344,,2246,23,,,0
110019,'1179290',1144,,2247,23,,,0
116019,'1178992',753,,2257,27,,,0
116019,'1178995',753,,2258,27,,,0
116019,'1179088',657,,2259,28,,,0
116019,'1179096',853,,2260,27,,,0
116019,'1179141',1453,,2261,27,,,0
116019,'1179172',1153,,2262,27,,,0
116019,'1179177',853,,2263,27,,,0
116019,'1179190',1623,,2264,27,,,0
116019,'1179215',1053,,2265,27,,,0
116019,'1179228',823,,2266,27,,,0
116019,'1179247',953,,2267,27,,,0
116019,'1179275',1553,,2268,27,,,0
116019,'1179278',1253,,2269,27,,,0
116019,'1179313',1753,,2270,27,,,0
116019,'1179314',2053,,2271,27,,,0
116019,'1179321',1153,,2272,27,,,0
116019,'1179339',727,,2273,28,,,0
116019,'1179343',1953,,2274,27,,,0
116019,'1179365',1653,,2275,27,,,0
116019,'1179381',1853,,2276,27,,,0
116019,'1179418',1657,,2277,28,,,0
116019,'1179432',1727,,2278,28,,,0
116019,'1179434',1953,,2279,27,,,0
116019,'1179439',1353,,2280,27,,,0
116019,'1179441',1453,,2281,27,,,0
116019,'1179476',1053,,2282,27,,,0
116019,'1179500',2153,,2283,27,,,0
116019,'1179515',923,,2284,27,,,0
116019,'1179584',1853,,2285,27,,,0
116019,'1179603',953,,2286,27,,,0
116019,'1179606',1823,,2287,27,,,0
116019,'1179615',1553,,2288,27,,,0
116019,'1179641',1253,,2289,27,,,0
116019,'1179653',1753,,2290,27,,,0
116019,'1179682',1353,,2291,27,,,0
116019,'1179696',2053,,2292,27,,,0
116019,'1179706',2153,,2293,27,,,0
160019,'1178943',1543,,2366,25,,,0
160019,'1178949',943,,2367,25,,,0
160019,'1178951',1343,,2368,25,,,0
160019,'1179047',1443,,2369,25,,,0
160019,'1179060',1743,,2370,25,,,0
160019,'1179205',1143,,2371,25,,,0
160019,'1179319',1243,,2372,25,,,0
160019,'1179451',1643,,2373,25,,,0
160019,'1179697',1043,,2374,25,,,0
140010019,'1178914',1124,,2522,25,0,8 21,0
140010019,'1178921',1454,,2523,25,,,0
140010019,'1178922',954,,2524,26,,,0
140010019,'1178936',724,,2525,25,,,0
140010019,'1178946',2254,,2526,25,0,8 21,0
140010019,'1178979',1054,,2527,26,,,0
140010019,'1179012',754,,2528,26,,,0
140010019,'1179037',1954,,2529,25,,,0
140010019,'1179103',1554,,2530,26,,,0
140010019,'1179122',1324,,2531,25,0,8 21,0
140010019,'1179131',1154,,2532,25,,,0
140010019,'1179140',2154,,2533,25,,,0
140010019,'1179147',924,,2534,25,0,8 21,0
140010019,'1179157',654,,2535,25,,,0
140010019,'1179167',1054,,2536,25,,,0
140010019,'1179178',1754,,2537,26,,,0
140010019,'1179180',2154,,2538,26,,,0
140010019,'1179188',1454,,2539,26,,,0
140010019,'1179217',1954,,2540,26,,,0
140010019,'1179232',1524,,2541,25,0,8 21,0
140010019,'1179251',1624,,2542,25,,,0
140010019,'1179253',824,,2543,25,,,0
140010019,'1179268',1724,,2544,25,,,0
140010019,'1179270',1654,,2545,26,,,0
140010019,'1179336',854,,2547,25,,,0
140010019,'1179347',754,,2548,25,,,0
140010019,'1179361',2054,,2549,25,,,0
140010019,'1179396',2054,,2550,26,,,0
140010019,'1179408',2254,,2551,26,0,8 21,0
140010019,'1179415',1154,,2552,26,,,0
140010019,'1179445',1354,,2553,25,,,0
140010019,'1179452',1754,,2554,25,,,0
140010019,'1179453',1354,,2555,26,,,0
140010019,'1179479',1254,,2556,25,,,0
140010019,'1179483',1224,,2557,25,0,8 21,0
140010019,'1179494',1654,,2558,25,,,0
140010019,'1179496',1554,,2559,25,,,0
140010019,'1179498',1424,,2560,25,0,8 21,0
140010019,'1179544',1854,,2561,25,,,0
140010019,'1179548',1024,,2562,25,0,8 21,0
140010019,'1179613',1854,,2563,26,,,0
140010019,'1179620',854,,2564,26,,,0
140010019,'1179629',1824,,2565,25,0,8 21,0
140010019,'1179659',1254,,2566,26,,,0
140010019,'1179692',954,,2567,25,,,0
