120019,'1178966',1336,,2294,20,,,0
120019,'1178998',1536,,2295,20,,,0
120019,'1179031',1636,,2296,20,,,0
120019,'1179149',1436,,2297,20,,,0
120019,'1179182',1136,,2298,20,,,0
120019,'1179282',936,,2299,20,,,0
120019,'1179296',1736,,2300,20,,,0
120019,'1179596',1036,,2301,20,,,0
120019,'1179628',1236,,2302,20,,,0
190011019,'1178950',725,,2710,15,,,0
190011019,'1178970',1855,,2711,15,,,0
190011019,'1179009',1825,,2712,15,0,8 21,0
190011019,'1179040',2055,,2713,15,,,0
190011019,'1179145',855,,2715,15,,,0
190011019,'1179159',1755,,2717,15,,,0
190011019,'1179162',2250,,2718,15,0,12,0
190011019,'1179163',755,,2719,15,,,0
190011019,'1179248',655,,2720,15,,,0
190011019,'1179252',1755,,2721,15,,,0
190011019,'1179276',1955,,2722,15,,,0
190011019,'1179307',655,,2723,15,,,0
190011019,'1179332',1055,,2725,16,,,0
190011019,'1179340',855,,2726,15,,,0
190011019,'1179367',1725,,2727,15,,,0
190011019,'1179394',2155,,2730,15,,,0
190011019,'1179412',2250,,2731,15,0,12,0
190011019,'1179413',1255,,2732,16,,,0
190011019,'1179424',2155,,2733,15,,,0
190011019,'1179426',1355,,2734,16,,,0
190011019,'1179430',1555,,2735,16,,,0
190011019,'1179437',1055,,2736,16,,,0
190011019,'1179438',1555,,2737,16,,,0
190011019,'1179442',1855,,2738,15,,,0
190011019,'1179477',755,,2739,15,,,0
190011019,'1179521',1355,,2740,16,,,0
190011019,'1179528',1155,,2741,16,,,0
190011019,'1179555',1955,,2743,15,,,0
190011019,'1179572',1155,,2744,16,,,0
190011019,'1179590',1455,,2745,16,,,0
190011019,'1179619',1655,,2746,15,,,0
190011019,'1179642',955,,2747,15,,,0
190011019,'1179650',1255,,2748,16,,,0
190011019,'1179666',825,,2750,15,,,0
190011019,'1179677',2055,,2752,15,,,0
190011019,'1179678',925,,2753,15,,,0
190011019,'1179688',1655,,2754,15,,,0
190011019,'1179700',1455,,2755,16,,,0
190011019,'1179709',955,,2756,15,,,0
