120029,'1179032',1600,,2303,40,,,0
120029,'1179055',1400,,2304,40,,,0
120029,'1179056',1700,,2305,40,,,0
120029,'1179099',1813,,2306,40,,,0
120029,'1179153',1000,,2307,40,,,0
120029,'1179222',1500,,2308,40,,,0
120029,'1179429',1200,,2309,40,,,0
120029,'1179447',1100,,2310,40,,,0
120029,'1179575',1300,,2311,40,,,0
140012019,'1178913',1230,,2568,44,,,0
140012019,'1178923',1230,,2569,44,,,0
140012019,'1178934',1030,,2570,44,,,0
140012019,'1178935',830,,2571,44,,,0
140012019,'1178953',930,,2572,44,,,0
140012019,'1178981',730,,2573,44,,,0
140012019,'1178986',1500,,2574,44,,,0
140012019,'1179006',1400,,2575,44,,,0
140012019,'1179011',800,,2576,44,,,0
140012019,'1179015',1930,,2577,44,,,0
140012019,'1179046',930,,2578,44,,,0
140012019,'1179102',1630,,2579,44,,,0
140012019,'1179154',1430,,2580,44,,,0
140012019,'1179183',2030,,2581,44,,,0
140012019,'1179185',1000,,2582,44,,,0
140012019,'1179230',1030,,2584,44,,,0
140012019,'1179233',1630,,2585,44,,,0
140012019,'1179236',830,,2586,44,,,0
140012019,'1179238',1530,,2587,44,,,0
140012019,'1179244',2130,,2588,44,,,0
140012019,'1179245',1930,,2589,44,,,0
140012019,'1179250',730,,2590,22,,,0
140012019,'1179261',1130,,2592,44,,,0
140012019,'1179316',2030,,2593,44,,,0
140012019,'1179325',900,,2594,44,,,0
140012019,'1179348',1330,,2595,44,,,0
140012019,'1179359',1800,,2596,44,,,0
140012019,'1179372',2230,,2597,44,,,0
140012019,'1179387',1330,,2598,44,,,0
140012019,'1179399',1200,,2599,44,,,0
140012019,'1179425',2130,,2600,44,,,0
140012019,'1179444',1700,,2601,44,,,0
140012019,'1179495',1430,,2602,44,,,0
140012019,'1179499',1600,,2603,44,,,0
140012019,'1179510',1730,,2604,44,,,0
140012019,'1179511',2230,,2605,44,,,0
140012019,'1179526',1830,,2606,44,,,0
140012019,'1179556',1130,,2607,44,,,0
140012019,'1179567',1300,,2608,44,,,0
140012019,'1179644',1830,,2610,44,,,0
140012019,'1179693',1100,,2611,44,,,0
140012019,'1179704',1530,,2612,44,,,0
140012019,'1179715',1730,,2613,44,,,0
