140029,'1178990',1427,,2339,7,,,0
140029,'1179039',1127,,2340,7,,,0
140029,'1179106',1027,,2341,7,,,0
140029,'1179281',1327,,2342,7,,,0
140029,'1179335',1627,,2343,7,,,0
140029,'1179461',1727,,2344,7,,,0
140029,'1179478',1527,,2345,7,,,0
140029,'1179522',1227,,2346,7,,,0
140029,'1179651',927,,2347,7,,,0
190015019,'1178937',1118,,2803,6,,,0
190015019,'1178938',2248,,2804,6,0,12,0
190015019,'1178958',948,,2805,6,,,0
190015019,'1178960',1048,,2806,6,,,0
190015019,'1178991',2148,,2807,6,0,12,0
190015019,'1179018',1348,,2808,6,,,0
190015019,'1179054',1248,,2809,6,,,0
190015019,'1179073',1318,,2810,6,,,0
190015019,'1179089',1148,,2812,6,,,0
190015019,'1179095',1648,,2813,6,,,0
190015019,'1179126',1748,,2814,6,,,0
190015019,'1179130',1548,,2815,6,,,0
190015019,'1179152',918,,2816,6,,,0
190015019,'1179165',2148,,2817,6,0,12,0
190015019,'1179169',948,,2818,6,,,0
190015019,'1179170',748,,2819,6,,,0
190015019,'1179189',748,,2820,6,,,0
190015019,'1179226',1748,,2821,6,,,0
190015019,'1179241',1818,,2822,6,0,12,0
190015019,'1179257',2048,,2823,6,,,0
190015019,'1179260',1648,,2824,6,,,0
190015019,'1179269',2248,,2825,6,0,12,0
190015019,'1179280',1448,,2826,6,,,0
190015019,'1179329',1618,,2827,6,,,0
190015019,'1179378',1948,,2828,6,,,0
190015019,'1179382',1718,,2829,6,,,0
190015019,'1179400',1848,,2830,6,,,0
190015019,'1179414',1448,,2831,6,,,0
190015019,'1179456',1518,,2832,6,,,0
190015019,'1179465',1548,,2833,6,,,0
190015019,'1179466',848,,2834,6,,,0
190015019,'1179468',1948,,2835,6,,,0
190015019,'1179480',1248,,2836,6,,,0
190015019,'1179489',1218,,2837,6,,,0
190015019,'1179491',1048,,2838,6,,,0
190015019,'1179501',1018,,2839,6,,,0
190015019,'1179525',648,,2840,6,,,0
190015019,'1179560',2048,,2841,6,,,0
190015019,'1179563',1348,,2842,6,,,0
190015019,'1179576',1848,,2843,6,,,0
190015019,'1179602',818,,2844,6,,,0
190015019,'1179633',718,,2845,6,,,0
190015019,'1179652',848,,2847,6,,,0
190015019,'1179679',1418,,2848,6,,,0
190015019,'1179703',1148,,2849,6,,,0
190015019,'1179716',648,,2850,6,,,0
