150029,'1178980',1105,,2357,12,,,0
150029,'1179059',905,,2358,12,,,0
150029,'1179210',1305,,2359,12,,,0
150029,'1179274',1705,,2360,12,,,0
150029,'1179311',1005,,2361,12,,,0
150029,'1179362',1605,,2362,12,,,0
150029,'1179450',1405,,2363,12,,,0
150029,'1179616',1205,,2364,12,,,0
150029,'1179674',1505,,2365,12,,,0
300019,'1178918',1154,,2441,9,0,23 24 2 26,0
300019,'1178931',754,,2442,9,0,23 24 2 26,0
300019,'1178939',1354,,2443,9,0,23 24 2 26,0
300019,'1178975',1454,,2445,9,0,23 24 2 26,0
300019,'1178982',1654,,2446,9,0,23 24 2 26,0
300019,'1179001',724,,2449,9,0,23 24 2 26,0
300019,'1179003',1954,,2450,9,0,23 24 2 26,0
300019,'1179008',2154,,2451,9,0,8 9 2 26,0
300019,'1179030',1854,,2452,9,0,23 24 2 26,0
300019,'1179058',1054,,2455,9,0,23 24 2 26,0
300019,'1179066',1754,,2457,9,0,23 24 2 26,0
300019,'1179109',1824,,2459,9,0,8 9 2 26,0
300019,'1179110',954,,2460,9,0,23 24 2 26,0
300019,'1179115',924,,2461,9,0,23 24 2 26,0
300019,'1179121',1754,,2462,9,0,23 24 2 26,0
300019,'1179125',1954,,2463,9,0,23 24 2 26,0
300019,'1179194',824,,2466,9,0,23 24 2 26,0
300019,'1179246',754,,2469,9,0,23 24 2 26,0
300019,'1179279',854,,2472,9,0,23 24 2 26,0
300019,'1179295',2054,,2474,9,0,23 24 2 26,0
300019,'1179331',1254,,2477,9,0,23 24 2 26,0
300019,'1179355',1154,,2479,9,0,23 24 2 26,0
300019,'1179379',2154,,2482,9,0,8 9 2 26,0
300019,'1179390',1454,,2483,9,0,23 24 2 26,0
300019,'1179397',1624,,2484,9,0,23 24 2 26,0
300019,'1179404',2054,,2485,9,0,23 24 2 26,0
300019,'1179435',1554,,2490,9,0,23 24 2 26,0
300019,'1179448',1354,,2491,9,0,23 24 2 26,0
300019,'1179484',1254,,2496,9,0,23 24 2 26,0
300019,'1179490',1054,,2497,9,0,23 24 2 26,0
300019,'1179508',954,,2499,9,0,23 24 2 26,0
300019,'1179549',854,,2502,9,0,23 24 2 26,0
300019,'1179566',1654,,2505,9,0,23 24 2 26,0
300019,'1179568',1854,,2506,9,0,23 24 2 26,0
300019,'1179593',1024,,2510,9,0,8 9 2 26,0
300019,'1179622',1724,,2515,9,0,23 24 2 26,0
300019,'1179649',1554,,2519,9,0,23 24 2 26,0
190015019,'1178937',1154,,2803,37,,,0
190015019,'1178958',1024,,2805,37,,,0
190015019,'1178960',1124,,2806,37,,,0
190015019,'1179018',1424,,2808,37,,,0
190015019,'1179054',1324,,2809,37,,,0
190015019,'1179073',1354,,2810,37,,,0
190015019,'1179083',624,,2811,12,,,0
190015019,'1179089',1224,,2812,37,,,0
190015019,'1179095',1724,,2813,37,,,0
190015019,'1179126',1824,,2814,37,,,0
190015019,'1179130',1624,,2815,37,,,0
190015019,'1179152',954,,2816,37,,,0
190015019,'1179169',1024,,2818,37,,,0
190015019,'1179170',824,,2819,37,,,0
190015019,'1179189',824,,2820,37,,,0
190015019,'1179226',1824,,2821,37,,,0
190015019,'1179257',2124,,2823,37,,,0
190015019,'1179260',1724,,2824,37,,,0
190015019,'1179280',1524,,2826,37,,,0
190015019,'1179329',1654,,2827,37,,,0
190015019,'1179378',2024,,2828,37,,,0
190015019,'1179382',1754,,2829,37,,,0
190015019,'1179400',1924,,2830,37,,,0
190015019,'1179414',1524,,2831,37,,,0
190015019,'1179456',1554,,2832,37,,,0
190015019,'1179465',1624,,2833,37,,,0
190015019,'1179466',924,,2834,37,,,0
190015019,'1179468',2024,,2835,37,,,0
190015019,'1179480',1324,,2836,37,,,0
190015019,'1179489',1254,,2837,37,,,0
190015019,'1179491',1124,,2838,37,,,0
190015019,'1179501',1054,,2839,37,,,0
190015019,'1179525',724,,2840,37,,,0
190015019,'1179560',2124,,2841,37,,,0
190015019,'1179563',1424,,2842,37,,,0
190015019,'1179576',1924,,2843,37,,,0
190015019,'1179602',854,,2844,37,,,0
190015019,'1179633',754,,2845,37,,,0
190015019,'1179637',654,,2846,12,,,0
190015019,'1179652',924,,2847,37,,,0
190015019,'1179679',1454,,2848,37,,,0
190015019,'1179703',1224,,2849,37,,,0
190015019,'1179716',724,,2850,37,,,0
