140019,'1178969',1350,,2330,35,,,0
140019,'1178977',1550,,2331,35,,,0
140019,'1179164',1650,,2332,35,,,0
140019,'1179344',1450,,2333,35,,,0
140019,'1179352',950,,2334,35,,,0
140019,'1179462',1250,,2335,35,,,0
140019,'1179512',1150,,2336,35,,,0
140019,'1179518',1050,,2337,35,,,0
140019,'1179634',1803,,2338,35,,,0
140014019,'1178954',1633,,2614,42,,,0
140014019,'1178955',1203,,2615,42,,,0
140014019,'1178974',1033,,2616,42,,,0
140014019,'1179007',1831,,2617,42,,,0
140014019,'1179027',1533,,2618,42,,,0
140014019,'1179052',831,,2619,42,,,0
140014019,'1179079',803,,2620,42,,,0
140014019,'1179080',1531,,2621,42,,,0
140014019,'1179082',903,,2622,42,,,0
140014019,'1179084',733,,2623,42,,,0
140014019,'1179111',2233,,2624,42,,,0
140014019,'1179143',833,,2625,42,,,0
140014019,'1179200',1303,,2626,42,,,0
140014019,'1179207',1803,,2627,42,,,0
140014019,'1179221',1431,,2628,42,,,0
140014019,'1179271',1233,,2629,42,,,0
140014019,'1179298',1731,,2630,42,,,0
140014019,'1179320',1503,,2631,42,,,0
140014019,'1179323',1031,,2632,42,,,0
140014019,'1179337',631,,2633,14,,,0
140014019,'1179350',931,,2634,42,,,0
140014019,'1179353',1833,,2635,42,,,0
140014019,'1179366',2031,,2636,42,,,0
140014019,'1179392',1631,,2637,42,,,0
140014019,'1179403',1933,,2638,42,,,0
140014019,'1179417',731,,2639,21,,,0
140014019,'1179433',1433,,2640,42,,,0
140014019,'1179443',1003,,2641,42,,,0
140014019,'1179446',1231,,2642,42,,,0
140014019,'1179449',1103,,2643,42,,,0
140014019,'1179493',1133,,2644,42,,,0
140014019,'1179513',633,,2645,14,,,0
140014019,'1179524',1733,,2646,42,,,0
140014019,'1179535',1403,,2647,42,,,0
140014019,'1179547',1331,,2648,42,,,0
140014019,'1179550',703,,2649,21,,,0
140014019,'1179561',1603,,2651,42,,,0
140014019,'1179577',1333,,2652,42,,,0
140014019,'1179598',2133,,2653,42,,,0
140014019,'1179600',2231,,2654,42,,,0
140014019,'1179608',1931,,2655,42,,,0
140014019,'1179636',1703,,2656,42,,,0
140014019,'1179638',933,,2657,42,,,0
140014019,'1179648',2033,,2658,42,,,0
140014019,'1179654',2131,,2659,42,,,0
140014019,'1179662',1131,,2660,42,,,0
