120029,'1179032',1549,,2303,31,,,0
120029,'1179055',1349,,2304,31,,,0
120029,'1179056',1649,,2305,31,,,0
120029,'1179099',1802,,2306,31,,,0
120029,'1179153',949,,2307,31,,,0
120029,'1179222',1449,,2308,31,,,0
120029,'1179429',1149,,2309,31,,,0
120029,'1179447',1049,,2310,31,,,0
120029,'1179575',1249,,2311,31,,,0
140010019,'1178921',1521,,2523,41,,,0
140010019,'1178922',1021,,2524,42,,,0
140010019,'1178936',752,,2525,41,,,0
140010019,'1178979',1121,,2527,42,,,0
140010019,'1179012',822,,2528,42,,,0
140010019,'1179037',2022,,2529,41,,,0
140010019,'1179103',1622,,2530,42,,,0
140010019,'1179131',1221,,2532,41,,,0
140010019,'1179140',2222,,2533,41,,,0
140010019,'1179157',722,,2535,41,,,0
140010019,'1179167',1121,,2536,41,,,0
140010019,'1179178',1822,,2537,42,,,0
140010019,'1179180',2222,,2538,42,,,0
140010019,'1179188',1521,,2539,42,,,0
140010019,'1179217',2022,,2540,42,,,0
140010019,'1179251',1652,,2542,41,,,0
140010019,'1179253',852,,2543,41,,,0
140010019,'1179268',1752,,2544,41,,,0
140010019,'1179270',1722,,2545,42,,,0
140010019,'1179302',722,,2546,9,,,0
140010019,'1179336',922,,2547,41,,,0
140010019,'1179347',822,,2548,41,,,0
140010019,'1179361',2122,,2549,41,,,0
140010019,'1179396',2122,,2550,42,,,0
140010019,'1179415',1221,,2552,42,,,0
140010019,'1179445',1421,,2553,41,,,0
140010019,'1179452',1822,,2554,41,,,0
140010019,'1179453',1421,,2555,42,,,0
140010019,'1179479',1321,,2556,41,,,0
140010019,'1179494',1722,,2558,41,,,0
140010019,'1179496',1622,,2559,41,,,0
140010019,'1179544',1922,,2561,41,,,0
140010019,'1179613',1922,,2563,42,,,0
140010019,'1179620',922,,2564,42,,,0
140010019,'1179659',1321,,2566,42,,,0
140010019,'1179692',1021,,2567,41,,,0
