200019,'1179038',1435,,2384,4,,,0
200019,'1179081',1635,,2385,4,,,0
200019,'1179174',935,,2386,4,,,0
200019,'1179259',1135,,2387,4,,,0
200019,'1179289',1535,,2388,4,,,0
200019,'1179460',1735,,2389,4,,,0
200019,'1179585',1035,,2390,4,,,0
200019,'1179594',1335,,2391,4,,,0
200019,'1179655',1235,,2392,4,,,0
140016019,'1178912',1650,,2661,6,,,0
140016019,'1178941',750,,2662,6,,,0
140016019,'1179017',1220,,2664,6,0,8 21,0
140016019,'1179051',2150,,2665,6,,,0
140016019,'1179077',1720,,2667,6,,,0
140016019,'1179112',1850,,2668,6,,,0
140016019,'1179129',1150,,2669,6,,,0
140016019,'1179136',1450,,2670,6,,,0
140016019,'1179158',1250,,2671,6,,,0
140016019,'1179191',850,,2672,6,,,0
140016019,'1179213',950,,2673,6,,,0
140016019,'1179234',1350,,2675,6,,,0
140016019,'1179254',1120,,2676,6,0,8 21,0
140016019,'1179256',820,,2677,6,,,0
140016019,'1179267',750,,2678,6,,,0
140016019,'1179284',1850,,2679,6,,,0
140016019,'1179299',2150,,2681,6,,,0
140016019,'1179304',1250,,2682,6,,,0
140016019,'1179312',1550,,2683,6,,,0
140016019,'1179318',1750,,2684,6,,,0
140016019,'1179330',1950,,2685,6,,,0
140016019,'1179333',1350,,2686,6,,,0
140016019,'1179351',920,,2687,6,0,8 21,0
140016019,'1179357',1050,,2688,6,,,0
140016019,'1179371',1450,,2689,6,,,0
140016019,'1179389',1620,,2690,6,,,0
140016019,'1179416',1550,,2691,6,,,0
140016019,'1179464',2050,,2693,6,,,0
140016019,'1179475',850,,2694,6,,,0
140016019,'1179481',1650,,2695,6,,,0
140016019,'1179503',1420,,2696,6,0,8 21,0
140016019,'1179517',1520,,2697,6,,,0
140016019,'1179520',1950,,2698,6,,,0
140016019,'1179536',720,,2699,6,,,0
140016019,'1179538',650,,2700,6,,,0
140016019,'1179562',1320,,2701,6,0,8 21,0
140016019,'1179569',1820,,2702,6,0,8 21,0
140016019,'1179601',2050,,2703,6,,,0
140016019,'1179604',1050,,2704,6,,,0
140016019,'1179627',1150,,2705,6,,,0
140016019,'1179663',950,,2706,6,,,0
140016019,'1179681',1020,,2707,6,0,8 21,0
140016019,'1179687',1750,,2708,6,,,0
