130029,'1178925',1513,,2321,26,,,0
130029,'1178989',1413,,2322,26,,,0
130029,'1179023',1613,,2323,26,,,0
130029,'1179120',1713,,2324,26,,,0
130029,'1179168',1313,,2325,26,,,0
130029,'1179423',913,,2326,26,,,0
130029,'1179469',1213,,2327,26,,,0
130029,'1179639',1013,,2328,26,,,0
130029,'1179657',1113,,2329,26,,,0
150029,'1178980',1130,,2357,37,,,0
150029,'1179059',930,,2358,37,,,0
150029,'1179210',1330,,2359,37,,,0
150029,'1179274',1730,,2360,37,,,0
150029,'1179311',1030,,2361,37,,,0
150029,'1179362',1630,,2362,37,,,0
150029,'1179450',1430,,2363,37,,,0
150029,'1179616',1230,,2364,37,,,0
150029,'1179674',1530,,2365,37,,,0
300019,'1178915',1011,,2440,20,0,23 24 2 25,0
300019,'1178996',1841,,2447,20,0,23 24 2 25,0
300019,'1178999',741,,2448,20,0,23 24 2 25,0
300019,'1179042',811,,2453,20,0,23 24 2 25,0
300019,'1179065',1141,,2456,20,0,23 24 2 25,0
300019,'1179094',741,,2458,19,0,23 24 2 25,0
300019,'1179132',1241,,2464,20,0,23 24 2 25,0
300019,'1179142',1541,,2465,20,0,23 24 2 25,0
300019,'1179211',1741,,2467,20,0,23 24 2 25,0
300019,'1179220',1041,,2468,20,0,23 24 2 25,0
300019,'1179258',1841,,2470,20,0,23 24 2 25,0
300019,'1179264',1341,,2471,20,0,23 24 2 25,0
300019,'1179288',1741,,2473,20,0,23 24 2 25,0
300019,'1179349',1541,,2478,20,0,23 24 2 25,0
300019,'1179356',1641,,2480,20,0,23 24 2 25,0
300019,'1179360',2141,,2481,20,0,23 24 2 25,0
300019,'1179405',1241,,2486,20,0,23 24 2 25,0
300019,'1179406',1041,,2487,20,0,23 24 2 25,0
300019,'1179409',1611,,2488,20,0,23 24 2 25,0
300019,'1179420',1341,,2489,20,0,23 24 2 25,0
300019,'1179454',1441,,2492,20,0,23 24 2 25,0
300019,'1179463',941,,2493,20,0,23 24 2 25,0
300019,'1179467',841,,2494,20,0,23 24 2 25,0
300019,'1179470',1141,,2495,20,0,23 24 2 25,0
300019,'1179502',2041,,2498,20,0,23 24 2 25,0
300019,'1179527',1941,,2500,20,0,23 24 2 25,0
300019,'1179532',841,,2501,20,0,23 24 2 25,0
300019,'1179554',2141,,2504,20,0,23 24 2 25,0
300019,'1179570',1641,,2507,20,0,23 24 2 25,0
300019,'1179580',1941,,2508,20,0,23 24 2 25,0
300019,'1179597',911,,2511,20,0,23 24 2 25,0
300019,'1179607',711,,2512,19,0,23 24 2 25,0
300019,'1179614',1441,,2513,20,0,23 24 2 25,0
300019,'1179617',1811,,2514,20,0,23 24 2 25,0
300019,'1179624',1711,,2516,20,0,23 24 2 25,0
300019,'1179643',2041,,2518,20,0,23 24 2 25,0
300019,'1179713',941,,2521,20,0,23 24 2 25,0
140014019,'1178954',1553,,2614,13,,,0
140014019,'1178955',1123,,2615,13,,,0
140014019,'1178974',953,,2616,13,,,0
140014019,'1179007',1753,,2617,13,,,0
140014019,'1179027',1453,,2618,13,,,0
140014019,'1179052',753,,2619,13,,,0
140014019,'1179079',723,,2620,13,,,0
140014019,'1179080',1453,,2621,13,,,0
140014019,'1179082',823,,2622,13,,,0
140014019,'1179084',653,,2623,13,,,0
140014019,'1179111',2153,,2624,13,,,0
140014019,'1179143',753,,2625,13,,,0
140014019,'1179200',1223,,2626,13,,,0
140014019,'1179207',1723,,2627,13,,,0
140014019,'1179221',1353,,2628,13,,,0
140014019,'1179271',1153,,2629,13,,,0
140014019,'1179298',1653,,2630,13,,,0
140014019,'1179320',1423,,2631,13,,,0
140014019,'1179323',953,,2632,13,,,0
140014019,'1179350',853,,2634,13,,,0
140014019,'1179353',1753,,2635,13,,,0
140014019,'1179366',1953,,2636,13,,,0
140014019,'1179392',1553,,2637,13,,,0
140014019,'1179403',1853,,2638,13,,,0
140014019,'1179433',1353,,2640,13,,,0
140014019,'1179443',923,,2641,13,,,0
140014019,'1179446',1153,,2642,13,,,0
140014019,'1179449',1023,,2643,13,,,0
140014019,'1179493',1053,,2644,13,,,0
140014019,'1179524',1653,,2646,13,,,0
140014019,'1179535',1323,,2647,13,,,0
140014019,'1179547',1253,,2648,13,,,0
140014019,'1179557',1823,,2650,13,0,8 21,0
140014019,'1179561',1523,,2651,13,,,0
140014019,'1179577',1253,,2652,13,,,0
140014019,'1179598',2053,,2653,13,,,0
140014019,'1179600',2153,,2654,13,,,0
140014019,'1179608',1853,,2655,13,,,0
140014019,'1179636',1623,,2656,13,,,0
140014019,'1179638',853,,2657,13,,,0
140014019,'1179648',1953,,2658,13,,,0
140014019,'1179654',2053,,2659,13,,,0
140014019,'1179662',1053,,2660,13,,,0
190013019,'1178916',1704,,2757,58,,,0
190013019,'1178919',2034,,2758,58,,,0
190013019,'1178920',1204,,2759,58,,,0
190013019,'1178929',834,,2760,58,,,0
190013019,'1178930',1734,,2761,58,,,0
190013019,'1178972',2034,,2762,58,,,0
190013019,'1178983',1304,,2763,58,,,0
190013019,'1178994',2234,,2764,58,,,0
190013019,'1178997',1234,,2765,58,,,0
190013019,'1179048',1604,,2766,58,,,0
190013019,'1179062',1634,,2767,58,,,0
190013019,'1179074',1404,,2768,58,,,0
190013019,'1179087',1334,,2769,58,,,0
190013019,'1179104',1104,,2770,58,,,0
190013019,'1179187',934,,2772,58,,,0
190013019,'1179202',1134,,2773,58,,,0
190013019,'1179203',1034,,2774,58,,,0
190013019,'1179212',1534,,2775,58,,,0
190013019,'1179219',1334,,2776,58,,,0
190013019,'1179243',834,,2777,58,,,0
190013019,'1179287',2234,,2778,58,,,0
190013019,'1179292',1134,,2779,58,,,0
190013019,'1179300',804,,2780,58,,,0
190013019,'1179354',634,,2781,26,,,0
190013019,'1179373',1034,,2782,58,,,0
190013019,'1179380',1434,,2783,58,,,0
190013019,'1179402',1434,,2784,58,,,0
190013019,'1179411',1504,,2785,58,,,0
190013019,'1179457',1934,,2786,58,,,0
190013019,'1179504',734,,2787,58,,,0
190013019,'1179507',1004,,2788,58,,,0
190013019,'1179509',1234,,2789,58,,,0
190013019,'1179516',1634,,2790,58,,,0
190013019,'1179531',2134,,2791,58,,,0
190013019,'1179537',934,,2792,58,,,0
190013019,'1179539',1834,,2793,58,,,0
190013019,'1179546',734,,2794,58,,,0
190013019,'1179553',1934,,2795,58,,,0
190013019,'1179581',704,,2796,26,,,0
190013019,'1179591',1734,,2797,58,,,0
190013019,'1179611',1804,,2798,58,,,0
190013019,'1179635',1534,,2799,58,,,0
190013019,'1179694',904,,2800,58,,,0
190013019,'1179701',2134,,2801,58,,,0
190013019,'1179717',1834,,2802,58,,,0
