120029,'1179032',1526,,2303,14,,,0
120029,'1179055',1326,,2304,14,,,0
120029,'1179056',1626,,2305,14,,,0
120029,'1179099',1726,,2306,14,,,0
120029,'1179153',926,,2307,14,,,0
120029,'1179222',1426,,2308,14,,,0
120029,'1179429',1126,,2309,14,,,0
120029,'1179447',1026,,2310,14,,,0
120029,'1179575',1226,,2311,14,,,0
190017019,'1178928',1651,,2851,14,,,0
190017019,'1178932',921,,2852,14,,,0
190017019,'1179000',2151,,2854,14,0,8 21,0
190017019,'1179014',1821,,2855,14,0,8 21,0
190017019,'1179016',621,,2856,14,,,0
190017019,'1179057',2251,,2857,14,0,8 21,0
190017019,'1179092',651,,2859,14,,,0
190017019,'1179124',1551,,2860,14,,,0
190017019,'1179128',1051,,2861,14,,,0
190017019,'1179133',2151,,2862,14,0,8 21,0
190017019,'1179151',1851,,2863,14,,,0
190017019,'1179161',1721,,2864,14,,,0
190017019,'1179166',951,,2865,14,,,0
190017019,'1179196',651,,2866,14,,,0
190017019,'1179242',1151,,2867,14,,,0
190017019,'1179273',2051,,2868,14,,,0
190017019,'1179277',821,,2869,14,,,0
190017019,'1179293',1251,,2870,14,,,0
190017019,'1179306',1851,,2871,14,,,0
190017019,'1179327',1451,,2873,14,,,0
190017019,'1179385',751,,2876,14,,,0
190017019,'1179401',1951,,2877,14,,,0
190017019,'1179427',1251,,2878,14,,,0
190017019,'1179455',1351,,2879,14,,,0
190017019,'1179519',1751,,2881,14,,,0
190017019,'1179529',2251,,2882,14,0,8 21,0
190017019,'1179533',721,,2883,14,,,0
190017019,'1179573',1151,,2885,14,,,0
190017019,'1179579',1051,,2886,14,,,0
190017019,'1179599',2051,,2887,14,,,0
190017019,'1179610',1951,,2888,14,,,0
190017019,'1179621',851,,2889,14,,,0
190017019,'1179625',1351,,2890,14,,,0
190017019,'1179626',1621,,2891,14,,,0
190017019,'1179631',1751,,2892,14,,,0
190017019,'1179667',751,,2893,14,,,0
190017019,'1179680',1551,,2894,14,,,0
190017019,'1179683',851,,2895,14,,,0
190017019,'1179686',1451,,2896,14,,,0
190017019,'1179699',951,,2897,14,,,0
190017019,'1179710',1651,,2898,14,,,0
