120019,'1178966',1322,,2294,6,,,0
120019,'1178998',1522,,2295,6,,,0
120019,'1179031',1622,,2296,6,,,0
120019,'1179149',1422,,2297,6,,,0
120019,'1179182',1122,,2298,6,,,0
120019,'1179282',922,,2299,6,,,0
120019,'1179296',1722,,2300,6,,,0
120019,'1179596',1022,,2301,6,,,0
120019,'1179628',1222,,2302,6,,,0
190013019,'1178916',1613,,2757,6,,,0
190013019,'1178919',1943,,2758,6,,,0
190013019,'1178920',1113,,2759,6,,,0
190013019,'1178929',743,,2760,6,,,0
190013019,'1178930',1643,,2761,6,,,0
190013019,'1178972',1943,,2762,6,,,0
190013019,'1178983',1213,,2763,6,,,0
190013019,'1178994',2143,,2764,6,,,0
190013019,'1178997',1143,,2765,6,,,0
190013019,'1179048',1513,,2766,6,,,0
190013019,'1179062',1543,,2767,6,,,0
190013019,'1179074',1313,,2768,6,,,0
190013019,'1179087',1243,,2769,6,,,0
190013019,'1179104',1013,,2770,6,,,0
190013019,'1179171',1813,,2771,6,0,8 21,0
190013019,'1179187',843,,2772,6,,,0
190013019,'1179202',1043,,2773,6,,,0
190013019,'1179203',943,,2774,6,,,0
190013019,'1179212',1443,,2775,6,,,0
190013019,'1179219',1243,,2776,6,,,0
190013019,'1179243',743,,2777,6,,,0
190013019,'1179287',2143,,2778,6,,,0
190013019,'1179292',1043,,2779,6,,,0
190013019,'1179300',713,,2780,6,,,0
190013019,'1179373',943,,2782,6,,,0
190013019,'1179380',1343,,2783,6,,,0
190013019,'1179402',1343,,2784,6,,,0
190013019,'1179411',1413,,2785,6,,,0
190013019,'1179457',1843,,2786,6,,,0
190013019,'1179504',643,,2787,6,,,0
190013019,'1179507',913,,2788,6,,,0
190013019,'1179509',1143,,2789,6,,,0
190013019,'1179516',1543,,2790,6,,,0
190013019,'1179531',2043,,2791,6,,,0
190013019,'1179537',843,,2792,6,,,0
190013019,'1179539',1743,,2793,6,,,0
190013019,'1179546',643,,2794,6,,,0
190013019,'1179553',1843,,2795,6,,,0
190013019,'1179591',1643,,2797,6,,,0
190013019,'1179611',1713,,2798,6,,,0
190013019,'1179635',1443,,2799,6,,,0
190013019,'1179694',813,,2800,6,,,0
190013019,'1179701',2043,,2801,6,,,0
190013019,'1179717',1743,,2802,6,,,0
