140029,'1178990',1425,,2339,6,,,0
140029,'1179039',1125,,2340,6,,,0
140029,'1179106',1025,,2341,6,,,0
140029,'1179281',1325,,2342,6,,,0
140029,'1179335',1625,,2343,6,,,0
140029,'1179461',1725,,2344,6,,,0
140029,'1179478',1525,,2345,6,,,0
140029,'1179522',1225,,2346,6,,,0
140029,'1179651',925,,2347,6,,,0
190015019,'1178937',1117,,2803,5,,,0
190015019,'1178938',2247,,2804,5,0,12,0
190015019,'1178958',947,,2805,5,,,0
190015019,'1178960',1047,,2806,5,,,0
190015019,'1178991',2147,,2807,5,0,12,0
190015019,'1179018',1347,,2808,5,,,0
190015019,'1179054',1247,,2809,5,,,0
190015019,'1179073',1317,,2810,5,,,0
190015019,'1179089',1147,,2812,5,,,0
190015019,'1179095',1647,,2813,5,,,0
190015019,'1179126',1747,,2814,5,,,0
190015019,'1179130',1547,,2815,5,,,0
190015019,'1179152',917,,2816,5,,,0
190015019,'1179165',2147,,2817,5,0,12,0
190015019,'1179169',947,,2818,5,,,0
190015019,'1179170',747,,2819,5,,,0
190015019,'1179189',747,,2820,5,,,0
190015019,'1179226',1747,,2821,5,,,0
190015019,'1179241',1817,,2822,5,0,12,0
190015019,'1179257',2047,,2823,5,,,0
190015019,'1179260',1647,,2824,5,,,0
190015019,'1179269',2247,,2825,5,0,12,0
190015019,'1179280',1447,,2826,5,,,0
190015019,'1179329',1617,,2827,5,,,0
190015019,'1179378',1947,,2828,5,,,0
190015019,'1179382',1717,,2829,5,,,0
190015019,'1179400',1847,,2830,5,,,0
190015019,'1179414',1447,,2831,5,,,0
190015019,'1179456',1517,,2832,5,,,0
190015019,'1179465',1547,,2833,5,,,0
190015019,'1179466',847,,2834,5,,,0
190015019,'1179468',1947,,2835,5,,,0
190015019,'1179480',1247,,2836,5,,,0
190015019,'1179489',1217,,2837,5,,,0
190015019,'1179491',1047,,2838,5,,,0
190015019,'1179501',1017,,2839,5,,,0
190015019,'1179525',647,,2840,5,,,0
190015019,'1179560',2047,,2841,5,,,0
190015019,'1179563',1347,,2842,5,,,0
190015019,'1179576',1847,,2843,5,,,0
190015019,'1179602',817,,2844,5,,,0
190015019,'1179633',717,,2845,5,,,0
190015019,'1179652',847,,2847,5,,,0
190015019,'1179679',1417,,2848,5,,,0
190015019,'1179703',1147,,2849,5,,,0
190015019,'1179716',647,,2850,5,,,0
