120019,'1178966',1358,,2294,43,,,0
120019,'1178998',1558,,2295,43,,,0
120019,'1179031',1658,,2296,43,,,0
120019,'1179149',1458,,2297,43,,,0
120019,'1179182',1158,,2298,43,,,0
120019,'1179282',958,,2299,43,,,0
120019,'1179296',1811,,2300,43,,,0
120019,'1179596',1058,,2301,43,,,0
120019,'1179628',1258,,2302,43,,,0
140016019,'1178912',1732,,2661,44,,,0
140016019,'1178941',832,,2662,44,,,0
140016019,'1179005',632,,2663,1,,,0
140016019,'1179051',2232,,2665,44,,,0
140016019,'1179063',732,,2666,24,,,0
140016019,'1179077',1802,,2667,44,,,0
140016019,'1179112',1932,,2668,44,,,0
140016019,'1179129',1232,,2669,44,,,0
140016019,'1179136',1532,,2670,44,,,0
140016019,'1179158',1332,,2671,44,,,0
140016019,'1179191',932,,2672,44,,,0
140016019,'1179213',1032,,2673,44,,,0
140016019,'1179225',702,,2674,1,,,0
140016019,'1179234',1432,,2675,44,,,0
140016019,'1179256',902,,2677,44,,,0
140016019,'1179267',832,,2678,44,,,0
140016019,'1179284',1932,,2679,44,,,0
140016019,'1179286',605,,2680,1,,,0
140016019,'1179299',2232,,2681,44,,,0
140016019,'1179304',1332,,2682,44,,,0
140016019,'1179312',1632,,2683,44,,,0
140016019,'1179318',1832,,2684,44,,,0
140016019,'1179330',2032,,2685,44,,,0
140016019,'1179333',1432,,2686,44,,,0
140016019,'1179357',1132,,2688,44,,,0
140016019,'1179371',1532,,2689,44,,,0
140016019,'1179389',1702,,2690,44,,,0
140016019,'1179416',1632,,2691,44,,,0
140016019,'1179440',632,,2692,1,,,0
140016019,'1179464',2132,,2693,44,,,0
140016019,'1179475',932,,2694,44,,,0
140016019,'1179481',1732,,2695,44,,,0
140016019,'1179517',1602,,2697,44,,,0
140016019,'1179520',2032,,2698,44,,,0
140016019,'1179536',802,,2699,44,,,0
140016019,'1179538',732,,2700,44,,,0
140016019,'1179601',2132,,2703,44,,,0
140016019,'1179604',1132,,2704,44,,,0
140016019,'1179627',1232,,2705,44,,,0
140016019,'1179663',1032,,2706,44,,,0
140016019,'1179687',1832,,2708,44,,,0
