140029,'1178990',1502,,2339,40,,,0
140029,'1179039',1202,,2340,40,,,0
140029,'1179106',1102,,2341,40,,,0
140029,'1179281',1402,,2342,40,,,0
140029,'1179335',1702,,2343,40,,,0
140029,'1179461',1815,,2344,40,,,0
140029,'1179478',1602,,2345,40,,,0
140029,'1179522',1302,,2346,40,,,0
140029,'1179651',1002,,2347,40,,,0
140010019,'1178921',1528,,2523,55,,,0
140010019,'1178922',1031,,2524,56,,,0
140010019,'1178936',803,,2525,54,,,0
140010019,'1178979',1131,,2527,56,,,0
140010019,'1179012',833,,2528,55,,,0
140010019,'1179037',2033,,2529,54,,,0
140010019,'1179103',1633,,2530,55,,,0
140010019,'1179131',1228,,2532,55,,,0
140010019,'1179140',2233,,2533,54,,,0
140010019,'1179157',733,,2535,54,,,0
140010019,'1179167',1128,,2536,55,,,0
140010019,'1179178',1833,,2537,55,,,0
140010019,'1179180',2233,,2538,55,,,0
140010019,'1179188',1531,,2539,56,,,0
140010019,'1179217',2033,,2540,55,,,0
140010019,'1179251',1703,,2542,54,,,0
140010019,'1179253',903,,2543,54,,,0
140010019,'1179268',1803,,2544,54,,,0
140010019,'1179270',1733,,2545,55,,,0
140010019,'1179302',733,,2546,22,,,0
140010019,'1179336',933,,2547,54,,,0
140010019,'1179347',833,,2548,54,,,0
140010019,'1179361',2133,,2549,54,,,0
140010019,'1179396',2133,,2550,55,,,0
140010019,'1179415',1231,,2552,56,,,0
140010019,'1179445',1428,,2553,55,,,0
140010019,'1179452',1833,,2554,54,,,0
140010019,'1179453',1431,,2555,56,,,0
140010019,'1179479',1328,,2556,55,,,0
140010019,'1179494',1733,,2558,54,,,0
140010019,'1179496',1633,,2559,54,,,0
140010019,'1179544',1933,,2561,54,,,0
140010019,'1179613',1933,,2563,55,,,0
140010019,'1179620',933,,2564,55,,,0
140010019,'1179659',1331,,2566,56,,,0
140010019,'1179692',1028,,2567,55,,,0
