150029,'1178980',1106,,2357,14,,,0
150029,'1179059',906,,2358,14,,,0
150029,'1179210',1306,,2359,14,,,0
150029,'1179274',1706,,2360,14,,,0
150029,'1179311',1006,,2361,14,,,0
150029,'1179362',1606,,2362,14,,,0
150029,'1179450',1406,,2363,14,,,0
150029,'1179616',1206,,2364,14,,,0
150029,'1179674',1506,,2365,14,,,0
300019,'1178918',1155,,2441,11,0,23 24 2 26,0
300019,'1178931',755,,2442,11,0,23 24 2 26,0
300019,'1178939',1355,,2443,11,0,23 24 2 26,0
300019,'1178975',1455,,2445,11,0,23 24 2 26,0
300019,'1178982',1655,,2446,11,0,23 24 2 26,0
300019,'1179001',725,,2449,11,0,23 24 2 26,0
300019,'1179003',1955,,2450,11,0,23 24 2 26,0
300019,'1179008',2155,,2451,11,0,8 9 2 26,0
300019,'1179030',1855,,2452,11,0,23 24 2 26,0
300019,'1179058',1055,,2455,11,0,23 24 2 26,0
300019,'1179066',1755,,2457,11,0,23 24 2 26,0
300019,'1179109',1825,,2459,11,0,8 9 2 26,0
300019,'1179110',955,,2460,11,0,23 24 2 26,0
300019,'1179115',925,,2461,11,0,23 24 2 26,0
300019,'1179121',1755,,2462,11,0,23 24 2 26,0
300019,'1179125',1955,,2463,11,0,23 24 2 26,0
300019,'1179194',825,,2466,11,0,23 24 2 26,0
300019,'1179246',755,,2469,11,0,23 24 2 26,0
300019,'1179279',855,,2472,11,0,23 24 2 26,0
300019,'1179295',2055,,2474,11,0,23 24 2 26,0
300019,'1179331',1255,,2477,11,0,23 24 2 26,0
300019,'1179355',1155,,2479,11,0,23 24 2 26,0
300019,'1179379',2155,,2482,11,0,8 9 2 26,0
300019,'1179390',1455,,2483,11,0,23 24 2 26,0
300019,'1179397',1625,,2484,11,0,23 24 2 26,0
300019,'1179404',2055,,2485,11,0,23 24 2 26,0
300019,'1179435',1555,,2490,11,0,23 24 2 26,0
300019,'1179448',1355,,2491,11,0,23 24 2 26,0
300019,'1179484',1255,,2496,11,0,23 24 2 26,0
300019,'1179490',1055,,2497,11,0,23 24 2 26,0
300019,'1179508',955,,2499,11,0,23 24 2 26,0
300019,'1179549',855,,2502,11,0,23 24 2 26,0
300019,'1179566',1655,,2505,11,0,23 24 2 26,0
300019,'1179568',1855,,2506,11,0,23 24 2 26,0
300019,'1179593',1025,,2510,11,0,8 9 2 26,0
300019,'1179622',1725,,2515,11,0,23 24 2 26,0
300019,'1179649',1555,,2519,11,0,23 24 2 26,0
190015019,'1178937',1158,,2803,39,,,0
190015019,'1178958',1028,,2805,39,,,0
190015019,'1178960',1128,,2806,39,,,0
190015019,'1179018',1428,,2808,39,,,0
190015019,'1179054',1328,,2809,39,,,0
190015019,'1179073',1358,,2810,39,,,0
190015019,'1179083',628,,2811,14,,,0
190015019,'1179089',1228,,2812,39,,,0
190015019,'1179095',1728,,2813,39,,,0
190015019,'1179126',1828,,2814,39,,,0
190015019,'1179130',1628,,2815,39,,,0
190015019,'1179152',958,,2816,39,,,0
190015019,'1179169',1028,,2818,39,,,0
190015019,'1179170',828,,2819,39,,,0
190015019,'1179189',828,,2820,39,,,0
190015019,'1179226',1828,,2821,39,,,0
190015019,'1179257',2128,,2823,39,,,0
190015019,'1179260',1728,,2824,39,,,0
190015019,'1179280',1528,,2826,39,,,0
190015019,'1179329',1658,,2827,39,,,0
190015019,'1179378',2028,,2828,39,,,0
190015019,'1179382',1758,,2829,39,,,0
190015019,'1179400',1928,,2830,39,,,0
190015019,'1179414',1528,,2831,39,,,0
190015019,'1179456',1558,,2832,39,,,0
190015019,'1179465',1628,,2833,39,,,0
190015019,'1179466',928,,2834,39,,,0
190015019,'1179468',2028,,2835,39,,,0
190015019,'1179480',1328,,2836,39,,,0
190015019,'1179489',1258,,2837,39,,,0
190015019,'1179491',1128,,2838,39,,,0
190015019,'1179501',1058,,2839,39,,,0
190015019,'1179525',728,,2840,39,,,0
190015019,'1179560',2128,,2841,39,,,0
190015019,'1179563',1428,,2842,39,,,0
190015019,'1179576',1928,,2843,39,,,0
190015019,'1179602',858,,2844,39,,,0
190015019,'1179633',758,,2845,39,,,0
190015019,'1179637',658,,2846,14,,,0
190015019,'1179652',928,,2847,39,,,0
190015019,'1179679',1458,,2848,39,,,0
190015019,'1179703',1228,,2849,39,,,0
190015019,'1179716',728,,2850,39,,,0
