200029,'1178971',1059,,2393,16,,,0
200029,'1179034',1659,,2394,16,,,0
200029,'1179043',1259,,2395,16,,,0
200029,'1179091',1459,,2396,16,,,0
200029,'1179144',859,,2397,6,,,0
200029,'1179198',1159,,2398,16,,,0
200029,'1179283',1359,,2400,16,,,0
200029,'1179383',1559,,2401,16,,,0
200029,'1179689',959,,2402,16,,,0
190017019,'1178928',1719,,2851,38,,,0
190017019,'1178932',949,,2852,38,,,0
190017019,'1178967',1449,,2853,5,,,0
190017019,'1179016',649,,2856,38,,,0
190017019,'1179076',619,,2858,5,,,0
190017019,'1179092',719,,2859,38,,,0
190017019,'1179124',1619,,2860,38,,,0
190017019,'1179128',1119,,2861,38,,,0
190017019,'1179151',1919,,2863,38,,,0
190017019,'1179161',1749,,2864,38,,,0
190017019,'1179166',1019,,2865,38,,,0
190017019,'1179196',719,,2866,38,,,0
190017019,'1179242',1219,,2867,38,,,0
190017019,'1179273',2119,,2868,38,,,0
190017019,'1179277',849,,2869,38,,,0
190017019,'1179293',1319,,2870,38,,,0
190017019,'1179306',1919,,2871,38,,,0
190017019,'1179309',1349,,2872,5,,,0
190017019,'1179327',1519,,2873,38,,,0
190017019,'1179377',1549,,2874,5,,,0
190017019,'1179384',1249,,2875,5,,,0
190017019,'1179385',819,,2876,38,,,0
190017019,'1179401',2019,,2877,38,,,0
190017019,'1179427',1319,,2878,38,,,0
190017019,'1179455',1419,,2879,38,,,0
190017019,'1179492',1149,,2880,5,,,0
190017019,'1179519',1819,,2881,38,,,0
190017019,'1179533',749,,2883,38,,,0
190017019,'1179565',1049,,2884,5,,,0
190017019,'1179573',1219,,2885,38,,,0
190017019,'1179579',1119,,2886,38,,,0
190017019,'1179599',2119,,2887,38,,,0
190017019,'1179610',2019,,2888,38,,,0
190017019,'1179621',919,,2889,38,,,0
190017019,'1179625',1419,,2890,38,,,0
190017019,'1179626',1649,,2891,38,,,0
190017019,'1179631',1819,,2892,38,,,0
190017019,'1179667',819,,2893,38,,,0
190017019,'1179680',1619,,2894,38,,,0
190017019,'1179683',919,,2895,38,,,0
190017019,'1179686',1519,,2896,38,,,0
190017019,'1179699',1019,,2897,38,,,0
190017019,'1179710',1719,,2898,38,,,0
