140012019,'1178913',1234,,2568,50,,,0
140012019,'1178923',1234,,2569,50,,,0
140012019,'1178934',1034,,2570,50,,,0
140012019,'1178935',834,,2571,50,,,0
140012019,'1178953',934,,2572,50,,,0
140012019,'1178981',734,,2573,50,,,0
140012019,'1178986',1504,,2574,50,,,0
140012019,'1179006',1404,,2575,50,,,0
140012019,'1179011',804,,2576,50,,,0
140012019,'1179015',1934,,2577,50,,,0
140012019,'1179046',934,,2578,50,,,0
140012019,'1179102',1634,,2579,50,,,0
140012019,'1179154',1434,,2580,50,,,0
140012019,'1179183',2034,,2581,50,,,0
140012019,'1179185',1004,,2582,50,,,0
140012019,'1179230',1034,,2584,50,,,0
140012019,'1179233',1634,,2585,50,,,0
140012019,'1179236',834,,2586,50,,,0
140012019,'1179238',1534,,2587,50,,,0
140012019,'1179244',2134,,2588,50,,,0
140012019,'1179245',1934,,2589,50,,,0
140012019,'1179250',734,,2590,28,,,0
140012019,'1179261',1134,,2592,50,,,0
140012019,'1179316',2034,,2593,50,,,0
140012019,'1179325',904,,2594,50,,,0
140012019,'1179348',1334,,2595,50,,,0
140012019,'1179359',1804,,2596,50,,,0
140012019,'1179372',2234,,2597,50,,,0
140012019,'1179387',1334,,2598,50,,,0
140012019,'1179399',1204,,2599,50,,,0
140012019,'1179425',2134,,2600,50,,,0
140012019,'1179444',1704,,2601,50,,,0
140012019,'1179495',1434,,2602,50,,,0
140012019,'1179499',1604,,2603,50,,,0
140012019,'1179510',1734,,2604,50,,,0
140012019,'1179511',2234,,2605,50,,,0
140012019,'1179526',1834,,2606,50,,,0
140012019,'1179556',1134,,2607,50,,,0
140012019,'1179567',1304,,2608,50,,,0
140012019,'1179644',1834,,2610,50,,,0
140012019,'1179693',1104,,2611,50,,,0
140012019,'1179704',1534,,2612,50,,,0
140012019,'1179715',1734,,2613,50,,,0
