150029,'1178980',1059,,2357,4,,,0
150029,'1179059',859,,2358,4,,,0
150029,'1179210',1259,,2359,4,,,0
150029,'1179274',1659,,2360,4,,,0
150029,'1179311',959,,2361,4,,,0
150029,'1179362',1559,,2362,4,,,0
150029,'1179450',1359,,2363,4,,,0
150029,'1179616',1159,,2364,4,,,0
150029,'1179674',1459,,2365,4,,,0
190015019,'1178937',1147,,2803,29,,,0
190015019,'1178958',1017,,2805,29,,,0
190015019,'1178960',1117,,2806,29,,,0
190015019,'1179018',1417,,2808,29,,,0
190015019,'1179054',1317,,2809,29,,,0
190015019,'1179073',1347,,2810,29,,,0
190015019,'1179083',617,,2811,4,,,0
190015019,'1179089',1217,,2812,29,,,0
190015019,'1179095',1717,,2813,29,,,0
190015019,'1179126',1817,,2814,29,,,0
190015019,'1179130',1617,,2815,29,,,0
190015019,'1179152',947,,2816,29,,,0
190015019,'1179169',1017,,2818,29,,,0
190015019,'1179170',817,,2819,29,,,0
190015019,'1179189',817,,2820,29,,,0
190015019,'1179226',1817,,2821,29,,,0
190015019,'1179257',2117,,2823,29,,,0
190015019,'1179260',1717,,2824,29,,,0
190015019,'1179280',1517,,2826,29,,,0
190015019,'1179329',1647,,2827,29,,,0
190015019,'1179378',2017,,2828,29,,,0
190015019,'1179382',1747,,2829,29,,,0
190015019,'1179400',1917,,2830,29,,,0
190015019,'1179414',1517,,2831,29,,,0
190015019,'1179456',1547,,2832,29,,,0
190015019,'1179465',1617,,2833,29,,,0
190015019,'1179466',917,,2834,29,,,0
190015019,'1179468',2017,,2835,29,,,0
190015019,'1179480',1317,,2836,29,,,0
190015019,'1179489',1247,,2837,29,,,0
190015019,'1179491',1117,,2838,29,,,0
190015019,'1179501',1047,,2839,29,,,0
190015019,'1179525',717,,2840,29,,,0
190015019,'1179560',2117,,2841,29,,,0
190015019,'1179563',1417,,2842,29,,,0
190015019,'1179576',1917,,2843,29,,,0
190015019,'1179602',847,,2844,29,,,0
190015019,'1179633',747,,2845,29,,,0
190015019,'1179637',647,,2846,4,,,0
190015019,'1179652',917,,2847,29,,,0
190015019,'1179679',1447,,2848,29,,,0
190015019,'1179703',1217,,2849,29,,,0
190015019,'1179716',717,,2850,29,,,0
