130019,'1179053',1730,,2312,12,,,0
130019,'1179067',1330,,2313,12,,,0
130019,'1179069',1030,,2314,12,,,0
130019,'1179093',1130,,2315,12,,,0
130019,'1179108',1230,,2316,12,,,0
130019,'1179294',1530,,2317,12,,,0
130019,'1179386',1630,,2318,12,,,0
130019,'1179541',930,,2319,12,,,0
130019,'1179675',1430,,2320,12,,,0
140012019,'1178913',1154,,2568,12,,,0
140012019,'1178923',1154,,2569,12,,,0
140012019,'1178934',954,,2570,12,,,0
140012019,'1178935',754,,2571,12,,,0
140012019,'1178953',854,,2572,12,,,0
140012019,'1178981',654,,2573,12,,,0
140012019,'1178986',1424,,2574,12,,,0
140012019,'1179006',1324,,2575,12,,,0
140012019,'1179011',724,,2576,12,,,0
140012019,'1179015',1854,,2577,12,,,0
140012019,'1179046',854,,2578,12,,,0
140012019,'1179102',1554,,2579,12,,,0
140012019,'1179154',1354,,2580,12,,,0
140012019,'1179183',1954,,2581,12,,,0
140012019,'1179185',924,,2582,12,,,0
140012019,'1179216',2254,,2583,12,0,8 21,0
140012019,'1179230',954,,2584,12,,,0
140012019,'1179233',1554,,2585,12,,,0
140012019,'1179236',754,,2586,12,,,0
140012019,'1179238',1454,,2587,12,,,0
140012019,'1179244',2054,,2588,12,,,0
140012019,'1179245',1854,,2589,12,,,0
140012019,'1179255',1824,,2591,12,0,8 21,0
140012019,'1179261',1054,,2592,12,,,0
140012019,'1179316',1954,,2593,12,,,0
140012019,'1179325',824,,2594,12,,,0
140012019,'1179348',1254,,2595,12,,,0
140012019,'1179359',1724,,2596,12,,,0
140012019,'1179372',2154,,2597,12,,,0
140012019,'1179387',1254,,2598,12,,,0
140012019,'1179399',1124,,2599,12,,,0
140012019,'1179425',2054,,2600,12,,,0
140012019,'1179444',1624,,2601,12,,,0
140012019,'1179495',1354,,2602,12,,,0
140012019,'1179499',1524,,2603,12,,,0
140012019,'1179510',1654,,2604,12,,,0
140012019,'1179511',2154,,2605,12,,,0
140012019,'1179526',1754,,2606,12,,,0
140012019,'1179556',1054,,2607,12,,,0
140012019,'1179567',1224,,2608,12,,,0
140012019,'1179578',2254,,2609,12,0,8 21,0
140012019,'1179644',1754,,2610,12,,,0
140012019,'1179693',1024,,2611,12,,,0
140012019,'1179704',1454,,2612,12,,,0
140012019,'1179715',1654,,2613,12,,,0
