120029,'1179032',1605,,2303,46,,,0
120029,'1179055',1405,,2304,46,,,0
120029,'1179056',1705,,2305,46,,,0
120029,'1179099',1818,,2306,46,,,0
120029,'1179153',1005,,2307,46,,,0
120029,'1179222',1505,,2308,46,,,0
120029,'1179429',1205,,2309,46,,,0
120029,'1179447',1105,,2310,46,,,0
120029,'1179575',1305,,2311,46,,,0
140012019,'1178913',1235,,2568,52,,,0
140012019,'1178923',1235,,2569,52,,,0
140012019,'1178934',1035,,2570,52,,,0
140012019,'1178935',835,,2571,52,,,0
140012019,'1178953',935,,2572,52,,,0
140012019,'1178981',735,,2573,52,,,0
140012019,'1178986',1505,,2574,52,,,0
140012019,'1179006',1405,,2575,52,,,0
140012019,'1179011',805,,2576,52,,,0
140012019,'1179015',1935,,2577,52,,,0
140012019,'1179046',935,,2578,52,,,0
140012019,'1179102',1635,,2579,52,,,0
140012019,'1179154',1435,,2580,52,,,0
140012019,'1179183',2035,,2581,52,,,0
140012019,'1179185',1005,,2582,52,,,0
140012019,'1179230',1035,,2584,52,,,0
140012019,'1179233',1635,,2585,52,,,0
140012019,'1179236',835,,2586,52,,,0
140012019,'1179238',1535,,2587,52,,,0
140012019,'1179244',2135,,2588,52,,,0
140012019,'1179245',1935,,2589,52,,,0
140012019,'1179250',735,,2590,30,,,0
140012019,'1179261',1135,,2592,52,,,0
140012019,'1179316',2035,,2593,52,,,0
140012019,'1179325',905,,2594,52,,,0
140012019,'1179348',1335,,2595,52,,,0
140012019,'1179359',1805,,2596,52,,,0
140012019,'1179372',2235,,2597,52,,,0
140012019,'1179387',1335,,2598,52,,,0
140012019,'1179399',1205,,2599,52,,,0
140012019,'1179425',2135,,2600,52,,,0
140012019,'1179444',1705,,2601,52,,,0
140012019,'1179495',1435,,2602,52,,,0
140012019,'1179499',1605,,2603,52,,,0
140012019,'1179510',1735,,2604,52,,,0
140012019,'1179511',2235,,2605,52,,,0
140012019,'1179526',1835,,2606,52,,,0
140012019,'1179556',1135,,2607,52,,,0
140012019,'1179567',1305,,2608,52,,,0
140012019,'1179644',1835,,2610,52,,,0
140012019,'1179693',1105,,2611,52,,,0
140012019,'1179704',1535,,2612,52,,,0
140012019,'1179715',1735,,2613,52,,,0
