110019,'1178947',943,,2239,21,,,0
110019,'1178964',1443,,2240,21,,,0
110019,'1178973',1743,,2241,21,,,0
110019,'1179028',1543,,2242,21,,,0
110019,'1179105',1643,,2243,21,,,0
110019,'1179114',1043,,2244,21,,,0
110019,'1179176',1243,,2245,21,,,0
110019,'1179184',1343,,2246,21,,,0
110019,'1179290',1143,,2247,21,,,0
140010019,'1178914',1123,,2522,23,0,8 21,0
140010019,'1178921',1453,,2523,23,,,0
140010019,'1178922',953,,2524,24,,,0
140010019,'1178936',723,,2525,23,,,0
140010019,'1178946',2253,,2526,23,0,8 21,0
140010019,'1178979',1053,,2527,24,,,0
140010019,'1179012',753,,2528,24,,,0
140010019,'1179037',1953,,2529,23,,,0
140010019,'1179103',1553,,2530,24,,,0
140010019,'1179122',1323,,2531,23,0,8 21,0
140010019,'1179131',1153,,2532,23,,,0
140010019,'1179140',2153,,2533,23,,,0
140010019,'1179147',923,,2534,23,0,8 21,0
140010019,'1179157',653,,2535,23,,,0
140010019,'1179167',1053,,2536,23,,,0
140010019,'1179178',1753,,2537,24,,,0
140010019,'1179180',2153,,2538,24,,,0
140010019,'1179188',1453,,2539,24,,,0
140010019,'1179217',1953,,2540,24,,,0
140010019,'1179232',1523,,2541,23,0,8 21,0
140010019,'1179251',1623,,2542,23,,,0
140010019,'1179253',823,,2543,23,,,0
140010019,'1179268',1723,,2544,23,,,0
140010019,'1179270',1653,,2545,24,,,0
140010019,'1179336',853,,2547,23,,,0
140010019,'1179347',753,,2548,23,,,0
140010019,'1179361',2053,,2549,23,,,0
140010019,'1179396',2053,,2550,24,,,0
140010019,'1179408',2253,,2551,24,0,8 21,0
140010019,'1179415',1153,,2552,24,,,0
140010019,'1179445',1353,,2553,23,,,0
140010019,'1179452',1753,,2554,23,,,0
140010019,'1179453',1353,,2555,24,,,0
140010019,'1179479',1253,,2556,23,,,0
140010019,'1179483',1223,,2557,23,0,8 21,0
140010019,'1179494',1653,,2558,23,,,0
140010019,'1179496',1553,,2559,23,,,0
140010019,'1179498',1423,,2560,23,0,8 21,0
140010019,'1179544',1853,,2561,23,,,0
140010019,'1179548',1023,,2562,23,0,8 21,0
140010019,'1179613',1853,,2563,24,,,0
140010019,'1179620',853,,2564,24,,,0
140010019,'1179629',1823,,2565,23,0,8 21,0
140010019,'1179659',1253,,2566,24,,,0
140010019,'1179692',953,,2567,23,,,0
