116019,'1178992',748,,2257,18,,,0
116019,'1178995',748,,2258,18,,,0
116019,'1179088',648,,2259,18,,,0
116019,'1179096',848,,2260,18,,,0
116019,'1179141',1448,,2261,18,,,0
116019,'1179172',1148,,2262,18,,,0
116019,'1179177',848,,2263,18,,,0
116019,'1179190',1618,,2264,18,,,0
116019,'1179215',1048,,2265,18,,,0
116019,'1179228',818,,2266,18,,,0
116019,'1179247',948,,2267,18,,,0
116019,'1179275',1548,,2268,18,,,0
116019,'1179278',1248,,2269,18,,,0
116019,'1179313',1748,,2270,18,,,0
116019,'1179314',2048,,2271,18,,,0
116019,'1179321',1148,,2272,18,,,0
116019,'1179339',718,,2273,18,,,0
116019,'1179343',1948,,2274,18,,,0
116019,'1179365',1648,,2275,18,,,0
116019,'1179381',1848,,2276,18,,,0
116019,'1179418',1648,,2277,18,,,0
116019,'1179432',1718,,2278,18,,,0
116019,'1179434',1948,,2279,18,,,0
116019,'1179439',1348,,2280,18,,,0
116019,'1179441',1448,,2281,18,,,0
116019,'1179476',1048,,2282,18,,,0
116019,'1179500',2148,,2283,18,,,0
116019,'1179515',918,,2284,18,,,0
116019,'1179584',1848,,2285,18,,,0
116019,'1179603',948,,2286,18,,,0
116019,'1179606',1818,,2287,18,,,0
116019,'1179615',1548,,2288,18,,,0
116019,'1179641',1248,,2289,18,,,0
116019,'1179653',1748,,2290,18,,,0
116019,'1179682',1348,,2291,18,,,0
116019,'1179696',2048,,2292,18,,,0
116019,'1179706',2148,,2293,18,,,0
160019,'1178943',1540,,2366,18,,,0
160019,'1178949',940,,2367,18,,,0
160019,'1178951',1340,,2368,18,,,0
160019,'1179047',1440,,2369,18,,,0
160019,'1179060',1740,,2370,18,,,0
160019,'1179205',1140,,2371,18,,,0
160019,'1179319',1240,,2372,18,,,0
160019,'1179451',1640,,2373,18,,,0
160019,'1179697',1040,,2374,18,,,0
