120029,'1179032',1531,,2303,27,,,0
120029,'1179055',1331,,2304,27,,,0
120029,'1179056',1631,,2305,27,,,0
120029,'1179099',1731,,2306,27,,,0
120029,'1179153',931,,2307,27,,,0
120029,'1179222',1431,,2308,27,,,0
120029,'1179429',1131,,2309,27,,,0
120029,'1179447',1031,,2310,27,,,0
120029,'1179575',1231,,2311,27,,,0
190017019,'1178928',1658,,2851,28,,,0
190017019,'1178932',928,,2852,28,,,0
190017019,'1179000',2158,,2854,28,0,8 21,0
190017019,'1179014',1828,,2855,28,0,8 21,0
190017019,'1179016',628,,2856,28,,,0
190017019,'1179057',2258,,2857,28,0,8 21,0
190017019,'1179092',658,,2859,28,,,0
190017019,'1179124',1558,,2860,28,,,0
190017019,'1179128',1058,,2861,28,,,0
190017019,'1179133',2158,,2862,28,0,8 21,0
190017019,'1179151',1858,,2863,28,,,0
190017019,'1179161',1728,,2864,28,,,0
190017019,'1179166',958,,2865,28,,,0
190017019,'1179196',658,,2866,28,,,0
190017019,'1179242',1158,,2867,28,,,0
190017019,'1179273',2058,,2868,28,,,0
190017019,'1179277',828,,2869,28,,,0
190017019,'1179293',1258,,2870,28,,,0
190017019,'1179306',1858,,2871,28,,,0
190017019,'1179327',1458,,2873,28,,,0
190017019,'1179385',758,,2876,28,,,0
190017019,'1179401',1958,,2877,28,,,0
190017019,'1179427',1258,,2878,28,,,0
190017019,'1179455',1358,,2879,28,,,0
190017019,'1179519',1758,,2881,28,,,0
190017019,'1179529',2258,,2882,28,0,8 21,0
190017019,'1179533',728,,2883,28,,,0
190017019,'1179573',1158,,2885,28,,,0
190017019,'1179579',1058,,2886,28,,,0
190017019,'1179599',2058,,2887,28,,,0
190017019,'1179610',1958,,2888,28,,,0
190017019,'1179621',858,,2889,28,,,0
190017019,'1179625',1358,,2890,28,,,0
190017019,'1179626',1628,,2891,28,,,0
190017019,'1179631',1758,,2892,28,,,0
190017019,'1179667',758,,2893,28,,,0
190017019,'1179680',1558,,2894,28,,,0
190017019,'1179683',858,,2895,28,,,0
190017019,'1179686',1458,,2896,28,,,0
190017019,'1179699',958,,2897,28,,,0
190017019,'1179710',1658,,2898,28,,,0
