140029,'1178990',1456,,2339,31,,,0
140029,'1179039',1156,,2340,31,,,0
140029,'1179106',1056,,2341,31,,,0
140029,'1179281',1356,,2342,31,,,0
140029,'1179335',1656,,2343,31,,,0
140029,'1179461',1809,,2344,31,,,0
140029,'1179478',1556,,2345,31,,,0
140029,'1179522',1256,,2346,31,,,0
140029,'1179651',956,,2347,31,,,0
140010019,'1178921',1524,,2523,46,,,0
140010019,'1178922',1025,,2524,47,,,0
140010019,'1178936',756,,2525,45,,,0
140010019,'1178979',1125,,2527,47,,,0
140010019,'1179012',826,,2528,46,,,0
140010019,'1179037',2026,,2529,45,,,0
140010019,'1179103',1626,,2530,46,,,0
140010019,'1179131',1224,,2532,46,,,0
140010019,'1179140',2226,,2533,45,,,0
140010019,'1179157',726,,2535,45,,,0
140010019,'1179167',1124,,2536,46,,,0
140010019,'1179178',1826,,2537,46,,,0
140010019,'1179180',2226,,2538,46,,,0
140010019,'1179188',1525,,2539,47,,,0
140010019,'1179217',2026,,2540,46,,,0
140010019,'1179251',1656,,2542,45,,,0
140010019,'1179253',856,,2543,45,,,0
140010019,'1179268',1756,,2544,45,,,0
140010019,'1179270',1726,,2545,46,,,0
140010019,'1179302',726,,2546,13,,,0
140010019,'1179336',926,,2547,45,,,0
140010019,'1179347',826,,2548,45,,,0
140010019,'1179361',2126,,2549,45,,,0
140010019,'1179396',2126,,2550,46,,,0
140010019,'1179415',1225,,2552,47,,,0
140010019,'1179445',1424,,2553,46,,,0
140010019,'1179452',1826,,2554,45,,,0
140010019,'1179453',1425,,2555,47,,,0
140010019,'1179479',1324,,2556,46,,,0
140010019,'1179494',1726,,2558,45,,,0
140010019,'1179496',1626,,2559,45,,,0
140010019,'1179544',1926,,2561,45,,,0
140010019,'1179613',1926,,2563,46,,,0
140010019,'1179620',926,,2564,46,,,0
140010019,'1179659',1325,,2566,47,,,0
140010019,'1179692',1024,,2567,46,,,0
