190015019,'1178937',1129,,2803,22,,,0
190015019,'1178938',2259,,2804,22,0,12,0
190015019,'1178958',959,,2805,22,,,0
190015019,'1178960',1059,,2806,22,,,0
190015019,'1178991',2159,,2807,22,0,12,0
190015019,'1179018',1359,,2808,22,,,0
190015019,'1179054',1259,,2809,22,,,0
190015019,'1179073',1329,,2810,22,,,0
190015019,'1179089',1159,,2812,22,,,0
190015019,'1179095',1659,,2813,22,,,0
190015019,'1179126',1759,,2814,22,,,0
190015019,'1179130',1559,,2815,22,,,0
190015019,'1179152',929,,2816,22,,,0
190015019,'1179165',2159,,2817,22,0,12,0
190015019,'1179169',959,,2818,22,,,0
190015019,'1179170',759,,2819,22,,,0
190015019,'1179189',759,,2820,22,,,0
190015019,'1179226',1759,,2821,22,,,0
190015019,'1179241',1829,,2822,22,0,12,0
190015019,'1179257',2059,,2823,22,,,0
190015019,'1179260',1659,,2824,22,,,0
190015019,'1179269',2259,,2825,22,0,12,0
190015019,'1179280',1459,,2826,22,,,0
190015019,'1179329',1629,,2827,22,,,0
190015019,'1179378',1959,,2828,22,,,0
190015019,'1179382',1729,,2829,22,,,0
190015019,'1179400',1859,,2830,22,,,0
190015019,'1179414',1459,,2831,22,,,0
190015019,'1179456',1529,,2832,22,,,0
190015019,'1179465',1559,,2833,22,,,0
190015019,'1179466',859,,2834,22,,,0
190015019,'1179468',1959,,2835,22,,,0
190015019,'1179480',1259,,2836,22,,,0
190015019,'1179489',1229,,2837,22,,,0
190015019,'1179491',1059,,2838,22,,,0
190015019,'1179501',1029,,2839,22,,,0
190015019,'1179525',659,,2840,22,,,0
190015019,'1179560',2059,,2841,22,,,0
190015019,'1179563',1359,,2842,22,,,0
190015019,'1179576',1859,,2843,22,,,0
190015019,'1179602',829,,2844,22,,,0
190015019,'1179633',729,,2845,22,,,0
190015019,'1179652',859,,2847,22,,,0
190015019,'1179679',1429,,2848,22,,,0
190015019,'1179703',1159,,2849,22,,,0
190015019,'1179716',659,,2850,22,,,0
