150029,'1178980',1126,,2357,30,,,0
150029,'1179059',926,,2358,30,,,0
150029,'1179210',1326,,2359,30,,,0
150029,'1179274',1726,,2360,30,,,0
150029,'1179311',1026,,2361,30,,,0
150029,'1179362',1626,,2362,30,,,0
150029,'1179450',1426,,2363,30,,,0
150029,'1179616',1226,,2364,30,,,0
150029,'1179674',1526,,2365,30,,,0
300019,'1178915',1004,,2440,13,0,23 24 2 25,0
300019,'1178996',1834,,2447,13,0,23 24 2 25,0
300019,'1178999',734,,2448,13,0,23 24 2 25,0
300019,'1179042',804,,2453,13,0,23 24 2 25,0
300019,'1179065',1134,,2456,13,0,23 24 2 25,0
300019,'1179094',734,,2458,12,0,23 24 2 25,0
300019,'1179132',1234,,2464,13,0,23 24 2 25,0
300019,'1179142',1534,,2465,13,0,23 24 2 25,0
300019,'1179211',1734,,2467,13,0,23 24 2 25,0
300019,'1179220',1034,,2468,13,0,23 24 2 25,0
300019,'1179258',1834,,2470,13,0,23 24 2 25,0
300019,'1179264',1334,,2471,13,0,23 24 2 25,0
300019,'1179288',1734,,2473,13,0,23 24 2 25,0
300019,'1179349',1534,,2478,13,0,23 24 2 25,0
300019,'1179356',1634,,2480,13,0,23 24 2 25,0
300019,'1179360',2134,,2481,13,0,23 24 2 25,0
300019,'1179405',1234,,2486,13,0,23 24 2 25,0
300019,'1179406',1034,,2487,13,0,23 24 2 25,0
300019,'1179409',1604,,2488,13,0,23 24 2 25,0
300019,'1179420',1334,,2489,13,0,23 24 2 25,0
300019,'1179454',1434,,2492,13,0,23 24 2 25,0
300019,'1179463',934,,2493,13,0,23 24 2 25,0
300019,'1179467',834,,2494,13,0,23 24 2 25,0
300019,'1179470',1134,,2495,13,0,23 24 2 25,0
300019,'1179502',2034,,2498,13,0,23 24 2 25,0
300019,'1179527',1934,,2500,13,0,23 24 2 25,0
300019,'1179532',834,,2501,13,0,23 24 2 25,0
300019,'1179554',2134,,2504,13,0,23 24 2 25,0
300019,'1179570',1634,,2507,13,0,23 24 2 25,0
300019,'1179580',1934,,2508,13,0,23 24 2 25,0
300019,'1179597',904,,2511,13,0,23 24 2 25,0
300019,'1179607',704,,2512,12,0,23 24 2 25,0
300019,'1179614',1434,,2513,13,0,23 24 2 25,0
300019,'1179617',1804,,2514,13,0,23 24 2 25,0
300019,'1179624',1704,,2516,13,0,23 24 2 25,0
300019,'1179643',2034,,2518,13,0,23 24 2 25,0
300019,'1179713',934,,2521,13,0,23 24 2 25,0
140014019,'1178954',1549,,2614,6,,,0
140014019,'1178955',1119,,2615,6,,,0
140014019,'1178974',949,,2616,6,,,0
140014019,'1179007',1749,,2617,6,,,0
140014019,'1179027',1449,,2618,6,,,0
140014019,'1179052',749,,2619,6,,,0
140014019,'1179079',719,,2620,6,,,0
140014019,'1179080',1449,,2621,6,,,0
140014019,'1179082',819,,2622,6,,,0
140014019,'1179084',649,,2623,6,,,0
140014019,'1179111',2149,,2624,6,,,0
140014019,'1179143',749,,2625,6,,,0
140014019,'1179200',1219,,2626,6,,,0
140014019,'1179207',1719,,2627,6,,,0
140014019,'1179221',1349,,2628,6,,,0
140014019,'1179271',1149,,2629,6,,,0
140014019,'1179298',1649,,2630,6,,,0
140014019,'1179320',1419,,2631,6,,,0
140014019,'1179323',949,,2632,6,,,0
140014019,'1179350',849,,2634,6,,,0
140014019,'1179353',1749,,2635,6,,,0
140014019,'1179366',1949,,2636,6,,,0
140014019,'1179392',1549,,2637,6,,,0
140014019,'1179403',1849,,2638,6,,,0
140014019,'1179433',1349,,2640,6,,,0
140014019,'1179443',919,,2641,6,,,0
140014019,'1179446',1149,,2642,6,,,0
140014019,'1179449',1019,,2643,6,,,0
140014019,'1179493',1049,,2644,6,,,0
140014019,'1179524',1649,,2646,6,,,0
140014019,'1179535',1319,,2647,6,,,0
140014019,'1179547',1249,,2648,6,,,0
140014019,'1179557',1819,,2650,6,0,8 21,0
140014019,'1179561',1519,,2651,6,,,0
140014019,'1179577',1249,,2652,6,,,0
140014019,'1179598',2049,,2653,6,,,0
140014019,'1179600',2149,,2654,6,,,0
140014019,'1179608',1849,,2655,6,,,0
140014019,'1179636',1619,,2656,6,,,0
140014019,'1179638',849,,2657,6,,,0
140014019,'1179648',1949,,2658,6,,,0
140014019,'1179654',2049,,2659,6,,,0
140014019,'1179662',1049,,2660,6,,,0
