130029,'1178925',1502,,2321,11,,,0
130029,'1178989',1402,,2322,11,,,0
130029,'1179023',1602,,2323,11,,,0
130029,'1179120',1702,,2324,11,,,0
130029,'1179168',1302,,2325,11,,,0
130029,'1179423',902,,2326,11,,,0
130029,'1179469',1202,,2327,11,,,0
130029,'1179639',1002,,2328,11,,,0
130029,'1179657',1102,,2329,11,,,0
190013019,'1178916',1653,,2757,43,,,0
190013019,'1178919',2023,,2758,43,,,0
190013019,'1178920',1153,,2759,43,,,0
190013019,'1178929',823,,2760,43,,,0
190013019,'1178930',1723,,2761,43,,,0
190013019,'1178972',2023,,2762,43,,,0
190013019,'1178983',1253,,2763,43,,,0
190013019,'1178994',2223,,2764,43,,,0
190013019,'1178997',1223,,2765,43,,,0
190013019,'1179048',1553,,2766,43,,,0
190013019,'1179062',1623,,2767,43,,,0
190013019,'1179074',1353,,2768,43,,,0
190013019,'1179087',1323,,2769,43,,,0
190013019,'1179104',1053,,2770,43,,,0
190013019,'1179187',923,,2772,43,,,0
190013019,'1179202',1123,,2773,43,,,0
190013019,'1179203',1023,,2774,43,,,0
190013019,'1179212',1523,,2775,43,,,0
190013019,'1179219',1323,,2776,43,,,0
190013019,'1179243',823,,2777,43,,,0
190013019,'1179287',2223,,2778,43,,,0
190013019,'1179292',1123,,2779,43,,,0
190013019,'1179300',753,,2780,43,,,0
190013019,'1179354',623,,2781,11,,,0
190013019,'1179373',1023,,2782,43,,,0
190013019,'1179380',1423,,2783,43,,,0
190013019,'1179402',1423,,2784,43,,,0
190013019,'1179411',1453,,2785,43,,,0
190013019,'1179457',1923,,2786,43,,,0
190013019,'1179504',723,,2787,43,,,0
190013019,'1179507',953,,2788,43,,,0
190013019,'1179509',1223,,2789,43,,,0
190013019,'1179516',1623,,2790,43,,,0
190013019,'1179531',2123,,2791,43,,,0
190013019,'1179537',923,,2792,43,,,0
190013019,'1179539',1823,,2793,43,,,0
190013019,'1179546',723,,2794,43,,,0
190013019,'1179553',1923,,2795,43,,,0
190013019,'1179581',653,,2796,11,,,0
190013019,'1179591',1723,,2797,43,,,0
190013019,'1179611',1753,,2798,43,,,0
190013019,'1179635',1523,,2799,43,,,0
190013019,'1179694',853,,2800,43,,,0
190013019,'1179701',2123,,2801,43,,,0
190013019,'1179717',1823,,2802,43,,,0
