200019,'1179038',1438,,2384,6,,,0
200019,'1179081',1638,,2385,6,,,0
200019,'1179174',938,,2386,6,,,0
200019,'1179259',1138,,2387,6,,,0
200019,'1179289',1538,,2388,6,,,0
200019,'1179460',1738,,2389,6,,,0
200019,'1179585',1038,,2390,6,,,0
200019,'1179594',1338,,2391,6,,,0
200019,'1179655',1238,,2392,6,,,0
140016019,'1178912',1652,,2661,8,,,0
140016019,'1178941',752,,2662,8,,,0
140016019,'1179017',1222,,2664,8,0,8 21,0
140016019,'1179051',2152,,2665,8,,,0
140016019,'1179077',1722,,2667,8,,,0
140016019,'1179112',1852,,2668,8,,,0
140016019,'1179129',1152,,2669,8,,,0
140016019,'1179136',1452,,2670,8,,,0
140016019,'1179158',1252,,2671,8,,,0
140016019,'1179191',852,,2672,8,,,0
140016019,'1179213',952,,2673,8,,,0
140016019,'1179234',1352,,2675,8,,,0
140016019,'1179254',1122,,2676,8,0,8 21,0
140016019,'1179256',822,,2677,8,,,0
140016019,'1179267',752,,2678,8,,,0
140016019,'1179284',1852,,2679,8,,,0
140016019,'1179299',2152,,2681,8,,,0
140016019,'1179304',1252,,2682,8,,,0
140016019,'1179312',1552,,2683,8,,,0
140016019,'1179318',1752,,2684,8,,,0
140016019,'1179330',1952,,2685,8,,,0
140016019,'1179333',1352,,2686,8,,,0
140016019,'1179351',922,,2687,8,0,8 21,0
140016019,'1179357',1052,,2688,8,,,0
140016019,'1179371',1452,,2689,8,,,0
140016019,'1179389',1622,,2690,8,,,0
140016019,'1179416',1552,,2691,8,,,0
140016019,'1179464',2052,,2693,8,,,0
140016019,'1179475',852,,2694,8,,,0
140016019,'1179481',1652,,2695,8,,,0
140016019,'1179503',1422,,2696,8,0,8 21,0
140016019,'1179517',1522,,2697,8,,,0
140016019,'1179520',1952,,2698,8,,,0
140016019,'1179536',722,,2699,8,,,0
140016019,'1179538',652,,2700,8,,,0
140016019,'1179562',1322,,2701,8,0,8 21,0
140016019,'1179569',1822,,2702,8,0,8 21,0
140016019,'1179601',2052,,2703,8,,,0
140016019,'1179604',1052,,2704,8,,,0
140016019,'1179627',1152,,2705,8,,,0
140016019,'1179663',952,,2706,8,,,0
140016019,'1179681',1022,,2707,8,0,8 21,0
140016019,'1179687',1752,,2708,8,,,0
