120029,'1179032',1529,,2303,25,,,0
120029,'1179055',1329,,2304,25,,,0
120029,'1179056',1629,,2305,25,,,0
120029,'1179099',1729,,2306,25,,,0
120029,'1179153',929,,2307,25,,,0
120029,'1179222',1429,,2308,25,,,0
120029,'1179429',1129,,2309,25,,,0
120029,'1179447',1029,,2310,25,,,0
120029,'1179575',1229,,2311,25,,,0
190017019,'1178928',1656,,2851,26,,,0
190017019,'1178932',926,,2852,26,,,0
190017019,'1179000',2156,,2854,26,0,8 21,0
190017019,'1179014',1826,,2855,26,0,8 21,0
190017019,'1179016',626,,2856,26,,,0
190017019,'1179057',2256,,2857,26,0,8 21,0
190017019,'1179092',656,,2859,26,,,0
190017019,'1179124',1556,,2860,26,,,0
190017019,'1179128',1056,,2861,26,,,0
190017019,'1179133',2156,,2862,26,0,8 21,0
190017019,'1179151',1856,,2863,26,,,0
190017019,'1179161',1726,,2864,26,,,0
190017019,'1179166',956,,2865,26,,,0
190017019,'1179196',656,,2866,26,,,0
190017019,'1179242',1156,,2867,26,,,0
190017019,'1179273',2056,,2868,26,,,0
190017019,'1179277',826,,2869,26,,,0
190017019,'1179293',1256,,2870,26,,,0
190017019,'1179306',1856,,2871,26,,,0
190017019,'1179327',1456,,2873,26,,,0
190017019,'1179385',756,,2876,26,,,0
190017019,'1179401',1956,,2877,26,,,0
190017019,'1179427',1256,,2878,26,,,0
190017019,'1179455',1356,,2879,26,,,0
190017019,'1179519',1756,,2881,26,,,0
190017019,'1179529',2256,,2882,26,0,8 21,0
190017019,'1179533',726,,2883,26,,,0
190017019,'1179573',1156,,2885,26,,,0
190017019,'1179579',1056,,2886,26,,,0
190017019,'1179599',2056,,2887,26,,,0
190017019,'1179610',1956,,2888,26,,,0
190017019,'1179621',856,,2889,26,,,0
190017019,'1179625',1356,,2890,26,,,0
190017019,'1179626',1626,,2891,26,,,0
190017019,'1179631',1756,,2892,26,,,0
190017019,'1179667',756,,2893,26,,,0
190017019,'1179680',1556,,2894,26,,,0
190017019,'1179683',856,,2895,26,,,0
190017019,'1179686',1456,,2896,26,,,0
190017019,'1179699',956,,2897,26,,,0
190017019,'1179710',1656,,2898,26,,,0
