140019,'1178969',1416,,2330,42,4,,0
140019,'1178977',1616,,2331,42,4,,0
140019,'1179164',1716,,2332,42,4,,0
140019,'1179344',1516,,2333,42,4,,0
140019,'1179352',1016,,2334,42,4,,0
140019,'1179462',1316,,2335,42,4,,0
140019,'1179512',1216,,2336,42,4,,0
140019,'1179518',1116,,2337,42,4,,0
140019,'1179634',1815,,2338,42,4,,0
140029,'1178990',1420,,2339,1,,,0
140029,'1179039',1120,,2340,1,,,0
140029,'1179106',1020,,2341,1,,,0
140029,'1179281',1320,,2342,1,,,0
140029,'1179335',1620,,2343,1,,,0
140029,'1179461',1720,,2344,1,,,0
140029,'1179478',1520,,2345,1,,,0
140029,'1179522',1220,,2346,1,,,0
140029,'1179651',920,,2347,1,,,0
140014019,'1178954',1642,,2614,49,4,,0
140014019,'1178955',1212,,2615,49,4,,0
140014019,'1178974',1042,,2616,49,4,,0
140014019,'1179007',1840,,2617,49,4,,0
140014019,'1179027',1542,,2618,49,4,,0
140014019,'1179052',840,,2619,49,4,,0
140014019,'1179079',812,,2620,49,4,,0
140014019,'1179080',1540,,2621,49,4,,0
140014019,'1179082',912,,2622,49,4,,0
140014019,'1179084',742,,2623,49,4,,0
140014019,'1179111',2242,,2624,49,4,,0
140014019,'1179143',842,,2625,49,4,,0
140014019,'1179200',1312,,2626,49,4,,0
140014019,'1179207',1812,,2627,49,4,,0
140014019,'1179221',1440,,2628,49,4,,0
140014019,'1179271',1242,,2629,49,4,,0
140014019,'1179298',1740,,2630,49,4,,0
140014019,'1179320',1512,,2631,49,4,,0
140014019,'1179323',1040,,2632,49,4,,0
140014019,'1179337',640,,2633,21,4,,0
140014019,'1179350',940,,2634,49,4,,0
140014019,'1179353',1842,,2635,49,4,,0
140014019,'1179366',2040,,2636,49,4,,0
140014019,'1179392',1640,,2637,49,4,,0
140014019,'1179403',1942,,2638,49,4,,0
140014019,'1179417',740,,2639,28,4,,0
140014019,'1179433',1442,,2640,49,4,,0
140014019,'1179443',1012,,2641,49,4,,0
140014019,'1179446',1240,,2642,49,4,,0
140014019,'1179449',1112,,2643,49,4,,0
140014019,'1179493',1142,,2644,49,4,,0
140014019,'1179513',642,,2645,21,4,,0
140014019,'1179524',1742,,2646,49,4,,0
140014019,'1179535',1412,,2647,49,4,,0
140014019,'1179547',1340,,2648,49,4,,0
140014019,'1179550',712,,2649,28,4,,0
140014019,'1179561',1612,,2651,49,4,,0
140014019,'1179577',1342,,2652,49,4,,0
140014019,'1179598',2142,,2653,49,4,,0
140014019,'1179600',2240,,2654,49,4,,0
140014019,'1179608',1940,,2655,49,4,,0
140014019,'1179636',1712,,2656,49,4,,0
140014019,'1179638',942,,2657,49,4,,0
140014019,'1179648',2042,,2658,49,4,,0
140014019,'1179654',2140,,2659,49,4,,0
140014019,'1179662',1140,,2660,49,4,,0
190015019,'1178937',1114,,2803,1,,,0
190015019,'1178938',2244,,2804,1,0,12,0
190015019,'1178958',944,,2805,1,,,0
190015019,'1178960',1044,,2806,1,,,0
190015019,'1178991',2144,,2807,1,0,12,0
190015019,'1179018',1344,,2808,1,,,0
190015019,'1179054',1244,,2809,1,,,0
190015019,'1179073',1314,,2810,1,,,0
190015019,'1179089',1144,,2812,1,,,0
190015019,'1179095',1644,,2813,1,,,0
190015019,'1179126',1744,,2814,1,,,0
190015019,'1179130',1544,,2815,1,,,0
190015019,'1179152',914,,2816,1,,,0
190015019,'1179165',2144,,2817,1,0,12,0
190015019,'1179169',944,,2818,1,,,0
190015019,'1179170',744,,2819,1,,,0
190015019,'1179189',744,,2820,1,,,0
190015019,'1179226',1744,,2821,1,,,0
190015019,'1179241',1814,,2822,1,0,12,0
190015019,'1179257',2044,,2823,1,,,0
190015019,'1179260',1644,,2824,1,,,0
190015019,'1179269',2244,,2825,1,0,12,0
190015019,'1179280',1444,,2826,1,,,0
190015019,'1179329',1614,,2827,1,,,0
190015019,'1179378',1944,,2828,1,,,0
190015019,'1179382',1714,,2829,1,,,0
190015019,'1179400',1844,,2830,1,,,0
190015019,'1179414',1444,,2831,1,,,0
190015019,'1179456',1514,,2832,1,,,0
190015019,'1179465',1544,,2833,1,,,0
190015019,'1179466',844,,2834,1,,,0
190015019,'1179468',1944,,2835,1,,,0
190015019,'1179480',1244,,2836,1,,,0
190015019,'1179489',1214,,2837,1,,,0
190015019,'1179491',1044,,2838,1,,,0
190015019,'1179501',1014,,2839,1,,,0
190015019,'1179525',644,,2840,1,,,0
190015019,'1179560',2044,,2841,1,,,0
190015019,'1179563',1344,,2842,1,,,0
190015019,'1179576',1844,,2843,1,,,0
190015019,'1179602',814,,2844,1,,,0
190015019,'1179633',714,,2845,1,,,0
190015019,'1179652',844,,2847,1,,,0
190015019,'1179679',1414,,2848,1,,,0
190015019,'1179703',1144,,2849,1,,,0
190015019,'1179716',644,,2850,1,,,0
