160029,'1178957',910,,2375,26,,,0
160029,'1179098',1410,,2376,26,,,0
160029,'1179137',1610,,2377,26,,,0
160029,'1179301',1210,,2378,26,,,0
160029,'1179398',1310,,2379,26,,,0
160029,'1179410',1710,,2380,26,,,0
160029,'1179543',1110,,2381,26,,,0
160029,'1179558',1010,,2382,26,,,0
160029,'1179623',1510,,2383,26,,,0
216019,'1178924',801,,2403,28,,,0
216019,'1178948',631,,2404,28,,,0
216019,'1178963',2131,,2405,28,,,0
216019,'1178968',1231,,2406,28,,,0
216019,'1179019',1801,,2407,28,,,0
216019,'1179021',1601,,2408,28,,,0
216019,'1179029',1431,,2409,28,,,0
216019,'1179050',1531,,2410,28,,,0
216019,'1179070',1431,,2411,28,,,0
216019,'1179075',1831,,2412,28,,,0
216019,'1179116',734,,2413,29,,,0
216019,'1179123',1331,,2414,28,,,0
216019,'1179160',1734,,2415,29,,,0
216019,'1179179',2031,,2416,28,,,0
216019,'1179181',1131,,2417,28,,,0
216019,'1179199',931,,2418,28,,,0
216019,'1179206',1531,,2419,28,,,0
216019,'1179328',1031,,2420,28,,,0
216019,'1179338',1231,,2421,28,,,0
216019,'1179345',831,,2422,28,,,0
216019,'1179368',1704,,2423,29,,,0
216019,'1179369',1031,,2424,28,,,0
216019,'1179374',1634,,2425,29,,,0
216019,'1179421',1831,,2426,28,,,0
216019,'1179431',1131,,2427,28,,,0
216019,'1179458',1931,,2428,28,,,0
216019,'1179488',731,,2429,28,,,0
216019,'1179523',1331,,2430,28,,,0
216019,'1179574',2031,,2431,28,,,0
216019,'1179582',1931,,2432,28,,,0
216019,'1179605',901,,2433,28,,,0
216019,'1179647',1731,,2434,28,,,0
216019,'1179669',831,,2435,28,,,0
216019,'1179695',2131,,2436,28,,,0
216019,'1179712',704,,2437,29,,,0
216019,'1179714',931,,2438,28,,,0
216019,'1179719',1631,,2439,28,,,0
