120019,'1178966',1337,,2294,21,,,0
120019,'1178998',1537,,2295,21,,,0
120019,'1179031',1637,,2296,21,,,0
120019,'1179149',1437,,2297,21,,,0
120019,'1179182',1137,,2298,21,,,0
120019,'1179282',937,,2299,21,,,0
120019,'1179296',1737,,2300,21,,,0
120019,'1179596',1037,,2301,21,,,0
120019,'1179628',1237,,2302,21,,,0
190011019,'1178950',726,,2710,16,,,0
190011019,'1178970',1856,,2711,16,,,0
190011019,'1179009',1826,,2712,16,0,8 21,0
190011019,'1179040',2056,,2713,16,,,0
190011019,'1179145',856,,2715,16,,,0
190011019,'1179159',1756,,2717,16,,,0
190011019,'1179162',2251,,2718,16,0,12,0
190011019,'1179163',756,,2719,16,,,0
190011019,'1179248',656,,2720,16,,,0
190011019,'1179252',1756,,2721,16,,,0
190011019,'1179276',1956,,2722,16,,,0
190011019,'1179307',656,,2723,16,,,0
190011019,'1179332',1057,,2725,17,,,0
190011019,'1179340',856,,2726,16,,,0
190011019,'1179367',1726,,2727,16,,,0
190011019,'1179394',2156,,2730,16,,,0
190011019,'1179412',2251,,2731,16,0,12,0
190011019,'1179413',1257,,2732,17,,,0
190011019,'1179424',2156,,2733,16,,,0
190011019,'1179426',1357,,2734,17,,,0
190011019,'1179430',1557,,2735,17,,,0
190011019,'1179437',1057,,2736,17,,,0
190011019,'1179438',1557,,2737,17,,,0
190011019,'1179442',1856,,2738,16,,,0
190011019,'1179477',756,,2739,16,,,0
190011019,'1179521',1357,,2740,17,,,0
190011019,'1179528',1157,,2741,17,,,0
190011019,'1179555',1956,,2743,16,,,0
190011019,'1179572',1157,,2744,17,,,0
190011019,'1179590',1457,,2745,17,,,0
190011019,'1179619',1656,,2746,16,,,0
190011019,'1179642',956,,2747,16,,,0
190011019,'1179650',1257,,2748,17,,,0
190011019,'1179666',826,,2750,16,,,0
190011019,'1179677',2056,,2752,16,,,0
190011019,'1179678',926,,2753,16,,,0
190011019,'1179688',1656,,2754,16,,,0
190011019,'1179700',1457,,2755,17,,,0
190011019,'1179709',956,,2756,16,,,0
