150019,'1178942',1738,,2348,5,,,0
150019,'1178956',1338,,2349,5,,,0
150019,'1178976',1638,,2350,5,,,0
150019,'1179117',1238,,2351,5,,,0
150019,'1179150',1538,,2352,5,,,0
150019,'1179341',938,,2353,5,,,0
150019,'1179473',1138,,2354,5,,,0
150019,'1179559',1438,,2355,5,,,0
150019,'1179673',1038,,2356,5,,,0
140014019,'1178954',1556,,2614,15,,,0
140014019,'1178955',1126,,2615,15,,,0
140014019,'1178974',956,,2616,15,,,0
140014019,'1179007',1756,,2617,15,,,0
140014019,'1179027',1456,,2618,15,,,0
140014019,'1179052',756,,2619,15,,,0
140014019,'1179079',726,,2620,15,,,0
140014019,'1179080',1456,,2621,15,,,0
140014019,'1179082',826,,2622,15,,,0
140014019,'1179084',656,,2623,15,,,0
140014019,'1179111',2156,,2624,15,,,0
140014019,'1179143',756,,2625,15,,,0
140014019,'1179200',1226,,2626,15,,,0
140014019,'1179207',1726,,2627,15,,,0
140014019,'1179221',1356,,2628,15,,,0
140014019,'1179271',1156,,2629,15,,,0
140014019,'1179298',1656,,2630,15,,,0
140014019,'1179320',1426,,2631,15,,,0
140014019,'1179323',956,,2632,15,,,0
140014019,'1179350',856,,2634,15,,,0
140014019,'1179353',1756,,2635,15,,,0
140014019,'1179366',1956,,2636,15,,,0
140014019,'1179392',1556,,2637,15,,,0
140014019,'1179403',1856,,2638,15,,,0
140014019,'1179433',1356,,2640,15,,,0
140014019,'1179443',926,,2641,15,,,0
140014019,'1179446',1156,,2642,15,,,0
140014019,'1179449',1026,,2643,15,,,0
140014019,'1179493',1056,,2644,15,,,0
140014019,'1179524',1656,,2646,15,,,0
140014019,'1179535',1326,,2647,15,,,0
140014019,'1179547',1256,,2648,15,,,0
140014019,'1179557',1826,,2650,15,0,8 21,0
140014019,'1179561',1526,,2651,15,,,0
140014019,'1179577',1256,,2652,15,,,0
140014019,'1179598',2056,,2653,15,,,0
140014019,'1179600',2156,,2654,15,,,0
140014019,'1179608',1856,,2655,15,,,0
140014019,'1179636',1626,,2656,15,,,0
140014019,'1179638',856,,2657,15,,,0
140014019,'1179648',1956,,2658,15,,,0
140014019,'1179654',2056,,2659,15,,,0
140014019,'1179662',1056,,2660,15,,,0
