140019,'1178969',1345,,2330,30,,,0
140019,'1178977',1545,,2331,30,,,0
140019,'1179164',1645,,2332,30,,,0
140019,'1179344',1445,,2333,30,,,0
140019,'1179352',945,,2334,30,,,0
140019,'1179462',1245,,2335,30,,,0
140019,'1179512',1145,,2336,30,,,0
140019,'1179518',1045,,2337,30,,,0
140019,'1179634',1758,,2338,30,,,0
140014019,'1178954',1629,,2614,37,,,0
140014019,'1178955',1159,,2615,37,,,0
140014019,'1178974',1029,,2616,37,,,0
140014019,'1179007',1827,,2617,37,,,0
140014019,'1179027',1529,,2618,37,,,0
140014019,'1179052',827,,2619,37,,,0
140014019,'1179079',759,,2620,37,,,0
140014019,'1179080',1527,,2621,37,,,0
140014019,'1179082',859,,2622,37,,,0
140014019,'1179084',729,,2623,37,,,0
140014019,'1179111',2229,,2624,37,,,0
140014019,'1179143',829,,2625,37,,,0
140014019,'1179200',1259,,2626,37,,,0
140014019,'1179207',1759,,2627,37,,,0
140014019,'1179221',1427,,2628,37,,,0
140014019,'1179271',1229,,2629,37,,,0
140014019,'1179298',1727,,2630,37,,,0
140014019,'1179320',1459,,2631,37,,,0
140014019,'1179323',1027,,2632,37,,,0
140014019,'1179337',627,,2633,9,,,0
140014019,'1179350',927,,2634,37,,,0
140014019,'1179353',1829,,2635,37,,,0
140014019,'1179366',2027,,2636,37,,,0
140014019,'1179392',1627,,2637,37,,,0
140014019,'1179403',1929,,2638,37,,,0
140014019,'1179417',727,,2639,16,,,0
140014019,'1179433',1429,,2640,37,,,0
140014019,'1179443',959,,2641,37,,,0
140014019,'1179446',1227,,2642,37,,,0
140014019,'1179449',1059,,2643,37,,,0
140014019,'1179493',1129,,2644,37,,,0
140014019,'1179513',629,,2645,9,,,0
140014019,'1179524',1729,,2646,37,,,0
140014019,'1179535',1359,,2647,37,,,0
140014019,'1179547',1327,,2648,37,,,0
140014019,'1179550',659,,2649,16,,,0
140014019,'1179561',1559,,2651,37,,,0
140014019,'1179577',1329,,2652,37,,,0
140014019,'1179598',2129,,2653,37,,,0
140014019,'1179600',2227,,2654,37,,,0
140014019,'1179608',1927,,2655,37,,,0
140014019,'1179636',1659,,2656,37,,,0
140014019,'1179638',929,,2657,37,,,0
140014019,'1179648',2029,,2658,37,,,0
140014019,'1179654',2127,,2659,37,,,0
140014019,'1179662',1127,,2660,37,,,0
