140019,'1178969',1353,,2330,36,,,0
140019,'1178977',1553,,2331,36,,,0
140019,'1179164',1653,,2332,36,,,0
140019,'1179344',1453,,2333,36,,,0
140019,'1179352',953,,2334,36,,,0
140019,'1179462',1253,,2335,36,,,0
140019,'1179512',1153,,2336,36,,,0
140019,'1179518',1053,,2337,36,,,0
140019,'1179634',1806,,2338,36,,,0
140014019,'1178954',1634,,2614,43,,,0
140014019,'1178955',1204,,2615,43,,,0
140014019,'1178974',1034,,2616,43,,,0
140014019,'1179007',1832,,2617,43,,,0
140014019,'1179027',1534,,2618,43,,,0
140014019,'1179052',832,,2619,43,,,0
140014019,'1179079',804,,2620,43,,,0
140014019,'1179080',1532,,2621,43,,,0
140014019,'1179082',904,,2622,43,,,0
140014019,'1179084',734,,2623,43,,,0
140014019,'1179111',2234,,2624,43,,,0
140014019,'1179143',834,,2625,43,,,0
140014019,'1179200',1304,,2626,43,,,0
140014019,'1179207',1804,,2627,43,,,0
140014019,'1179221',1432,,2628,43,,,0
140014019,'1179271',1234,,2629,43,,,0
140014019,'1179298',1732,,2630,43,,,0
140014019,'1179320',1504,,2631,43,,,0
140014019,'1179323',1032,,2632,43,,,0
140014019,'1179337',632,,2633,15,,,0
140014019,'1179350',932,,2634,43,,,0
140014019,'1179353',1834,,2635,43,,,0
140014019,'1179366',2032,,2636,43,,,0
140014019,'1179392',1632,,2637,43,,,0
140014019,'1179403',1934,,2638,43,,,0
140014019,'1179417',732,,2639,22,,,0
140014019,'1179433',1434,,2640,43,,,0
140014019,'1179443',1004,,2641,43,,,0
140014019,'1179446',1232,,2642,43,,,0
140014019,'1179449',1104,,2643,43,,,0
140014019,'1179493',1134,,2644,43,,,0
140014019,'1179513',634,,2645,15,,,0
140014019,'1179524',1734,,2646,43,,,0
140014019,'1179535',1404,,2647,43,,,0
140014019,'1179547',1332,,2648,43,,,0
140014019,'1179550',704,,2649,22,,,0
140014019,'1179561',1604,,2651,43,,,0
140014019,'1179577',1334,,2652,43,,,0
140014019,'1179598',2134,,2653,43,,,0
140014019,'1179600',2232,,2654,43,,,0
140014019,'1179608',1932,,2655,43,,,0
140014019,'1179636',1704,,2656,43,,,0
140014019,'1179638',934,,2657,43,,,0
140014019,'1179648',2034,,2658,43,,,0
140014019,'1179654',2132,,2659,43,,,0
140014019,'1179662',1132,,2660,43,,,0
