120029,'1179032',1529,,2303,23,,,0
120029,'1179055',1329,,2304,23,,,0
120029,'1179056',1629,,2305,23,,,0
120029,'1179099',1729,,2306,23,,,0
120029,'1179153',929,,2307,23,,,0
120029,'1179222',1429,,2308,23,,,0
120029,'1179429',1129,,2309,23,,,0
120029,'1179447',1029,,2310,23,,,0
120029,'1179575',1229,,2311,23,,,0
190017019,'1178928',1655,,2851,24,,,0
190017019,'1178932',925,,2852,24,,,0
190017019,'1179000',2155,,2854,24,0,8 21,0
190017019,'1179014',1825,,2855,24,0,8 21,0
190017019,'1179016',625,,2856,24,,,0
190017019,'1179057',2255,,2857,24,0,8 21,0
190017019,'1179092',655,,2859,24,,,0
190017019,'1179124',1555,,2860,24,,,0
190017019,'1179128',1055,,2861,24,,,0
190017019,'1179133',2155,,2862,24,0,8 21,0
190017019,'1179151',1855,,2863,24,,,0
190017019,'1179161',1725,,2864,24,,,0
190017019,'1179166',955,,2865,24,,,0
190017019,'1179196',655,,2866,24,,,0
190017019,'1179242',1155,,2867,24,,,0
190017019,'1179273',2055,,2868,24,,,0
190017019,'1179277',825,,2869,24,,,0
190017019,'1179293',1255,,2870,24,,,0
190017019,'1179306',1855,,2871,24,,,0
190017019,'1179327',1455,,2873,24,,,0
190017019,'1179385',755,,2876,24,,,0
190017019,'1179401',1955,,2877,24,,,0
190017019,'1179427',1255,,2878,24,,,0
190017019,'1179455',1355,,2879,24,,,0
190017019,'1179519',1755,,2881,24,,,0
190017019,'1179529',2255,,2882,24,0,8 21,0
190017019,'1179533',725,,2883,24,,,0
190017019,'1179573',1155,,2885,24,,,0
190017019,'1179579',1055,,2886,24,,,0
190017019,'1179599',2055,,2887,24,,,0
190017019,'1179610',1955,,2888,24,,,0
190017019,'1179621',855,,2889,24,,,0
190017019,'1179625',1355,,2890,24,,,0
190017019,'1179626',1625,,2891,24,,,0
190017019,'1179631',1755,,2892,24,,,0
190017019,'1179667',755,,2893,24,,,0
190017019,'1179680',1555,,2894,24,,,0
190017019,'1179683',855,,2895,24,,,0
190017019,'1179686',1455,,2896,24,,,0
190017019,'1179699',955,,2897,24,,,0
190017019,'1179710',1655,,2898,24,,,0
