150029,'1178980',1108,,2357,16,,,0
150029,'1179059',908,,2358,16,,,0
150029,'1179210',1308,,2359,16,,,0
150029,'1179274',1708,,2360,16,,,0
150029,'1179311',1008,,2361,16,,,0
150029,'1179362',1608,,2362,16,,,0
150029,'1179450',1408,,2363,16,,,0
150029,'1179616',1208,,2364,16,,,0
150029,'1179674',1508,,2365,16,,,0
300019,'1178915',1000,,2440,10,0,23 24 2 25,0
300019,'1178918',1200,,2441,13,0,23 24 2 26,0
300019,'1178931',800,,2442,13,0,23 24 2 26,0
300019,'1178939',1400,,2443,13,0,23 24 2 26,0
300019,'1178975',1500,,2445,13,0,23 24 2 26,0
300019,'1178982',1700,,2446,13,0,23 24 2 26,0
300019,'1178996',1830,,2447,10,0,23 24 2 25,0
300019,'1178999',730,,2448,10,0,23 24 2 25,0
300019,'1179001',730,,2449,13,0,23 24 2 26,0
300019,'1179003',2000,,2450,13,0,23 24 2 26,0
300019,'1179008',2200,,2451,13,0,8 9 2 26,0
300019,'1179030',1900,,2452,13,0,23 24 2 26,0
300019,'1179042',800,,2453,10,0,23 24 2 25,0
300019,'1179058',1100,,2455,13,0,23 24 2 26,0
300019,'1179065',1130,,2456,10,0,23 24 2 25,0
300019,'1179066',1800,,2457,13,0,23 24 2 26,0
300019,'1179094',730,,2458,9,0,23 24 2 25,0
300019,'1179109',1830,,2459,13,0,8 9 2 26,0
300019,'1179110',1000,,2460,13,0,23 24 2 26,0
300019,'1179115',930,,2461,13,0,23 24 2 26,0
300019,'1179121',1800,,2462,13,0,23 24 2 26,0
300019,'1179125',2000,,2463,13,0,23 24 2 26,0
300019,'1179132',1230,,2464,10,0,23 24 2 25,0
300019,'1179142',1530,,2465,10,0,23 24 2 25,0
300019,'1179194',830,,2466,13,0,23 24 2 26,0
300019,'1179211',1730,,2467,10,0,23 24 2 25,0
300019,'1179220',1030,,2468,10,0,23 24 2 25,0
300019,'1179246',800,,2469,13,0,23 24 2 26,0
300019,'1179258',1830,,2470,10,0,23 24 2 25,0
300019,'1179264',1330,,2471,10,0,23 24 2 25,0
300019,'1179279',900,,2472,13,0,23 24 2 26,0
300019,'1179288',1730,,2473,10,0,23 24 2 25,0
300019,'1179295',2100,,2474,13,0,23 24 2 26,0
300019,'1179331',1300,,2477,13,0,23 24 2 26,0
300019,'1179349',1530,,2478,10,0,23 24 2 25,0
300019,'1179355',1200,,2479,13,0,23 24 2 26,0
300019,'1179356',1630,,2480,10,0,23 24 2 25,0
300019,'1179360',2130,,2481,10,0,23 24 2 25,0
300019,'1179379',2200,,2482,13,0,8 9 2 26,0
300019,'1179390',1500,,2483,13,0,23 24 2 26,0
300019,'1179397',1630,,2484,13,0,23 24 2 26,0
300019,'1179404',2100,,2485,13,0,23 24 2 26,0
300019,'1179405',1230,,2486,10,0,23 24 2 25,0
300019,'1179406',1030,,2487,10,0,23 24 2 25,0
300019,'1179409',1600,,2488,10,0,23 24 2 25,0
300019,'1179420',1330,,2489,10,0,23 24 2 25,0
300019,'1179435',1600,,2490,13,0,23 24 2 26,0
300019,'1179448',1400,,2491,13,0,23 24 2 26,0
300019,'1179454',1430,,2492,10,0,23 24 2 25,0
300019,'1179463',930,,2493,10,0,23 24 2 25,0
300019,'1179467',830,,2494,10,0,23 24 2 25,0
300019,'1179470',1130,,2495,10,0,23 24 2 25,0
300019,'1179484',1300,,2496,13,0,23 24 2 26,0
300019,'1179490',1100,,2497,13,0,23 24 2 26,0
300019,'1179502',2030,,2498,10,0,23 24 2 25,0
300019,'1179508',1000,,2499,13,0,23 24 2 26,0
300019,'1179527',1930,,2500,10,0,23 24 2 25,0
300019,'1179532',830,,2501,10,0,23 24 2 25,0
300019,'1179549',900,,2502,13,0,23 24 2 26,0
300019,'1179554',2130,,2504,10,0,23 24 2 25,0
300019,'1179566',1700,,2505,13,0,23 24 2 26,0
300019,'1179568',1900,,2506,13,0,23 24 2 26,0
300019,'1179570',1630,,2507,10,0,23 24 2 25,0
300019,'1179580',1930,,2508,10,0,23 24 2 25,0
300019,'1179593',1030,,2510,13,0,8 9 2 26,0
300019,'1179597',900,,2511,10,0,23 24 2 25,0
300019,'1179607',700,,2512,9,0,23 24 2 25,0
300019,'1179614',1430,,2513,10,0,23 24 2 25,0
300019,'1179617',1800,,2514,10,0,23 24 2 25,0
300019,'1179622',1730,,2515,13,0,23 24 2 26,0
300019,'1179624',1700,,2516,10,0,23 24 2 25,0
300019,'1179643',2030,,2518,10,0,23 24 2 25,0
300019,'1179649',1600,,2519,13,0,23 24 2 26,0
300019,'1179713',930,,2521,10,0,23 24 2 25,0
