120019,'1178966',1345,4,2294,23,,,0
120019,'1178998',1545,4,2295,23,,,0
120019,'1179031',1645,4,2296,23,,,0
120019,'1179149',1445,4,2297,23,,,0
120019,'1179182',1145,4,2298,23,,,0
120019,'1179282',945,4,2299,23,,,0
120019,'1179296',1758,17,2300,23,,,0
120019,'1179596',1045,4,2301,23,,,0
120019,'1179628',1245,4,2302,23,,,0
140019,'1178969',1343,10,2330,27,,,0
140019,'1178977',1543,10,2331,27,,,0
140019,'1179164',1643,10,2332,27,,,0
140019,'1179344',1443,10,2333,27,,,0
140019,'1179352',943,10,2334,27,,,0
140019,'1179462',1243,10,2335,27,,,0
140019,'1179512',1143,10,2336,27,,,0
140019,'1179518',1043,10,2337,27,,,0
140019,'1179634',1756,23,2338,27,,,0
200019,'1179038',1508,4,2384,22,,,0
200019,'1179081',1708,4,2385,22,,,0
200019,'1179174',1008,4,2386,22,,,0
200019,'1179259',1208,4,2387,22,,,0
200019,'1179289',1608,4,2388,22,,,0
200019,'1179460',1800,44,2389,22,,,0
200019,'1179585',1108,4,2390,22,,,0
200019,'1179594',1408,4,2391,22,,,0
200019,'1179655',1308,4,2392,22,,,0
140010019,'1178921',1519,,2523,36,,,0
140010019,'1178922',1019,,2524,37,,,0
140010019,'1178936',749,,2525,36,,,0
140010019,'1178979',1119,,2527,37,,,0
140010019,'1179012',819,,2528,37,,,0
140010019,'1179037',2019,,2529,36,,,0
140010019,'1179103',1619,,2530,37,,,0
140010019,'1179131',1219,,2532,36,,,0
140010019,'1179140',2219,,2533,36,,,0
140010019,'1179157',719,,2535,36,,,0
140010019,'1179167',1119,,2536,36,,,0
140010019,'1179178',1819,,2537,37,,,0
140010019,'1179180',2219,,2538,37,,,0
140010019,'1179188',1519,,2539,37,,,0
140010019,'1179217',2019,,2540,37,,,0
140010019,'1179251',1649,,2542,36,,,0
140010019,'1179253',849,,2543,36,,,0
140010019,'1179268',1749,,2544,36,,,0
140010019,'1179270',1719,,2545,37,,,0
140010019,'1179302',719,,2546,4,,,0
140010019,'1179336',919,,2547,36,,,0
140010019,'1179347',819,,2548,36,,,0
140010019,'1179361',2119,,2549,36,,,0
140010019,'1179396',2119,,2550,37,,,0
140010019,'1179415',1219,,2552,37,,,0
140010019,'1179445',1419,,2553,36,,,0
140010019,'1179452',1819,,2554,36,,,0
140010019,'1179453',1419,,2555,37,,,0
140010019,'1179479',1319,,2556,36,,,0
140010019,'1179494',1719,,2558,36,,,0
140010019,'1179496',1619,,2559,36,,,0
140010019,'1179544',1919,,2561,36,,,0
140010019,'1179613',1919,,2563,37,,,0
140010019,'1179620',919,,2564,37,,,0
140010019,'1179659',1319,,2566,37,,,0
140010019,'1179692',1019,,2567,36,,,0
140014019,'1178954',1619,,2614,25,,,0
140014019,'1178955',1149,,2615,25,,,0
140014019,'1178974',1019,,2616,25,,,0
140014019,'1179007',1819,,2617,25,,,0
140014019,'1179027',1519,,2618,25,,,0
140014019,'1179052',819,,2619,25,,,0
140014019,'1179079',749,,2620,25,,,0
140014019,'1179080',1519,,2621,25,,,0
140014019,'1179082',849,,2622,25,,,0
140014019,'1179084',719,,2623,25,,,0
140014019,'1179111',2219,,2624,25,,,0
140014019,'1179143',819,,2625,25,,,0
140014019,'1179200',1249,,2626,25,,,0
140014019,'1179207',1749,,2627,25,,,0
140014019,'1179221',1419,,2628,25,,,0
140014019,'1179271',1219,,2629,25,,,0
140014019,'1179298',1719,,2630,25,,,0
140014019,'1179320',1449,,2631,25,,,0
140014019,'1179323',1019,,2632,25,,,0
140014019,'1179350',919,,2634,25,,,0
140014019,'1179353',1819,,2635,25,,,0
140014019,'1179366',2019,,2636,25,,,0
140014019,'1179392',1619,,2637,25,,,0
140014019,'1179403',1919,,2638,25,,,0
140014019,'1179417',719,,2639,4,,,0
140014019,'1179433',1419,,2640,25,,,0
140014019,'1179443',949,,2641,25,,,0
140014019,'1179446',1219,,2642,25,,,0
140014019,'1179449',1049,,2643,25,,,0
140014019,'1179493',1119,,2644,25,,,0
140014019,'1179524',1719,,2646,25,,,0
140014019,'1179535',1349,,2647,25,,,0
140014019,'1179547',1319,,2648,25,,,0
140014019,'1179550',649,,2649,4,,,0
140014019,'1179561',1549,,2651,25,,,0
140014019,'1179577',1319,,2652,25,,,0
140014019,'1179598',2119,,2653,25,,,0
140014019,'1179600',2219,,2654,25,,,0
140014019,'1179608',1919,,2655,25,,,0
140014019,'1179636',1649,,2656,25,,,0
140014019,'1179638',919,,2657,25,,,0
140014019,'1179648',2019,,2658,25,,,0
140014019,'1179654',2119,,2659,25,,,0
140014019,'1179662',1119,,2660,25,,,0
140016019,'1178912',1719,,2661,24,,,0
140016019,'1178941',819,,2662,24,,,0
140016019,'1179051',2219,,2665,24,,,0
140016019,'1179063',719,,2666,4,,,0
140016019,'1179077',1749,,2667,24,,,0
140016019,'1179112',1919,,2668,24,,,0
140016019,'1179129',1219,,2669,24,,,0
140016019,'1179136',1519,,2670,24,,,0
140016019,'1179158',1319,,2671,24,,,0
140016019,'1179191',919,,2672,24,,,0
140016019,'1179213',1019,,2673,24,,,0
140016019,'1179234',1419,,2675,24,,,0
140016019,'1179256',849,,2677,24,,,0
140016019,'1179267',819,,2678,24,,,0
140016019,'1179284',1919,,2679,24,,,0
140016019,'1179299',2219,,2681,24,,,0
140016019,'1179304',1319,,2682,24,,,0
140016019,'1179312',1619,,2683,24,,,0
140016019,'1179318',1819,,2684,24,,,0
140016019,'1179330',2019,,2685,24,,,0
140016019,'1179333',1419,,2686,24,,,0
140016019,'1179357',1119,,2688,24,,,0
140016019,'1179371',1519,,2689,24,,,0
140016019,'1179389',1649,,2690,24,,,0
140016019,'1179416',1619,,2691,24,,,0
140016019,'1179464',2119,,2693,24,,,0
140016019,'1179475',919,,2694,24,,,0
140016019,'1179481',1719,,2695,24,,,0
140016019,'1179517',1549,,2697,24,,,0
140016019,'1179520',2019,,2698,24,,,0
140016019,'1179536',749,,2699,24,,,0
140016019,'1179538',719,,2700,24,,,0
140016019,'1179601',2119,,2703,24,,,0
140016019,'1179604',1119,,2704,24,,,0
140016019,'1179627',1219,,2705,24,,,0
140016019,'1179663',1019,,2706,24,,,0
140016019,'1179687',1819,,2708,24,,,0
