130019,'1179053',1732,,2312,15,,,0
130019,'1179067',1332,,2313,15,,,0
130019,'1179069',1032,,2314,15,,,0
130019,'1179093',1132,,2315,15,,,0
130019,'1179108',1232,,2316,15,,,0
130019,'1179294',1532,,2317,15,,,0
130019,'1179386',1632,,2318,15,,,0
130019,'1179541',932,,2319,15,,,0
130019,'1179675',1432,,2320,15,,,0
140012019,'1178913',1155,,2568,15,,,0
140012019,'1178923',1155,,2569,15,,,0
140012019,'1178934',955,,2570,15,,,0
140012019,'1178935',755,,2571,15,,,0
140012019,'1178953',855,,2572,15,,,0
140012019,'1178981',655,,2573,15,,,0
140012019,'1178986',1425,,2574,15,,,0
140012019,'1179006',1325,,2575,15,,,0
140012019,'1179011',725,,2576,15,,,0
140012019,'1179015',1855,,2577,15,,,0
140012019,'1179046',855,,2578,15,,,0
140012019,'1179102',1555,,2579,15,,,0
140012019,'1179154',1355,,2580,15,,,0
140012019,'1179183',1955,,2581,15,,,0
140012019,'1179185',925,,2582,15,,,0
140012019,'1179216',2255,,2583,15,0,8 21,0
140012019,'1179230',955,,2584,15,,,0
140012019,'1179233',1555,,2585,15,,,0
140012019,'1179236',755,,2586,15,,,0
140012019,'1179238',1455,,2587,15,,,0
140012019,'1179244',2055,,2588,15,,,0
140012019,'1179245',1855,,2589,15,,,0
140012019,'1179255',1825,,2591,15,0,8 21,0
140012019,'1179261',1055,,2592,15,,,0
140012019,'1179316',1955,,2593,15,,,0
140012019,'1179325',825,,2594,15,,,0
140012019,'1179348',1255,,2595,15,,,0
140012019,'1179359',1725,,2596,15,,,0
140012019,'1179372',2155,,2597,15,,,0
140012019,'1179387',1255,,2598,15,,,0
140012019,'1179399',1125,,2599,15,,,0
140012019,'1179425',2055,,2600,15,,,0
140012019,'1179444',1625,,2601,15,,,0
140012019,'1179495',1355,,2602,15,,,0
140012019,'1179499',1525,,2603,15,,,0
140012019,'1179510',1655,,2604,15,,,0
140012019,'1179511',2155,,2605,15,,,0
140012019,'1179526',1755,,2606,15,,,0
140012019,'1179556',1055,,2607,15,,,0
140012019,'1179567',1225,,2608,15,,,0
140012019,'1179578',2255,,2609,15,0,8 21,0
140012019,'1179644',1755,,2610,15,,,0
140012019,'1179693',1025,,2611,15,,,0
140012019,'1179704',1455,,2612,15,,,0
140012019,'1179715',1655,,2613,15,,,0
