200019,'1179038',1510,,2384,27,,,0
200019,'1179081',1710,,2385,27,,,0
200019,'1179174',1010,,2386,27,,,0
200019,'1179259',1210,,2387,27,,,0
200019,'1179289',1610,,2388,27,,,0
200019,'1179460',1802,,2389,27,,,0
200019,'1179585',1110,,2390,27,,,0
200019,'1179594',1410,,2391,27,,,0
200019,'1179655',1310,,2392,27,,,0
190015019,'1178937',1124,,2803,14,,,0
190015019,'1178938',2254,,2804,14,0,12,0
190015019,'1178958',954,,2805,14,,,0
190015019,'1178960',1054,,2806,14,,,0
190015019,'1178991',2154,,2807,14,0,12,0
190015019,'1179018',1354,,2808,14,,,0
190015019,'1179054',1254,,2809,14,,,0
190015019,'1179073',1324,,2810,14,,,0
190015019,'1179089',1154,,2812,14,,,0
190015019,'1179095',1654,,2813,14,,,0
190015019,'1179126',1754,,2814,14,,,0
190015019,'1179130',1554,,2815,14,,,0
190015019,'1179152',924,,2816,14,,,0
190015019,'1179165',2154,,2817,14,0,12,0
190015019,'1179169',954,,2818,14,,,0
190015019,'1179170',754,,2819,14,,,0
190015019,'1179189',754,,2820,14,,,0
190015019,'1179226',1754,,2821,14,,,0
190015019,'1179241',1824,,2822,14,0,12,0
190015019,'1179257',2054,,2823,14,,,0
190015019,'1179260',1654,,2824,14,,,0
190015019,'1179269',2254,,2825,14,0,12,0
190015019,'1179280',1454,,2826,14,,,0
190015019,'1179329',1624,,2827,14,,,0
190015019,'1179378',1954,,2828,14,,,0
190015019,'1179382',1724,,2829,14,,,0
190015019,'1179400',1854,,2830,14,,,0
190015019,'1179414',1454,,2831,14,,,0
190015019,'1179456',1524,,2832,14,,,0
190015019,'1179465',1554,,2833,14,,,0
190015019,'1179466',854,,2834,14,,,0
190015019,'1179468',1954,,2835,14,,,0
190015019,'1179480',1254,,2836,14,,,0
190015019,'1179489',1224,,2837,14,,,0
190015019,'1179491',1054,,2838,14,,,0
190015019,'1179501',1024,,2839,14,,,0
190015019,'1179525',654,,2840,14,,,0
190015019,'1179560',2054,,2841,14,,,0
190015019,'1179563',1354,,2842,14,,,0
190015019,'1179576',1854,,2843,14,,,0
190015019,'1179602',824,,2844,14,,,0
190015019,'1179633',724,,2845,14,,,0
190015019,'1179652',854,,2847,14,,,0
190015019,'1179679',1424,,2848,14,,,0
190015019,'1179703',1154,,2849,14,,,0
190015019,'1179716',654,,2850,14,,,0
