200029,'1178971',1030,,2393,2,,,0
200029,'1179034',1630,,2394,2,,,0
200029,'1179043',1230,,2395,2,,,0
200029,'1179091',1430,,2396,2,,,0
200029,'1179198',1130,,2398,2,,,0
200029,'1179229',1714,,2399,2,,,0
200029,'1179283',1330,,2400,2,,,0
200029,'1179383',1530,,2401,2,,,0
200029,'1179689',930,,2402,2,,,0
140014019,'1178954',1623,,2614,30,,,0
140014019,'1178955',1153,,2615,30,,,0
140014019,'1178974',1023,,2616,30,,,0
140014019,'1179007',1823,,2617,30,,,0
140014019,'1179027',1523,,2618,30,,,0
140014019,'1179052',823,,2619,30,,,0
140014019,'1179079',753,,2620,30,,,0
140014019,'1179080',1523,,2621,30,,,0
140014019,'1179082',853,,2622,30,,,0
140014019,'1179084',723,,2623,30,,,0
140014019,'1179111',2223,,2624,30,,,0
140014019,'1179143',823,,2625,30,,,0
140014019,'1179200',1253,,2626,30,,,0
140014019,'1179207',1753,,2627,30,,,0
140014019,'1179221',1423,,2628,30,,,0
140014019,'1179271',1223,,2629,30,,,0
140014019,'1179298',1723,,2630,30,,,0
140014019,'1179320',1453,,2631,30,,,0
140014019,'1179323',1023,,2632,30,,,0
140014019,'1179337',623,,2633,2,,,0
140014019,'1179350',923,,2634,30,,,0
140014019,'1179353',1823,,2635,30,,,0
140014019,'1179366',2023,,2636,30,,,0
140014019,'1179392',1623,,2637,30,,,0
140014019,'1179403',1923,,2638,30,,,0
140014019,'1179417',723,,2639,9,,,0
140014019,'1179433',1423,,2640,30,,,0
140014019,'1179443',953,,2641,30,,,0
140014019,'1179446',1223,,2642,30,,,0
140014019,'1179449',1053,,2643,30,,,0
140014019,'1179493',1123,,2644,30,,,0
140014019,'1179513',623,,2645,2,,,0
140014019,'1179524',1723,,2646,30,,,0
140014019,'1179535',1353,,2647,30,,,0
140014019,'1179547',1323,,2648,30,,,0
140014019,'1179550',653,,2649,9,,,0
140014019,'1179561',1553,,2651,30,,,0
140014019,'1179577',1323,,2652,30,,,0
140014019,'1179598',2123,,2653,30,,,0
140014019,'1179600',2223,,2654,30,,,0
140014019,'1179608',1923,,2655,30,,,0
140014019,'1179636',1653,,2656,30,,,0
140014019,'1179638',923,,2657,30,,,0
140014019,'1179648',2023,,2658,30,,,0
140014019,'1179654',2123,,2659,30,,,0
140014019,'1179662',1123,,2660,30,,,0
190015019,'1178937',1126,,2803,19,,,0
190015019,'1178938',2256,,2804,19,0,12,0
190015019,'1178958',956,,2805,19,,,0
190015019,'1178960',1056,,2806,19,,,0
190015019,'1178991',2156,,2807,19,0,12,0
190015019,'1179018',1356,,2808,19,,,0
190015019,'1179054',1256,,2809,19,,,0
190015019,'1179073',1326,,2810,19,,,0
190015019,'1179089',1156,,2812,19,,,0
190015019,'1179095',1656,,2813,19,,,0
190015019,'1179126',1756,,2814,19,,,0
190015019,'1179130',1556,,2815,19,,,0
190015019,'1179152',926,,2816,19,,,0
190015019,'1179165',2156,,2817,19,0,12,0
190015019,'1179169',956,,2818,19,,,0
190015019,'1179170',756,,2819,19,,,0
190015019,'1179189',756,,2820,19,,,0
190015019,'1179226',1756,,2821,19,,,0
190015019,'1179241',1826,,2822,19,0,12,0
190015019,'1179257',2056,,2823,19,,,0
190015019,'1179260',1656,,2824,19,,,0
190015019,'1179269',2256,,2825,19,0,12,0
190015019,'1179280',1456,,2826,19,,,0
190015019,'1179329',1626,,2827,19,,,0
190015019,'1179378',1956,,2828,19,,,0
190015019,'1179382',1726,,2829,19,,,0
190015019,'1179400',1856,,2830,19,,,0
190015019,'1179414',1456,,2831,19,,,0
190015019,'1179456',1526,,2832,19,,,0
190015019,'1179465',1556,,2833,19,,,0
190015019,'1179466',856,,2834,19,,,0
190015019,'1179468',1956,,2835,19,,,0
190015019,'1179480',1256,,2836,19,,,0
190015019,'1179489',1226,,2837,19,,,0
190015019,'1179491',1056,,2838,19,,,0
190015019,'1179501',1026,,2839,19,,,0
190015019,'1179525',656,,2840,19,,,0
190015019,'1179560',2056,,2841,19,,,0
190015019,'1179563',1356,,2842,19,,,0
190015019,'1179576',1856,,2843,19,,,0
190015019,'1179602',826,,2844,19,,,0
190015019,'1179633',726,,2845,19,,,0
190015019,'1179652',856,,2847,19,,,0
190015019,'1179679',1426,,2848,19,,,0
190015019,'1179703',1156,,2849,19,,,0
190015019,'1179716',656,,2850,19,,,0
