120019,'1178966',1351,,2294,37,,,0
120019,'1178998',1551,,2295,37,,,0
120019,'1179031',1651,,2296,37,,,0
120019,'1179149',1451,,2297,37,,,0
120019,'1179182',1151,,2298,37,,,0
120019,'1179282',951,,2299,37,,,0
120019,'1179296',1804,,2300,37,,,0
120019,'1179596',1051,,2301,37,,,0
120019,'1179628',1251,,2302,37,,,0
140016019,'1178912',1726,,2661,38,,,0
140016019,'1178941',826,,2662,38,,,0
140016019,'1179051',2226,,2665,38,,,0
140016019,'1179063',726,,2666,18,,,0
140016019,'1179077',1756,,2667,38,,,0
140016019,'1179112',1926,,2668,38,,,0
140016019,'1179129',1226,,2669,38,,,0
140016019,'1179136',1526,,2670,38,,,0
140016019,'1179158',1326,,2671,38,,,0
140016019,'1179191',926,,2672,38,,,0
140016019,'1179213',1026,,2673,38,,,0
140016019,'1179234',1426,,2675,38,,,0
140016019,'1179256',856,,2677,38,,,0
140016019,'1179267',826,,2678,38,,,0
140016019,'1179284',1926,,2679,38,,,0
140016019,'1179299',2226,,2681,38,,,0
140016019,'1179304',1326,,2682,38,,,0
140016019,'1179312',1626,,2683,38,,,0
140016019,'1179318',1826,,2684,38,,,0
140016019,'1179330',2026,,2685,38,,,0
140016019,'1179333',1426,,2686,38,,,0
140016019,'1179357',1126,,2688,38,,,0
140016019,'1179371',1526,,2689,38,,,0
140016019,'1179389',1656,,2690,38,,,0
140016019,'1179416',1626,,2691,38,,,0
140016019,'1179464',2126,,2693,38,,,0
140016019,'1179475',926,,2694,38,,,0
140016019,'1179481',1726,,2695,38,,,0
140016019,'1179517',1556,,2697,38,,,0
140016019,'1179520',2026,,2698,38,,,0
140016019,'1179536',756,,2699,38,,,0
140016019,'1179538',726,,2700,38,,,0
140016019,'1179601',2126,,2703,38,,,0
140016019,'1179604',1126,,2704,38,,,0
140016019,'1179627',1226,,2705,38,,,0
140016019,'1179663',1026,,2706,38,,,0
140016019,'1179687',1826,,2708,38,,,0
