116019,'1178992',742,,2257,6,,,0
116019,'1178995',742,,2258,6,,,0
116019,'1179088',642,,2259,6,,,0
116019,'1179096',842,,2260,6,,,0
116019,'1179141',1442,,2261,6,,,0
116019,'1179172',1142,,2262,6,,,0
116019,'1179177',842,,2263,6,,,0
116019,'1179190',1612,,2264,6,,,0
116019,'1179215',1042,,2265,6,,,0
116019,'1179228',812,,2266,6,,,0
116019,'1179247',942,,2267,6,,,0
116019,'1179275',1542,,2268,6,,,0
116019,'1179278',1242,,2269,6,,,0
116019,'1179313',1742,,2270,6,,,0
116019,'1179314',2042,,2271,6,,,0
116019,'1179321',1142,,2272,6,,,0
116019,'1179339',712,,2273,6,,,0
116019,'1179343',1942,,2274,6,,,0
116019,'1179365',1642,,2275,6,,,0
116019,'1179381',1842,,2276,6,,,0
116019,'1179418',1642,,2277,6,,,0
116019,'1179432',1712,,2278,6,,,0
116019,'1179434',1942,,2279,6,,,0
116019,'1179439',1342,,2280,6,,,0
116019,'1179441',1442,,2281,6,,,0
116019,'1179476',1042,,2282,6,,,0
116019,'1179500',2142,,2283,6,,,0
116019,'1179515',912,,2284,6,,,0
116019,'1179584',1842,,2285,6,,,0
116019,'1179603',942,,2286,6,,,0
116019,'1179606',1812,,2287,6,,,0
116019,'1179615',1542,,2288,6,,,0
116019,'1179641',1242,,2289,6,,,0
116019,'1179653',1742,,2290,6,,,0
116019,'1179682',1342,,2291,6,,,0
116019,'1179696',2042,,2292,6,,,0
116019,'1179706',2142,,2293,6,,,0
160019,'1178943',1534,,2366,6,,,0
160019,'1178949',934,,2367,6,,,0
160019,'1178951',1334,,2368,6,,,0
160019,'1179047',1434,,2369,6,,,0
160019,'1179060',1734,,2370,6,,,0
160019,'1179205',1134,,2371,6,,,0
160019,'1179319',1234,,2372,6,,,0
160019,'1179451',1634,,2373,6,,,0
160019,'1179697',1034,,2374,6,,,0
