150029,'1178980',1116,,2357,24,,,0
150029,'1179059',916,,2358,24,,,0
150029,'1179210',1316,,2359,24,,,0
150029,'1179274',1716,,2360,24,,,0
150029,'1179311',1016,,2361,24,,,0
150029,'1179362',1616,,2362,24,,,0
150029,'1179450',1416,,2363,24,,,0
150029,'1179616',1216,,2364,24,,,0
150029,'1179674',1516,,2365,24,,,0
190015019,'1178937',1206,,2803,44,,,0
190015019,'1178958',1036,,2805,44,,,0
190015019,'1178960',1136,,2806,44,,,0
190015019,'1179018',1436,,2808,44,,,0
190015019,'1179054',1336,,2809,44,,,0
190015019,'1179073',1406,,2810,44,,,0
190015019,'1179083',636,,2811,19,,,0
190015019,'1179089',1236,,2812,44,,,0
190015019,'1179095',1736,,2813,44,,,0
190015019,'1179126',1836,,2814,44,,,0
190015019,'1179130',1636,,2815,44,,,0
190015019,'1179152',1006,,2816,44,,,0
190015019,'1179169',1036,,2818,44,,,0
190015019,'1179170',836,,2819,44,,,0
190015019,'1179189',836,,2820,44,,,0
190015019,'1179226',1836,,2821,44,,,0
190015019,'1179257',2136,,2823,44,,,0
190015019,'1179260',1736,,2824,44,,,0
190015019,'1179280',1536,,2826,44,,,0
190015019,'1179329',1706,,2827,44,,,0
190015019,'1179378',2036,,2828,44,,,0
190015019,'1179382',1806,,2829,44,,,0
190015019,'1179400',1936,,2830,44,,,0
190015019,'1179414',1536,,2831,44,,,0
190015019,'1179456',1606,,2832,44,,,0
190015019,'1179465',1636,,2833,44,,,0
190015019,'1179466',936,,2834,44,,,0
190015019,'1179468',2036,,2835,44,,,0
190015019,'1179480',1336,,2836,44,,,0
190015019,'1179489',1306,,2837,44,,,0
190015019,'1179491',1136,,2838,44,,,0
190015019,'1179501',1106,,2839,44,,,0
190015019,'1179525',736,,2840,44,,,0
190015019,'1179560',2136,,2841,44,,,0
190015019,'1179563',1436,,2842,44,,,0
190015019,'1179576',1936,,2843,44,,,0
190015019,'1179602',906,,2844,44,,,0
190015019,'1179633',806,,2845,44,,,0
190015019,'1179637',706,,2846,19,,,0
190015019,'1179652',936,,2847,44,,,0
190015019,'1179679',1506,,2848,44,,,0
190015019,'1179703',1236,,2849,44,,,0
190015019,'1179716',736,,2850,44,,,0
