300019,'1178915',954,,2440,6,0,23 24 2 25,0
300019,'1178996',1824,,2447,6,0,23 24 2 25,0
300019,'1178999',724,,2448,6,0,23 24 2 25,0
300019,'1179042',754,,2453,6,0,23 24 2 25,0
300019,'1179065',1124,,2456,6,0,23 24 2 25,0
300019,'1179094',724,,2458,5,0,23 24 2 25,0
300019,'1179132',1224,,2464,6,0,23 24 2 25,0
300019,'1179142',1524,,2465,6,0,23 24 2 25,0
300019,'1179211',1724,,2467,6,0,23 24 2 25,0
300019,'1179220',1024,,2468,6,0,23 24 2 25,0
300019,'1179258',1824,,2470,6,0,23 24 2 25,0
300019,'1179264',1324,,2471,6,0,23 24 2 25,0
300019,'1179288',1724,,2473,6,0,23 24 2 25,0
300019,'1179349',1524,,2478,6,0,23 24 2 25,0
300019,'1179356',1624,,2480,6,0,23 24 2 25,0
300019,'1179360',2124,,2481,6,0,23 24 2 25,0
300019,'1179405',1224,,2486,6,0,23 24 2 25,0
300019,'1179406',1024,,2487,6,0,23 24 2 25,0
300019,'1179409',1554,,2488,6,0,23 24 2 25,0
300019,'1179420',1324,,2489,6,0,23 24 2 25,0
300019,'1179454',1424,,2492,6,0,23 24 2 25,0
300019,'1179463',924,,2493,6,0,23 24 2 25,0
300019,'1179467',824,,2494,6,0,23 24 2 25,0
300019,'1179470',1124,,2495,6,0,23 24 2 25,0
300019,'1179502',2024,,2498,6,0,23 24 2 25,0
300019,'1179527',1924,,2500,6,0,23 24 2 25,0
300019,'1179532',824,,2501,6,0,23 24 2 25,0
300019,'1179554',2124,,2504,6,0,23 24 2 25,0
300019,'1179570',1624,,2507,6,0,23 24 2 25,0
300019,'1179580',1924,,2508,6,0,23 24 2 25,0
300019,'1179597',854,,2511,6,0,23 24 2 25,0
300019,'1179607',654,,2512,5,0,23 24 2 25,0
300019,'1179614',1424,,2513,6,0,23 24 2 25,0
300019,'1179617',1754,,2514,6,0,23 24 2 25,0
300019,'1179624',1654,,2516,6,0,23 24 2 25,0
300019,'1179643',2024,,2518,6,0,23 24 2 25,0
300019,'1179713',924,,2521,6,0,23 24 2 25,0
