110019,'1178947',940,,2239,15,,,0
110019,'1178964',1440,,2240,15,,,0
110019,'1178973',1740,,2241,15,,,0
110019,'1179028',1540,,2242,15,,,0
110019,'1179105',1640,,2243,15,,,0
110019,'1179114',1040,,2244,15,,,0
110019,'1179176',1240,,2245,15,,,0
110019,'1179184',1340,,2246,15,,,0
110019,'1179290',1140,,2247,15,,,0
140010019,'1178914',1121,,2522,17,0,8 21,0
140010019,'1178921',1451,,2523,17,,,0
140010019,'1178922',950,,2524,17,,,0
140010019,'1178936',721,,2525,17,,,0
140010019,'1178946',2251,,2526,17,0,8 21,0
140010019,'1178979',1050,,2527,17,,,0
140010019,'1179012',750,,2528,17,,,0
140010019,'1179037',1951,,2529,17,,,0
140010019,'1179103',1550,,2530,17,,,0
140010019,'1179122',1321,,2531,17,0,8 21,0
140010019,'1179131',1151,,2532,17,,,0
140010019,'1179140',2151,,2533,17,,,0
140010019,'1179147',921,,2534,17,0,8 21,0
140010019,'1179157',651,,2535,17,,,0
140010019,'1179167',1051,,2536,17,,,0
140010019,'1179178',1750,,2537,17,,,0
140010019,'1179180',2150,,2538,17,,,0
140010019,'1179188',1450,,2539,17,,,0
140010019,'1179217',1950,,2540,17,,,0
140010019,'1179232',1521,,2541,17,0,8 21,0
140010019,'1179251',1621,,2542,17,,,0
140010019,'1179253',821,,2543,17,,,0
140010019,'1179268',1721,,2544,17,,,0
140010019,'1179270',1650,,2545,17,,,0
140010019,'1179336',851,,2547,17,,,0
140010019,'1179347',751,,2548,17,,,0
140010019,'1179361',2051,,2549,17,,,0
140010019,'1179396',2050,,2550,17,,,0
140010019,'1179408',2250,,2551,17,0,8 21,0
140010019,'1179415',1150,,2552,17,,,0
140010019,'1179445',1351,,2553,17,,,0
140010019,'1179452',1751,,2554,17,,,0
140010019,'1179453',1350,,2555,17,,,0
140010019,'1179479',1251,,2556,17,,,0
140010019,'1179483',1221,,2557,17,0,8 21,0
140010019,'1179494',1651,,2558,17,,,0
140010019,'1179496',1551,,2559,17,,,0
140010019,'1179498',1421,,2560,17,0,8 21,0
140010019,'1179544',1851,,2561,17,,,0
140010019,'1179548',1021,,2562,17,0,8 21,0
140010019,'1179613',1850,,2563,17,,,0
140010019,'1179620',850,,2564,17,,,0
140010019,'1179629',1821,,2565,17,0,8 21,0
140010019,'1179659',1250,,2566,17,,,0
140010019,'1179692',951,,2567,17,,,0
