110019,'1178947',937,,2239,7,,,0
110019,'1178964',1437,,2240,7,,,0
110019,'1178973',1737,,2241,7,,,0
110019,'1179028',1537,,2242,7,,,0
110019,'1179105',1637,,2243,7,,,0
110019,'1179114',1037,,2244,7,,,0
110019,'1179176',1237,,2245,7,,,0
110019,'1179184',1337,,2246,7,,,0
110019,'1179290',1137,,2247,7,,,0
140010019,'1178914',1117,,2522,9,0,8 21,0
140010019,'1178921',1447,,2523,9,,,0
140010019,'1178922',947,,2524,9,,,0
140010019,'1178936',717,,2525,9,,,0
140010019,'1178946',2247,,2526,9,0,8 21,0
140010019,'1178979',1047,,2527,9,,,0
140010019,'1179012',747,,2528,9,,,0
140010019,'1179037',1947,,2529,9,,,0
140010019,'1179103',1547,,2530,9,,,0
140010019,'1179122',1317,,2531,9,0,8 21,0
140010019,'1179131',1147,,2532,9,,,0
140010019,'1179140',2147,,2533,9,,,0
140010019,'1179147',917,,2534,9,0,8 21,0
140010019,'1179157',647,,2535,9,,,0
140010019,'1179167',1047,,2536,9,,,0
140010019,'1179178',1747,,2537,9,,,0
140010019,'1179180',2147,,2538,9,,,0
140010019,'1179188',1447,,2539,9,,,0
140010019,'1179217',1947,,2540,9,,,0
140010019,'1179232',1517,,2541,9,0,8 21,0
140010019,'1179251',1617,,2542,9,,,0
140010019,'1179253',817,,2543,9,,,0
140010019,'1179268',1717,,2544,9,,,0
140010019,'1179270',1647,,2545,9,,,0
140010019,'1179336',847,,2547,9,,,0
140010019,'1179347',747,,2548,9,,,0
140010019,'1179361',2047,,2549,9,,,0
140010019,'1179396',2047,,2550,9,,,0
140010019,'1179408',2247,,2551,9,0,8 21,0
140010019,'1179415',1147,,2552,9,,,0
140010019,'1179445',1347,,2553,9,,,0
140010019,'1179452',1747,,2554,9,,,0
140010019,'1179453',1347,,2555,9,,,0
140010019,'1179479',1247,,2556,9,,,0
140010019,'1179483',1217,,2557,9,0,8 21,0
140010019,'1179494',1647,,2558,9,,,0
140010019,'1179496',1547,,2559,9,,,0
140010019,'1179498',1417,,2560,9,0,8 21,0
140010019,'1179544',1847,,2561,9,,,0
140010019,'1179548',1017,,2562,9,0,8 21,0
140010019,'1179613',1847,,2563,9,,,0
140010019,'1179620',847,,2564,9,,,0
140010019,'1179629',1817,,2565,9,0,8 21,0
140010019,'1179659',1247,,2566,9,,,0
140010019,'1179692',947,,2567,9,,,0
