120029,'1179032',1603,,2303,44,,,0
120029,'1179055',1403,,2304,44,,,0
120029,'1179056',1703,,2305,44,,,0
120029,'1179099',1816,,2306,44,,,0
120029,'1179153',1003,,2307,44,,,0
120029,'1179222',1503,,2308,44,,,0
120029,'1179429',1203,,2309,44,,,0
120029,'1179447',1103,,2310,44,,,0
120029,'1179575',1303,,2311,44,,,0
140012019,'1178913',1233,,2568,49,,,0
140012019,'1178923',1233,,2569,49,,,0
140012019,'1178934',1033,,2570,49,,,0
140012019,'1178935',833,,2571,49,,,0
140012019,'1178953',933,,2572,49,,,0
140012019,'1178981',733,,2573,49,,,0
140012019,'1178986',1503,,2574,49,,,0
140012019,'1179006',1403,,2575,49,,,0
140012019,'1179011',803,,2576,49,,,0
140012019,'1179015',1933,,2577,49,,,0
140012019,'1179046',933,,2578,49,,,0
140012019,'1179102',1633,,2579,49,,,0
140012019,'1179154',1433,,2580,49,,,0
140012019,'1179183',2033,,2581,49,,,0
140012019,'1179185',1003,,2582,49,,,0
140012019,'1179230',1033,,2584,49,,,0
140012019,'1179233',1633,,2585,49,,,0
140012019,'1179236',833,,2586,49,,,0
140012019,'1179238',1533,,2587,49,,,0
140012019,'1179244',2133,,2588,49,,,0
140012019,'1179245',1933,,2589,49,,,0
140012019,'1179250',733,,2590,27,,,0
140012019,'1179261',1133,,2592,49,,,0
140012019,'1179316',2033,,2593,49,,,0
140012019,'1179325',903,,2594,49,,,0
140012019,'1179348',1333,,2595,49,,,0
140012019,'1179359',1803,,2596,49,,,0
140012019,'1179372',2233,,2597,49,,,0
140012019,'1179387',1333,,2598,49,,,0
140012019,'1179399',1203,,2599,49,,,0
140012019,'1179425',2133,,2600,49,,,0
140012019,'1179444',1703,,2601,49,,,0
140012019,'1179495',1433,,2602,49,,,0
140012019,'1179499',1603,,2603,49,,,0
140012019,'1179510',1733,,2604,49,,,0
140012019,'1179511',2233,,2605,49,,,0
140012019,'1179526',1833,,2606,49,,,0
140012019,'1179556',1133,,2607,49,,,0
140012019,'1179567',1303,,2608,49,,,0
140012019,'1179644',1833,,2610,49,,,0
140012019,'1179693',1103,,2611,49,,,0
140012019,'1179704',1533,,2612,49,,,0
140012019,'1179715',1733,,2613,49,,,0
