110029,'1178926',1302,,2248,12,,,0
110029,'1179044',902,,2249,12,,,0
110029,'1179118',1102,,2250,12,,,0
110029,'1179173',1202,,2251,12,,,0
110029,'1179459',1702,,2252,12,,,0
110029,'1179534',1402,,2253,12,,,0
110029,'1179542',1602,,2254,12,,,0
110029,'1179690',1002,,2255,12,,,0
110029,'1179707',1502,,2256,12,,,0
160029,'1178957',907,,2375,22,,,0
160029,'1179098',1407,,2376,22,,,0
160029,'1179137',1607,,2377,22,,,0
160029,'1179301',1207,,2378,22,,,0
160029,'1179398',1307,,2379,22,,,0
160029,'1179410',1707,,2380,22,,,0
160029,'1179543',1107,,2381,22,,,0
160029,'1179558',1007,,2382,22,,,0
160029,'1179623',1507,,2383,22,,,0
216019,'1178924',759,,2403,24,,,0
216019,'1178948',629,,2404,24,,,0
216019,'1178963',2129,,2405,24,,,0
216019,'1178968',1229,,2406,24,,,0
216019,'1179019',1759,,2407,24,,,0
216019,'1179021',1559,,2408,24,,,0
216019,'1179029',1429,,2409,24,,,0
216019,'1179050',1529,,2410,24,,,0
216019,'1179070',1429,,2411,24,,,0
216019,'1179075',1829,,2412,24,,,0
216019,'1179116',732,,2413,25,,,0
216019,'1179123',1329,,2414,24,,,0
216019,'1179160',1732,,2415,25,,,0
216019,'1179179',2029,,2416,24,,,0
216019,'1179181',1129,,2417,24,,,0
216019,'1179199',929,,2418,24,,,0
216019,'1179206',1529,,2419,24,,,0
216019,'1179328',1029,,2420,24,,,0
216019,'1179338',1229,,2421,24,,,0
216019,'1179345',829,,2422,24,,,0
216019,'1179368',1702,,2423,25,,,0
216019,'1179369',1029,,2424,24,,,0
216019,'1179374',1632,,2425,25,,,0
216019,'1179421',1829,,2426,24,,,0
216019,'1179431',1129,,2427,24,,,0
216019,'1179458',1929,,2428,24,,,0
216019,'1179488',729,,2429,24,,,0
216019,'1179523',1329,,2430,24,,,0
216019,'1179574',2029,,2431,24,,,0
216019,'1179582',1929,,2432,24,,,0
216019,'1179605',859,,2433,24,,,0
216019,'1179647',1729,,2434,24,,,0
216019,'1179669',829,,2435,24,,,0
216019,'1179695',2129,,2436,24,,,0
216019,'1179712',702,,2437,25,,,0
216019,'1179714',929,,2438,24,,,0
216019,'1179719',1629,,2439,24,,,0
190011019,'1178945',1552,,2709,12,,,0
190011019,'1178950',752,,2710,36,,,0
190011019,'1178970',1922,,2711,36,,,0
190011019,'1179040',2122,,2713,36,,,0
190011019,'1179064',1052,,2714,12,,,0
190011019,'1179145',922,,2715,36,,,0
190011019,'1179146',1152,,2716,12,,,0
190011019,'1179159',1822,,2717,36,,,0
190011019,'1179163',822,,2719,36,,,0
190011019,'1179248',722,,2720,36,,,0
190011019,'1179252',1822,,2721,36,,,0
190011019,'1179276',2022,,2722,36,,,0
190011019,'1179307',722,,2723,36,,,0
190011019,'1179317',1252,,2724,12,,,0
190011019,'1179332',1122,,2725,37,,,0
190011019,'1179340',922,,2726,36,,,0
190011019,'1179367',1752,,2727,36,,,0
190011019,'1179375',1452,,2728,12,,,0
190011019,'1179393',1652,,2729,12,,,0
190011019,'1179394',2222,,2730,36,,,0
190011019,'1179413',1322,,2732,37,,,0
190011019,'1179424',2222,,2733,36,,,0
190011019,'1179426',1422,,2734,37,,,0
190011019,'1179430',1622,,2735,37,,,0
190011019,'1179437',1122,,2736,37,,,0
190011019,'1179438',1622,,2737,37,,,0
190011019,'1179442',1922,,2738,36,,,0
190011019,'1179477',822,,2739,36,,,0
190011019,'1179521',1422,,2740,37,,,0
190011019,'1179528',1222,,2741,37,,,0
190011019,'1179530',652,,2742,12,,,0
190011019,'1179555',2022,,2743,36,,,0
190011019,'1179572',1222,,2744,37,,,0
190011019,'1179590',1522,,2745,37,,,0
190011019,'1179619',1722,,2746,36,,,0
190011019,'1179642',1022,,2747,36,,,0
190011019,'1179650',1322,,2748,37,,,0
190011019,'1179665',622,,2749,15,,,0
190011019,'1179666',852,,2750,36,,,0
190011019,'1179672',1352,,2751,12,,,0
190011019,'1179677',2122,,2752,36,,,0
190011019,'1179678',952,,2753,36,,,0
190011019,'1179688',1722,,2754,36,,,0
190011019,'1179700',1522,,2755,37,,,0
190011019,'1179709',1022,,2756,36,,,0
