190011019,'1178950',728,,2710,18,,,0
190011019,'1178970',1858,,2711,18,,,0
190011019,'1179009',1828,,2712,18,0,8 21,0
190011019,'1179040',2058,,2713,18,,,0
190011019,'1179145',858,,2715,18,,,0
190011019,'1179159',1758,,2717,18,,,0
190011019,'1179162',2253,,2718,18,0,12,0
190011019,'1179163',758,,2719,18,,,0
190011019,'1179248',658,,2720,18,,,0
190011019,'1179252',1758,,2721,18,,,0
190011019,'1179276',1958,,2722,18,,,0
190011019,'1179307',658,,2723,18,,,0
190011019,'1179332',1059,,2725,19,,,0
190011019,'1179340',858,,2726,18,,,0
190011019,'1179367',1728,,2727,18,,,0
190011019,'1179394',2158,,2730,18,,,0
190011019,'1179412',2253,,2731,18,0,12,0
190011019,'1179413',1259,,2732,19,,,0
190011019,'1179424',2158,,2733,18,,,0
190011019,'1179426',1359,,2734,19,,,0
190011019,'1179430',1559,,2735,19,,,0
190011019,'1179437',1059,,2736,19,,,0
190011019,'1179438',1559,,2737,19,,,0
190011019,'1179442',1858,,2738,18,,,0
190011019,'1179477',758,,2739,18,,,0
190011019,'1179521',1359,,2740,19,,,0
190011019,'1179528',1159,,2741,19,,,0
190011019,'1179555',1958,,2743,18,,,0
190011019,'1179572',1159,,2744,19,,,0
190011019,'1179590',1459,,2745,19,,,0
190011019,'1179619',1658,,2746,18,,,0
190011019,'1179642',958,,2747,18,,,0
190011019,'1179650',1259,,2748,19,,,0
190011019,'1179666',828,,2750,18,,,0
190011019,'1179677',2058,,2752,18,,,0
190011019,'1179678',928,,2753,18,,,0
190011019,'1179688',1658,,2754,18,,,0
190011019,'1179700',1459,,2755,19,,,0
190011019,'1179709',958,,2756,18,,,0
