140029,'1178990',1450,,2339,26,,,0
140029,'1179039',1150,,2340,26,,,0
140029,'1179106',1050,,2341,26,,,0
140029,'1179281',1350,,2342,26,,,0
140029,'1179335',1650,,2343,26,,,0
140029,'1179461',1803,,2344,26,,,0
140029,'1179478',1550,,2345,26,,,0
140029,'1179522',1250,,2346,26,,,0
140029,'1179651',950,,2347,26,,,0
140012019,'1178913',1224,,2568,36,,,0
140012019,'1178923',1224,,2569,36,,,0
140012019,'1178934',1024,,2570,36,,,0
140012019,'1178935',824,,2571,36,,,0
140012019,'1178953',924,,2572,36,,,0
140012019,'1178981',724,,2573,36,,,0
140012019,'1178986',1454,,2574,36,,,0
140012019,'1179006',1354,,2575,36,,,0
140012019,'1179011',754,,2576,36,,,0
140012019,'1179015',1924,,2577,36,,,0
140012019,'1179046',924,,2578,36,,,0
140012019,'1179102',1624,,2579,36,,,0
140012019,'1179154',1424,,2580,36,,,0
140012019,'1179183',2024,,2581,36,,,0
140012019,'1179185',954,,2582,36,,,0
140012019,'1179230',1024,,2584,36,,,0
140012019,'1179233',1624,,2585,36,,,0
140012019,'1179236',824,,2586,36,,,0
140012019,'1179238',1524,,2587,36,,,0
140012019,'1179244',2124,,2588,36,,,0
140012019,'1179245',1924,,2589,36,,,0
140012019,'1179250',724,,2590,14,,,0
140012019,'1179261',1124,,2592,36,,,0
140012019,'1179316',2024,,2593,36,,,0
140012019,'1179325',854,,2594,36,,,0
140012019,'1179348',1324,,2595,36,,,0
140012019,'1179359',1754,,2596,36,,,0
140012019,'1179372',2224,,2597,36,,,0
140012019,'1179387',1324,,2598,36,,,0
140012019,'1179399',1154,,2599,36,,,0
140012019,'1179425',2124,,2600,36,,,0
140012019,'1179444',1654,,2601,36,,,0
140012019,'1179495',1424,,2602,36,,,0
140012019,'1179499',1554,,2603,36,,,0
140012019,'1179510',1724,,2604,36,,,0
140012019,'1179511',2224,,2605,36,,,0
140012019,'1179526',1824,,2606,36,,,0
140012019,'1179556',1124,,2607,36,,,0
140012019,'1179567',1254,,2608,36,,,0
140012019,'1179644',1824,,2610,36,,,0
140012019,'1179693',1054,,2611,36,,,0
140012019,'1179704',1524,,2612,36,,,0
140012019,'1179715',1724,,2613,36,,,0
