116019,'1178992',740,,2257,5,,,0
116019,'1178995',740,,2258,5,,,0
116019,'1179088',640,,2259,5,,,0
116019,'1179096',840,,2260,5,,,0
116019,'1179141',1440,,2261,5,,,0
116019,'1179172',1140,,2262,5,,,0
116019,'1179177',840,,2263,5,,,0
116019,'1179190',1610,,2264,5,,,0
116019,'1179215',1040,,2265,5,,,0
116019,'1179228',810,,2266,5,,,0
116019,'1179247',940,,2267,5,,,0
116019,'1179275',1540,,2268,5,,,0
116019,'1179278',1240,,2269,5,,,0
116019,'1179313',1740,,2270,5,,,0
116019,'1179314',2040,,2271,5,,,0
116019,'1179321',1140,,2272,5,,,0
116019,'1179339',710,,2273,5,,,0
116019,'1179343',1940,,2274,5,,,0
116019,'1179365',1640,,2275,5,,,0
116019,'1179381',1840,,2276,5,,,0
116019,'1179418',1640,,2277,5,,,0
116019,'1179432',1710,,2278,5,,,0
116019,'1179434',1940,,2279,5,,,0
116019,'1179439',1340,,2280,5,,,0
116019,'1179441',1440,,2281,5,,,0
116019,'1179476',1040,,2282,5,,,0
116019,'1179500',2140,,2283,5,,,0
116019,'1179515',910,,2284,5,,,0
116019,'1179584',1840,,2285,5,,,0
116019,'1179603',940,,2286,5,,,0
116019,'1179606',1810,,2287,5,,,0
116019,'1179615',1540,,2288,5,,,0
116019,'1179641',1240,,2289,5,,,0
116019,'1179653',1740,,2290,5,,,0
116019,'1179682',1340,,2291,5,,,0
116019,'1179696',2040,,2292,5,,,0
116019,'1179706',2140,,2293,5,,,0
160019,'1178943',1532,,2366,5,,,0
160019,'1178949',932,,2367,5,,,0
160019,'1178951',1332,,2368,5,,,0
160019,'1179047',1432,,2369,5,,,0
160019,'1179060',1732,,2370,5,,,0
160019,'1179205',1132,,2371,5,,,0
160019,'1179319',1232,,2372,5,,,0
160019,'1179451',1632,,2373,5,,,0
160019,'1179697',1032,,2374,5,,,0
