110029,'1178926',1256,,2248,2,,,0
110029,'1179044',856,,2249,2,,,0
110029,'1179118',1056,,2250,2,,,0
110029,'1179173',1156,,2251,2,,,0
110029,'1179459',1656,,2252,2,,,0
110029,'1179534',1356,,2253,2,,,0
110029,'1179542',1556,,2254,2,,,0
110029,'1179690',956,,2255,2,,,0
110029,'1179707',1456,,2256,2,,,0
200029,'1178971',1056,,2393,13,,,0
200029,'1179034',1656,,2394,13,,,0
200029,'1179043',1256,,2395,13,,,0
200029,'1179091',1456,,2396,13,,,0
200029,'1179144',856,,2397,3,,,0
200029,'1179198',1156,,2398,13,,,0
200029,'1179283',1356,,2400,13,,,0
200029,'1179383',1556,,2401,13,,,0
200029,'1179689',956,,2402,13,,,0
190011019,'1178945',1546,,2709,2,,,0
190011019,'1178950',746,,2710,26,,,0
190011019,'1178970',1916,,2711,26,,,0
190011019,'1179040',2116,,2713,26,,,0
190011019,'1179064',1046,,2714,2,,,0
190011019,'1179145',916,,2715,26,,,0
190011019,'1179146',1146,,2716,2,,,0
190011019,'1179159',1816,,2717,26,,,0
190011019,'1179163',816,,2719,26,,,0
190011019,'1179248',716,,2720,26,,,0
190011019,'1179252',1816,,2721,26,,,0
190011019,'1179276',2016,,2722,26,,,0
190011019,'1179307',716,,2723,26,,,0
190011019,'1179317',1246,,2724,2,,,0
190011019,'1179332',1116,,2725,27,,,0
190011019,'1179340',916,,2726,26,,,0
190011019,'1179367',1746,,2727,26,,,0
190011019,'1179375',1446,,2728,2,,,0
190011019,'1179393',1646,,2729,2,,,0
190011019,'1179394',2216,,2730,26,,,0
190011019,'1179413',1316,,2732,27,,,0
190011019,'1179424',2216,,2733,26,,,0
190011019,'1179426',1416,,2734,27,,,0
190011019,'1179430',1616,,2735,27,,,0
190011019,'1179437',1116,,2736,27,,,0
190011019,'1179438',1616,,2737,27,,,0
190011019,'1179442',1916,,2738,26,,,0
190011019,'1179477',816,,2739,26,,,0
190011019,'1179521',1416,,2740,27,,,0
190011019,'1179528',1216,,2741,27,,,0
190011019,'1179530',646,,2742,2,,,0
190011019,'1179555',2016,,2743,26,,,0
190011019,'1179572',1216,,2744,27,,,0
190011019,'1179590',1516,,2745,27,,,0
190011019,'1179619',1716,,2746,26,,,0
190011019,'1179642',1016,,2747,26,,,0
190011019,'1179650',1316,,2748,27,,,0
190011019,'1179665',616,,2749,5,,,0
190011019,'1179666',846,,2750,26,,,0
190011019,'1179672',1346,,2751,2,,,0
190011019,'1179677',2116,,2752,26,,,0
190011019,'1179678',946,,2753,26,,,0
190011019,'1179688',1716,,2754,26,,,0
190011019,'1179700',1516,,2755,27,,,0
190011019,'1179709',1016,,2756,26,,,0
190017019,'1178928',1716,,2851,35,,,0
190017019,'1178932',946,,2852,35,,,0
190017019,'1178967',1446,,2853,2,,,0
190017019,'1179016',646,,2856,35,,,0
190017019,'1179076',616,,2858,2,,,0
190017019,'1179092',716,,2859,35,,,0
190017019,'1179124',1616,,2860,35,,,0
190017019,'1179128',1116,,2861,35,,,0
190017019,'1179151',1916,,2863,35,,,0
190017019,'1179161',1746,,2864,35,,,0
190017019,'1179166',1016,,2865,35,,,0
190017019,'1179196',716,,2866,35,,,0
190017019,'1179242',1216,,2867,35,,,0
190017019,'1179273',2116,,2868,35,,,0
190017019,'1179277',846,,2869,35,,,0
190017019,'1179293',1316,,2870,35,,,0
190017019,'1179306',1916,,2871,35,,,0
190017019,'1179309',1346,,2872,2,,,0
190017019,'1179327',1516,,2873,35,,,0
190017019,'1179377',1546,,2874,2,,,0
190017019,'1179384',1246,,2875,2,,,0
190017019,'1179385',816,,2876,35,,,0
190017019,'1179401',2016,,2877,35,,,0
190017019,'1179427',1316,,2878,35,,,0
190017019,'1179455',1416,,2879,35,,,0
190017019,'1179492',1146,,2880,2,,,0
190017019,'1179519',1816,,2881,35,,,0
190017019,'1179533',746,,2883,35,,,0
190017019,'1179565',1046,,2884,2,,,0
190017019,'1179573',1216,,2885,35,,,0
190017019,'1179579',1116,,2886,35,,,0
190017019,'1179599',2116,,2887,35,,,0
190017019,'1179610',2016,,2888,35,,,0
190017019,'1179621',916,,2889,35,,,0
190017019,'1179625',1416,,2890,35,,,0
190017019,'1179626',1646,,2891,35,,,0
190017019,'1179631',1816,,2892,35,,,0
190017019,'1179667',816,,2893,35,,,0
190017019,'1179680',1616,,2894,35,,,0
190017019,'1179683',916,,2895,35,,,0
190017019,'1179686',1516,,2896,35,,,0
190017019,'1179699',1016,,2897,35,,,0
190017019,'1179710',1716,,2898,35,,,0
