130019,'1179053',1724,,2312,4,,,0
130019,'1179067',1324,,2313,4,,,0
130019,'1179069',1024,,2314,4,,,0
130019,'1179093',1124,,2315,4,,,0
130019,'1179108',1224,,2316,4,,,0
130019,'1179294',1524,,2317,4,,,0
130019,'1179386',1624,,2318,4,,,0
130019,'1179541',924,,2319,4,,,0
130019,'1179675',1424,,2320,4,,,0
300019,'1178918',1152,,2441,7,0,23 24 2 26,0
300019,'1178931',752,,2442,7,0,23 24 2 26,0
300019,'1178939',1352,,2443,7,0,23 24 2 26,0
300019,'1178975',1452,,2445,7,0,23 24 2 26,0
300019,'1178982',1652,,2446,7,0,23 24 2 26,0
300019,'1179001',722,,2449,7,0,23 24 2 26,0
300019,'1179003',1952,,2450,7,0,23 24 2 26,0
300019,'1179008',2152,,2451,7,0,8 9 2 26,0
300019,'1179030',1852,,2452,7,0,23 24 2 26,0
300019,'1179058',1052,,2455,7,0,23 24 2 26,0
300019,'1179066',1752,,2457,7,0,23 24 2 26,0
300019,'1179109',1822,,2459,7,0,8 9 2 26,0
300019,'1179110',952,,2460,7,0,23 24 2 26,0
300019,'1179115',922,,2461,7,0,23 24 2 26,0
300019,'1179121',1752,,2462,7,0,23 24 2 26,0
300019,'1179125',1952,,2463,7,0,23 24 2 26,0
300019,'1179194',822,,2466,7,0,23 24 2 26,0
300019,'1179246',752,,2469,7,0,23 24 2 26,0
300019,'1179279',852,,2472,7,0,23 24 2 26,0
300019,'1179295',2052,,2474,7,0,23 24 2 26,0
300019,'1179331',1252,,2477,7,0,23 24 2 26,0
300019,'1179355',1152,,2479,7,0,23 24 2 26,0
300019,'1179379',2152,,2482,7,0,8 9 2 26,0
300019,'1179390',1452,,2483,7,0,23 24 2 26,0
300019,'1179397',1622,,2484,7,0,23 24 2 26,0
300019,'1179404',2052,,2485,7,0,23 24 2 26,0
300019,'1179435',1552,,2490,7,0,23 24 2 26,0
300019,'1179448',1352,,2491,7,0,23 24 2 26,0
300019,'1179484',1252,,2496,7,0,23 24 2 26,0
300019,'1179490',1052,,2497,7,0,23 24 2 26,0
300019,'1179508',952,,2499,7,0,23 24 2 26,0
300019,'1179549',852,,2502,7,0,23 24 2 26,0
300019,'1179566',1652,,2505,7,0,23 24 2 26,0
300019,'1179568',1852,,2506,7,0,23 24 2 26,0
300019,'1179593',1022,,2510,7,0,8 9 2 26,0
300019,'1179622',1722,,2515,7,0,23 24 2 26,0
300019,'1179649',1552,,2519,7,0,23 24 2 26,0
140012019,'1178913',1147,,2568,4,,,0
140012019,'1178923',1147,,2569,4,,,0
140012019,'1178934',947,,2570,4,,,0
140012019,'1178935',747,,2571,4,,,0
140012019,'1178953',847,,2572,4,,,0
140012019,'1178981',647,,2573,4,,,0
140012019,'1178986',1417,,2574,4,,,0
140012019,'1179006',1317,,2575,4,,,0
140012019,'1179011',717,,2576,4,,,0
140012019,'1179015',1847,,2577,4,,,0
140012019,'1179046',847,,2578,4,,,0
140012019,'1179102',1547,,2579,4,,,0
140012019,'1179154',1347,,2580,4,,,0
140012019,'1179183',1947,,2581,4,,,0
140012019,'1179185',917,,2582,4,,,0
140012019,'1179216',2247,,2583,4,0,8 21,0
140012019,'1179230',947,,2584,4,,,0
140012019,'1179233',1547,,2585,4,,,0
140012019,'1179236',747,,2586,4,,,0
140012019,'1179238',1447,,2587,4,,,0
140012019,'1179244',2047,,2588,4,,,0
140012019,'1179245',1847,,2589,4,,,0
140012019,'1179255',1817,,2591,4,0,8 21,0
140012019,'1179261',1047,,2592,4,,,0
140012019,'1179316',1947,,2593,4,,,0
140012019,'1179325',817,,2594,4,,,0
140012019,'1179348',1247,,2595,4,,,0
140012019,'1179359',1717,,2596,4,,,0
140012019,'1179372',2147,,2597,4,,,0
140012019,'1179387',1247,,2598,4,,,0
140012019,'1179399',1117,,2599,4,,,0
140012019,'1179425',2047,,2600,4,,,0
140012019,'1179444',1617,,2601,4,,,0
140012019,'1179495',1347,,2602,4,,,0
140012019,'1179499',1517,,2603,4,,,0
140012019,'1179510',1647,,2604,4,,,0
140012019,'1179511',2147,,2605,4,,,0
140012019,'1179526',1747,,2606,4,,,0
140012019,'1179556',1047,,2607,4,,,0
140012019,'1179567',1217,,2608,4,,,0
140012019,'1179578',2247,,2609,4,0,8 21,0
140012019,'1179644',1747,,2610,4,,,0
140012019,'1179693',1017,,2611,4,,,0
140012019,'1179704',1447,,2612,4,,,0
140012019,'1179715',1647,,2613,4,,,0
