120029,'1179032',1528,,2303,21,,,0
120029,'1179055',1328,,2304,21,,,0
120029,'1179056',1628,,2305,21,,,0
120029,'1179099',1728,,2306,21,,,0
120029,'1179153',928,,2307,21,,,0
120029,'1179222',1428,,2308,21,,,0
120029,'1179429',1128,,2309,21,,,0
120029,'1179447',1028,,2310,21,,,0
120029,'1179575',1228,,2311,21,,,0
190017019,'1178928',1654,,2851,22,,,0
190017019,'1178932',924,,2852,22,,,0
190017019,'1179000',2154,,2854,22,0,8 21,0
190017019,'1179014',1824,,2855,22,0,8 21,0
190017019,'1179016',624,,2856,22,,,0
190017019,'1179057',2254,,2857,22,0,8 21,0
190017019,'1179092',654,,2859,22,,,0
190017019,'1179124',1554,,2860,22,,,0
190017019,'1179128',1054,,2861,22,,,0
190017019,'1179133',2154,,2862,22,0,8 21,0
190017019,'1179151',1854,,2863,22,,,0
190017019,'1179161',1724,,2864,22,,,0
190017019,'1179166',954,,2865,22,,,0
190017019,'1179196',654,,2866,22,,,0
190017019,'1179242',1154,,2867,22,,,0
190017019,'1179273',2054,,2868,22,,,0
190017019,'1179277',824,,2869,22,,,0
190017019,'1179293',1254,,2870,22,,,0
190017019,'1179306',1854,,2871,22,,,0
190017019,'1179327',1454,,2873,22,,,0
190017019,'1179385',754,,2876,22,,,0
190017019,'1179401',1954,,2877,22,,,0
190017019,'1179427',1254,,2878,22,,,0
190017019,'1179455',1354,,2879,22,,,0
190017019,'1179519',1754,,2881,22,,,0
190017019,'1179529',2254,,2882,22,0,8 21,0
190017019,'1179533',724,,2883,22,,,0
190017019,'1179573',1154,,2885,22,,,0
190017019,'1179579',1054,,2886,22,,,0
190017019,'1179599',2054,,2887,22,,,0
190017019,'1179610',1954,,2888,22,,,0
190017019,'1179621',854,,2889,22,,,0
190017019,'1179625',1354,,2890,22,,,0
190017019,'1179626',1624,,2891,22,,,0
190017019,'1179631',1754,,2892,22,,,0
190017019,'1179667',754,,2893,22,,,0
190017019,'1179680',1554,,2894,22,,,0
190017019,'1179683',854,,2895,22,,,0
190017019,'1179686',1454,,2896,22,,,0
190017019,'1179699',954,,2897,22,,,0
190017019,'1179710',1654,,2898,22,,,0
