150029,'1178980',1111,,2357,19,,,0
150029,'1179059',911,,2358,19,,,0
150029,'1179210',1311,,2359,19,,,0
150029,'1179274',1711,,2360,19,,,0
150029,'1179311',1011,,2361,19,,,0
150029,'1179362',1611,,2362,19,,,0
150029,'1179450',1411,,2363,19,,,0
150029,'1179616',1211,,2364,19,,,0
150029,'1179674',1511,,2365,19,,,0
190015019,'1178937',1201,,2803,40,,,0
190015019,'1178958',1031,,2805,40,,,0
190015019,'1178960',1131,,2806,40,,,0
190015019,'1179018',1431,,2808,40,,,0
190015019,'1179054',1331,,2809,40,,,0
190015019,'1179073',1401,,2810,40,,,0
190015019,'1179083',631,,2811,15,,,0
190015019,'1179089',1231,,2812,40,,,0
190015019,'1179095',1731,,2813,40,,,0
190015019,'1179126',1831,,2814,40,,,0
190015019,'1179130',1631,,2815,40,,,0
190015019,'1179152',1001,,2816,40,,,0
190015019,'1179169',1031,,2818,40,,,0
190015019,'1179170',831,,2819,40,,,0
190015019,'1179189',831,,2820,40,,,0
190015019,'1179226',1831,,2821,40,,,0
190015019,'1179257',2131,,2823,40,,,0
190015019,'1179260',1731,,2824,40,,,0
190015019,'1179280',1531,,2826,40,,,0
190015019,'1179329',1701,,2827,40,,,0
190015019,'1179378',2031,,2828,40,,,0
190015019,'1179382',1801,,2829,40,,,0
190015019,'1179400',1931,,2830,40,,,0
190015019,'1179414',1531,,2831,40,,,0
190015019,'1179456',1601,,2832,40,,,0
190015019,'1179465',1631,,2833,40,,,0
190015019,'1179466',931,,2834,40,,,0
190015019,'1179468',2031,,2835,40,,,0
190015019,'1179480',1331,,2836,40,,,0
190015019,'1179489',1301,,2837,40,,,0
190015019,'1179491',1131,,2838,40,,,0
190015019,'1179501',1101,,2839,40,,,0
190015019,'1179525',731,,2840,40,,,0
190015019,'1179560',2131,,2841,40,,,0
190015019,'1179563',1431,,2842,40,,,0
190015019,'1179576',1931,,2843,40,,,0
190015019,'1179602',901,,2844,40,,,0
190015019,'1179633',801,,2845,40,,,0
190015019,'1179637',701,,2846,15,,,0
190015019,'1179652',931,,2847,40,,,0
190015019,'1179679',1501,,2848,40,,,0
190015019,'1179703',1231,,2849,40,,,0
190015019,'1179716',731,,2850,40,,,0
