300019,'1178918',1207,,2441,18,0,23 24 2 26,0
300019,'1178931',807,,2442,18,0,23 24 2 26,0
300019,'1178939',1407,,2443,18,0,23 24 2 26,0
300019,'1178975',1507,,2445,18,0,23 24 2 26,0
300019,'1178982',1707,,2446,18,0,23 24 2 26,0
300019,'1179001',737,,2449,18,0,23 24 2 26,0
300019,'1179003',2007,,2450,18,0,23 24 2 26,0
300019,'1179008',2207,,2451,18,0,8 9 2 26,0
300019,'1179030',1907,,2452,18,0,23 24 2 26,0
300019,'1179058',1107,,2455,18,0,23 24 2 26,0
300019,'1179066',1807,,2457,18,0,23 24 2 26,0
300019,'1179109',1837,,2459,18,0,8 9 2 26,0
300019,'1179110',1007,,2460,18,0,23 24 2 26,0
300019,'1179115',937,,2461,18,0,23 24 2 26,0
300019,'1179121',1807,,2462,18,0,23 24 2 26,0
300019,'1179125',2007,,2463,18,0,23 24 2 26,0
300019,'1179194',837,,2466,18,0,23 24 2 26,0
300019,'1179246',807,,2469,18,0,23 24 2 26,0
300019,'1179279',907,,2472,18,0,23 24 2 26,0
300019,'1179295',2107,,2474,18,0,23 24 2 26,0
300019,'1179331',1307,,2477,18,0,23 24 2 26,0
300019,'1179355',1207,,2479,18,0,23 24 2 26,0
300019,'1179379',2207,,2482,18,0,8 9 2 26,0
300019,'1179390',1507,,2483,18,0,23 24 2 26,0
300019,'1179397',1637,,2484,18,0,23 24 2 26,0
300019,'1179404',2107,,2485,18,0,23 24 2 26,0
300019,'1179435',1607,,2490,18,0,23 24 2 26,0
300019,'1179448',1407,,2491,18,0,23 24 2 26,0
300019,'1179484',1307,,2496,18,0,23 24 2 26,0
300019,'1179490',1107,,2497,18,0,23 24 2 26,0
300019,'1179508',1007,,2499,18,0,23 24 2 26,0
300019,'1179549',907,,2502,18,0,23 24 2 26,0
300019,'1179566',1707,,2505,18,0,23 24 2 26,0
300019,'1179568',1907,,2506,18,0,23 24 2 26,0
300019,'1179593',1037,,2510,18,0,8 9 2 26,0
300019,'1179622',1737,,2515,18,0,23 24 2 26,0
300019,'1179649',1607,,2519,18,0,23 24 2 26,0
