110029,'1178926',1306,,2248,20,,,0
110029,'1179044',906,,2249,20,,,0
110029,'1179118',1106,,2250,20,,,0
110029,'1179173',1206,,2251,20,,,0
110029,'1179459',1706,,2252,20,,,0
110029,'1179534',1406,,2253,20,,,0
110029,'1179542',1606,,2254,20,,,0
110029,'1179690',1006,,2255,20,,,0
110029,'1179707',1506,,2256,20,,,0
190011019,'1178945',1558,,2709,20,,,0
190011019,'1178950',758,,2710,44,,,0
190011019,'1178970',1928,,2711,44,,,0
190011019,'1179040',2128,,2713,44,,,0
190011019,'1179064',1058,,2714,20,,,0
190011019,'1179145',928,,2715,44,,,0
190011019,'1179146',1158,,2716,20,,,0
190011019,'1179159',1828,,2717,44,,,0
190011019,'1179163',828,,2719,44,,,0
190011019,'1179248',728,,2720,44,,,0
190011019,'1179252',1828,,2721,44,,,0
190011019,'1179276',2028,,2722,44,,,0
190011019,'1179307',728,,2723,44,,,0
190011019,'1179317',1258,,2724,20,,,0
190011019,'1179332',1128,,2725,45,,,0
190011019,'1179340',928,,2726,44,,,0
190011019,'1179367',1758,,2727,44,,,0
190011019,'1179375',1458,,2728,20,,,0
190011019,'1179393',1658,,2729,20,,,0
190011019,'1179394',2228,,2730,44,,,0
190011019,'1179413',1328,,2732,45,,,0
190011019,'1179424',2228,,2733,44,,,0
190011019,'1179426',1428,,2734,45,,,0
190011019,'1179430',1628,,2735,45,,,0
190011019,'1179437',1128,,2736,45,,,0
190011019,'1179438',1628,,2737,45,,,0
190011019,'1179442',1928,,2738,44,,,0
190011019,'1179477',828,,2739,44,,,0
190011019,'1179521',1428,,2740,45,,,0
190011019,'1179528',1228,,2741,45,,,0
190011019,'1179530',658,,2742,20,,,0
190011019,'1179555',2028,,2743,44,,,0
190011019,'1179572',1228,,2744,45,,,0
190011019,'1179590',1528,,2745,45,,,0
190011019,'1179619',1728,,2746,44,,,0
190011019,'1179642',1028,,2747,44,,,0
190011019,'1179650',1328,,2748,45,,,0
190011019,'1179665',628,,2749,23,,,0
190011019,'1179666',858,,2750,44,,,0
190011019,'1179672',1358,,2751,20,,,0
190011019,'1179677',2128,,2752,44,,,0
190011019,'1179678',958,,2753,44,,,0
190011019,'1179688',1728,,2754,44,,,0
190011019,'1179700',1528,,2755,45,,,0
190011019,'1179709',1028,,2756,44,,,0
