150029,'1178980',1123,,2357,28,,,0
150029,'1179059',923,,2358,28,,,0
150029,'1179210',1323,,2359,28,,,0
150029,'1179274',1723,,2360,28,,,0
150029,'1179311',1023,,2361,28,,,0
150029,'1179362',1623,,2362,28,,,0
150029,'1179450',1423,,2363,28,,,0
150029,'1179616',1223,,2364,28,,,0
150029,'1179674',1523,,2365,28,,,0
140014019,'1178954',1548,,2614,4,,,0
140014019,'1178955',1118,,2615,4,,,0
140014019,'1178974',948,,2616,4,,,0
140014019,'1179007',1748,,2617,4,,,0
140014019,'1179027',1448,,2618,4,,,0
140014019,'1179052',748,,2619,4,,,0
140014019,'1179079',718,,2620,4,,,0
140014019,'1179080',1448,,2621,4,,,0
140014019,'1179082',818,,2622,4,,,0
140014019,'1179084',648,,2623,4,,,0
140014019,'1179111',2148,,2624,4,,,0
140014019,'1179143',748,,2625,4,,,0
140014019,'1179200',1218,,2626,4,,,0
140014019,'1179207',1718,,2627,4,,,0
140014019,'1179221',1348,,2628,4,,,0
140014019,'1179271',1148,,2629,4,,,0
140014019,'1179298',1648,,2630,4,,,0
140014019,'1179320',1418,,2631,4,,,0
140014019,'1179323',948,,2632,4,,,0
140014019,'1179350',848,,2634,4,,,0
140014019,'1179353',1748,,2635,4,,,0
140014019,'1179366',1948,,2636,4,,,0
140014019,'1179392',1548,,2637,4,,,0
140014019,'1179403',1848,,2638,4,,,0
140014019,'1179433',1348,,2640,4,,,0
140014019,'1179443',918,,2641,4,,,0
140014019,'1179446',1148,,2642,4,,,0
140014019,'1179449',1018,,2643,4,,,0
140014019,'1179493',1048,,2644,4,,,0
140014019,'1179524',1648,,2646,4,,,0
140014019,'1179535',1318,,2647,4,,,0
140014019,'1179547',1248,,2648,4,,,0
140014019,'1179557',1818,,2650,4,0,8 21,0
140014019,'1179561',1518,,2651,4,,,0
140014019,'1179577',1248,,2652,4,,,0
140014019,'1179598',2048,,2653,4,,,0
140014019,'1179600',2148,,2654,4,,,0
140014019,'1179608',1848,,2655,4,,,0
140014019,'1179636',1618,,2656,4,,,0
140014019,'1179638',848,,2657,4,,,0
140014019,'1179648',1948,,2658,4,,,0
140014019,'1179654',2048,,2659,4,,,0
140014019,'1179662',1048,,2660,4,,,0
