110029,'1178926',1306,,2248,21,,,0
110029,'1179044',906,,2249,21,,,0
110029,'1179118',1106,,2250,21,,,0
110029,'1179173',1206,,2251,21,,,0
110029,'1179459',1706,,2252,21,,,0
110029,'1179534',1406,,2253,21,,,0
110029,'1179542',1606,,2254,21,,,0
110029,'1179690',1006,,2255,21,,,0
110029,'1179707',1506,,2256,21,,,0
190011019,'1178945',1559,,2709,21,,,0
190011019,'1178950',759,,2710,45,,,0
190011019,'1178970',1929,,2711,45,,,0
190011019,'1179040',2129,,2713,45,,,0
190011019,'1179064',1059,,2714,21,,,0
190011019,'1179145',929,,2715,45,,,0
190011019,'1179146',1159,,2716,21,,,0
190011019,'1179159',1829,,2717,45,,,0
190011019,'1179163',829,,2719,45,,,0
190011019,'1179248',729,,2720,45,,,0
190011019,'1179252',1829,,2721,45,,,0
190011019,'1179276',2029,,2722,45,,,0
190011019,'1179307',729,,2723,45,,,0
190011019,'1179317',1259,,2724,21,,,0
190011019,'1179332',1129,,2725,46,,,0
190011019,'1179340',929,,2726,45,,,0
190011019,'1179367',1759,,2727,45,,,0
190011019,'1179375',1459,,2728,21,,,0
190011019,'1179393',1659,,2729,21,,,0
190011019,'1179394',2229,,2730,45,,,0
190011019,'1179413',1329,,2732,46,,,0
190011019,'1179424',2229,,2733,45,,,0
190011019,'1179426',1429,,2734,46,,,0
190011019,'1179430',1629,,2735,46,,,0
190011019,'1179437',1129,,2736,46,,,0
190011019,'1179438',1629,,2737,46,,,0
190011019,'1179442',1929,,2738,45,,,0
190011019,'1179477',829,,2739,45,,,0
190011019,'1179521',1429,,2740,46,,,0
190011019,'1179528',1229,,2741,46,,,0
190011019,'1179530',659,,2742,21,,,0
190011019,'1179555',2029,,2743,45,,,0
190011019,'1179572',1229,,2744,46,,,0
190011019,'1179590',1529,,2745,46,,,0
190011019,'1179619',1729,,2746,45,,,0
190011019,'1179642',1029,,2747,45,,,0
190011019,'1179650',1329,,2748,46,,,0
190011019,'1179665',629,,2749,24,,,0
190011019,'1179666',859,,2750,45,,,0
190011019,'1179672',1359,,2751,21,,,0
190011019,'1179677',2129,,2752,45,,,0
190011019,'1179678',959,,2753,45,,,0
190011019,'1179688',1729,,2754,45,,,0
190011019,'1179700',1529,,2755,46,,,0
190011019,'1179709',1029,,2756,45,,,0
