110029,'1178926',1302,,2248,13,,,0
110029,'1179044',902,,2249,13,,,0
110029,'1179118',1102,,2250,13,,,0
110029,'1179173',1202,,2251,13,,,0
110029,'1179459',1702,,2252,13,,,0
110029,'1179534',1402,,2253,13,,,0
110029,'1179542',1602,,2254,13,,,0
110029,'1179690',1002,,2255,13,,,0
110029,'1179707',1502,,2256,13,,,0
160029,'1178957',908,,2375,23,,,0
160029,'1179098',1408,,2376,23,,,0
160029,'1179137',1608,,2377,23,,,0
160029,'1179301',1208,,2378,23,,,0
160029,'1179398',1308,,2379,23,,,0
160029,'1179410',1708,,2380,23,,,0
160029,'1179543',1108,,2381,23,,,0
160029,'1179558',1008,,2382,23,,,0
160029,'1179623',1508,,2383,23,,,0
216019,'1178924',800,,2403,25,,,0
216019,'1178948',630,,2404,25,,,0
216019,'1178963',2130,,2405,25,,,0
216019,'1178968',1230,,2406,25,,,0
216019,'1179019',1800,,2407,25,,,0
216019,'1179021',1600,,2408,25,,,0
216019,'1179029',1430,,2409,25,,,0
216019,'1179050',1530,,2410,25,,,0
216019,'1179070',1430,,2411,25,,,0
216019,'1179075',1830,,2412,25,,,0
216019,'1179116',733,,2413,26,,,0
216019,'1179123',1330,,2414,25,,,0
216019,'1179160',1733,,2415,26,,,0
216019,'1179179',2030,,2416,25,,,0
216019,'1179181',1130,,2417,25,,,0
216019,'1179199',930,,2418,25,,,0
216019,'1179206',1530,,2419,25,,,0
216019,'1179328',1030,,2420,25,,,0
216019,'1179338',1230,,2421,25,,,0
216019,'1179345',830,,2422,25,,,0
216019,'1179368',1703,,2423,26,,,0
216019,'1179369',1030,,2424,25,,,0
216019,'1179374',1633,,2425,26,,,0
216019,'1179421',1830,,2426,25,,,0
216019,'1179431',1130,,2427,25,,,0
216019,'1179458',1930,,2428,25,,,0
216019,'1179488',730,,2429,25,,,0
216019,'1179523',1330,,2430,25,,,0
216019,'1179574',2030,,2431,25,,,0
216019,'1179582',1930,,2432,25,,,0
216019,'1179605',900,,2433,25,,,0
216019,'1179647',1730,,2434,25,,,0
216019,'1179669',830,,2435,25,,,0
216019,'1179695',2130,,2436,25,,,0
216019,'1179712',703,,2437,26,,,0
216019,'1179714',930,,2438,25,,,0
216019,'1179719',1630,,2439,25,,,0
190011019,'1178945',1553,,2709,13,,,0
190011019,'1178950',753,,2710,37,,,0
190011019,'1178970',1923,,2711,37,,,0
190011019,'1179040',2123,,2713,37,,,0
190011019,'1179064',1053,,2714,13,,,0
190011019,'1179145',923,,2715,37,,,0
190011019,'1179146',1153,,2716,13,,,0
190011019,'1179159',1823,,2717,37,,,0
190011019,'1179163',823,,2719,37,,,0
190011019,'1179248',723,,2720,37,,,0
190011019,'1179252',1823,,2721,37,,,0
190011019,'1179276',2023,,2722,37,,,0
190011019,'1179307',723,,2723,37,,,0
190011019,'1179317',1253,,2724,13,,,0
190011019,'1179332',1123,,2725,38,,,0
190011019,'1179340',923,,2726,37,,,0
190011019,'1179367',1753,,2727,37,,,0
190011019,'1179375',1453,,2728,13,,,0
190011019,'1179393',1653,,2729,13,,,0
190011019,'1179394',2223,,2730,37,,,0
190011019,'1179413',1323,,2732,38,,,0
190011019,'1179424',2223,,2733,37,,,0
190011019,'1179426',1423,,2734,38,,,0
190011019,'1179430',1623,,2735,38,,,0
190011019,'1179437',1123,,2736,38,,,0
190011019,'1179438',1623,,2737,38,,,0
190011019,'1179442',1923,,2738,37,,,0
190011019,'1179477',823,,2739,37,,,0
190011019,'1179521',1423,,2740,38,,,0
190011019,'1179528',1223,,2741,38,,,0
190011019,'1179530',653,,2742,13,,,0
190011019,'1179555',2023,,2743,37,,,0
190011019,'1179572',1223,,2744,38,,,0
190011019,'1179590',1523,,2745,38,,,0
190011019,'1179619',1723,,2746,37,,,0
190011019,'1179642',1023,,2747,37,,,0
190011019,'1179650',1323,,2748,38,,,0
190011019,'1179665',623,,2749,16,,,0
190011019,'1179666',853,,2750,37,,,0
190011019,'1179672',1353,,2751,13,,,0
190011019,'1179677',2123,,2752,37,,,0
190011019,'1179678',953,,2753,37,,,0
190011019,'1179688',1723,,2754,37,,,0
190011019,'1179700',1523,,2755,38,,,0
190011019,'1179709',1023,,2756,37,,,0
