140029,'1178990',1446,,2339,17,,,0
140029,'1179039',1146,,2340,17,,,0
140029,'1179106',1046,,2341,17,,,0
140029,'1179281',1346,,2342,17,,,0
140029,'1179335',1646,,2343,17,,,0
140029,'1179461',1759,,2344,17,,,0
140029,'1179478',1546,,2345,17,,,0
140029,'1179522',1246,,2346,17,,,0
140029,'1179651',946,,2347,17,,,0
140012019,'1178913',1219,,2568,27,,,0
140012019,'1178923',1219,,2569,27,,,0
140012019,'1178934',1019,,2570,27,,,0
140012019,'1178935',819,,2571,27,,,0
140012019,'1178953',919,,2572,27,,,0
140012019,'1178981',719,,2573,27,,,0
140012019,'1178986',1449,,2574,27,,,0
140012019,'1179006',1349,,2575,27,,,0
140012019,'1179011',749,,2576,27,,,0
140012019,'1179015',1919,,2577,27,,,0
140012019,'1179046',919,,2578,27,,,0
140012019,'1179102',1619,,2579,27,,,0
140012019,'1179154',1419,,2580,27,,,0
140012019,'1179183',2019,,2581,27,,,0
140012019,'1179185',949,,2582,27,,,0
140012019,'1179230',1019,,2584,27,,,0
140012019,'1179233',1619,,2585,27,,,0
140012019,'1179236',819,,2586,27,,,0
140012019,'1179238',1519,,2587,27,,,0
140012019,'1179244',2119,,2588,27,,,0
140012019,'1179245',1919,,2589,27,,,0
140012019,'1179250',719,,2590,5,,,0
140012019,'1179261',1119,,2592,27,,,0
140012019,'1179316',2019,,2593,27,,,0
140012019,'1179325',849,,2594,27,,,0
140012019,'1179348',1319,,2595,27,,,0
140012019,'1179359',1749,,2596,27,,,0
140012019,'1179372',2219,,2597,27,,,0
140012019,'1179387',1319,,2598,27,,,0
140012019,'1179399',1149,,2599,27,,,0
140012019,'1179425',2119,,2600,27,,,0
140012019,'1179444',1649,,2601,27,,,0
140012019,'1179495',1419,,2602,27,,,0
140012019,'1179499',1549,,2603,27,,,0
140012019,'1179510',1719,,2604,27,,,0
140012019,'1179511',2219,,2605,27,,,0
140012019,'1179526',1819,,2606,27,,,0
140012019,'1179556',1119,,2607,27,,,0
140012019,'1179567',1249,,2608,27,,,0
140012019,'1179644',1819,,2610,27,,,0
140012019,'1179693',1049,,2611,27,,,0
140012019,'1179704',1519,,2612,27,,,0
140012019,'1179715',1719,,2613,27,,,0
