140019,'1178969',1317,,2330,3,,,0
140019,'1178977',1517,,2331,3,,,0
140019,'1179164',1617,,2332,3,,,0
140019,'1179344',1417,,2333,3,,,0
140019,'1179352',917,,2334,3,,,0
140019,'1179462',1217,,2335,3,,,0
140019,'1179512',1117,,2336,3,,,0
140019,'1179518',1017,,2337,3,,,0
140019,'1179634',1717,,2338,3,,,0
190011019,'1178950',717,,2710,3,,,0
190011019,'1178970',1847,,2711,3,,,0
190011019,'1179009',1817,,2712,3,0,8 21,0
190011019,'1179040',2047,,2713,3,,,0
190011019,'1179145',847,,2715,3,,,0
190011019,'1179159',1747,,2717,3,,,0
190011019,'1179162',2242,,2718,3,0,12,0
190011019,'1179163',747,,2719,3,,,0
190011019,'1179248',647,,2720,3,,,0
190011019,'1179252',1747,,2721,3,,,0
190011019,'1179276',1947,,2722,3,,,0
190011019,'1179307',647,,2723,3,,,0
190011019,'1179332',1047,,2725,3,,,0
190011019,'1179340',847,,2726,3,,,0
190011019,'1179367',1717,,2727,3,,,0
190011019,'1179394',2147,,2730,3,,,0
190011019,'1179412',2242,,2731,3,0,12,0
190011019,'1179413',1247,,2732,3,,,0
190011019,'1179424',2147,,2733,3,,,0
190011019,'1179426',1347,,2734,3,,,0
190011019,'1179430',1547,,2735,3,,,0
190011019,'1179437',1047,,2736,3,,,0
190011019,'1179438',1547,,2737,3,,,0
190011019,'1179442',1847,,2738,3,,,0
190011019,'1179477',747,,2739,3,,,0
190011019,'1179521',1347,,2740,3,,,0
190011019,'1179528',1147,,2741,3,,,0
190011019,'1179555',1947,,2743,3,,,0
190011019,'1179572',1147,,2744,3,,,0
190011019,'1179590',1447,,2745,3,,,0
190011019,'1179619',1647,,2746,3,,,0
190011019,'1179642',947,,2747,3,,,0
190011019,'1179650',1247,,2748,3,,,0
190011019,'1179666',817,,2750,3,,,0
190011019,'1179677',2047,,2752,3,,,0
190011019,'1179678',917,,2753,3,,,0
190011019,'1179688',1647,,2754,3,,,0
190011019,'1179700',1447,,2755,3,,,0
190011019,'1179709',947,,2756,3,,,0
