160029,'1178957',906,,2375,16,,,0
160029,'1179098',1406,,2376,16,,,0
160029,'1179137',1606,,2377,16,,,0
160029,'1179301',1206,,2378,16,,,0
160029,'1179398',1306,,2379,16,,,0
160029,'1179410',1706,,2380,16,,,0
160029,'1179543',1106,,2381,16,,,0
160029,'1179558',1006,,2382,16,,,0
160029,'1179623',1506,,2383,16,,,0
216019,'1178924',757,,2403,18,,,0
216019,'1178948',627,,2404,18,,,0
216019,'1178963',2127,,2405,18,,,0
216019,'1178968',1227,,2406,18,,,0
216019,'1179019',1757,,2407,18,,,0
216019,'1179021',1557,,2408,18,,,0
216019,'1179029',1427,,2409,18,,,0
216019,'1179050',1527,,2410,18,,,0
216019,'1179070',1427,,2411,18,,,0
216019,'1179075',1827,,2412,18,,,0
216019,'1179116',730,,2413,19,,,0
216019,'1179123',1327,,2414,18,,,0
216019,'1179160',1730,,2415,19,,,0
216019,'1179179',2027,,2416,18,,,0
216019,'1179181',1127,,2417,18,,,0
216019,'1179199',927,,2418,18,,,0
216019,'1179206',1527,,2419,18,,,0
216019,'1179328',1027,,2420,18,,,0
216019,'1179338',1227,,2421,18,,,0
216019,'1179345',827,,2422,18,,,0
216019,'1179368',1700,,2423,19,,,0
216019,'1179369',1027,,2424,18,,,0
216019,'1179374',1630,,2425,19,,,0
216019,'1179421',1827,,2426,18,,,0
216019,'1179431',1127,,2427,18,,,0
216019,'1179458',1927,,2428,18,,,0
216019,'1179488',727,,2429,18,,,0
216019,'1179523',1327,,2430,18,,,0
216019,'1179574',2027,,2431,18,,,0
216019,'1179582',1927,,2432,18,,,0
216019,'1179605',857,,2433,18,,,0
216019,'1179647',1727,,2434,18,,,0
216019,'1179669',827,,2435,18,,,0
216019,'1179695',2127,,2436,18,,,0
216019,'1179712',700,,2437,19,,,0
216019,'1179714',927,,2438,18,,,0
216019,'1179719',1627,,2439,18,,,0
