120019,'1178966',1329,,2294,15,,,0
120019,'1178998',1529,,2295,15,,,0
120019,'1179031',1629,,2296,15,,,0
120019,'1179149',1429,,2297,15,,,0
120019,'1179182',1129,,2298,15,,,0
120019,'1179282',929,,2299,15,,,0
120019,'1179296',1729,,2300,15,,,0
120019,'1179596',1029,,2301,15,,,0
120019,'1179628',1229,,2302,15,,,0
190013019,'1178916',1620,,2757,15,,,0
190013019,'1178919',1950,,2758,15,,,0
190013019,'1178920',1120,,2759,15,,,0
190013019,'1178929',750,,2760,15,,,0
190013019,'1178930',1650,,2761,15,,,0
190013019,'1178972',1950,,2762,15,,,0
190013019,'1178983',1220,,2763,15,,,0
190013019,'1178994',2150,,2764,15,,,0
190013019,'1178997',1150,,2765,15,,,0
190013019,'1179048',1520,,2766,15,,,0
190013019,'1179062',1550,,2767,15,,,0
190013019,'1179074',1320,,2768,15,,,0
190013019,'1179087',1250,,2769,15,,,0
190013019,'1179104',1020,,2770,15,,,0
190013019,'1179171',1820,,2771,15,0,8 21,0
190013019,'1179187',850,,2772,15,,,0
190013019,'1179202',1050,,2773,15,,,0
190013019,'1179203',950,,2774,15,,,0
190013019,'1179212',1450,,2775,15,,,0
190013019,'1179219',1250,,2776,15,,,0
190013019,'1179243',750,,2777,15,,,0
190013019,'1179287',2150,,2778,15,,,0
190013019,'1179292',1050,,2779,15,,,0
190013019,'1179300',720,,2780,15,,,0
190013019,'1179373',950,,2782,15,,,0
190013019,'1179380',1350,,2783,15,,,0
190013019,'1179402',1350,,2784,15,,,0
190013019,'1179411',1420,,2785,15,,,0
190013019,'1179457',1850,,2786,15,,,0
190013019,'1179504',650,,2787,15,,,0
190013019,'1179507',920,,2788,15,,,0
190013019,'1179509',1150,,2789,15,,,0
190013019,'1179516',1550,,2790,15,,,0
190013019,'1179531',2050,,2791,15,,,0
190013019,'1179537',850,,2792,15,,,0
190013019,'1179539',1750,,2793,15,,,0
190013019,'1179546',650,,2794,15,,,0
190013019,'1179553',1850,,2795,15,,,0
190013019,'1179591',1650,,2797,15,,,0
190013019,'1179611',1720,,2798,15,,,0
190013019,'1179635',1450,,2799,15,,,0
190013019,'1179694',820,,2800,15,,,0
190013019,'1179701',2050,,2801,15,,,0
190013019,'1179717',1750,,2802,15,,,0
