200029,'1178971',1115,,2393,25,,,0
200029,'1179034',1715,,2394,25,,,0
200029,'1179043',1315,,2395,25,,,0
200029,'1179091',1515,,2396,25,,,0
200029,'1179144',915,,2397,15,,,0
200029,'1179198',1215,,2398,25,,,0
200029,'1179283',1415,,2400,25,,,0
200029,'1179383',1615,,2401,25,,,0
200029,'1179689',1015,,2402,25,,,0
190017019,'1178928',1728,,2851,47,,,0
190017019,'1178932',958,,2852,47,,,0
190017019,'1178967',1458,,2853,14,,,0
190017019,'1179016',658,,2856,47,,,0
190017019,'1179076',628,,2858,14,,,0
190017019,'1179092',728,,2859,47,,,0
190017019,'1179124',1628,,2860,47,,,0
190017019,'1179128',1128,,2861,47,,,0
190017019,'1179151',1928,,2863,47,,,0
190017019,'1179161',1758,,2864,47,,,0
190017019,'1179166',1028,,2865,47,,,0
190017019,'1179196',728,,2866,47,,,0
190017019,'1179242',1228,,2867,47,,,0
190017019,'1179273',2128,,2868,47,,,0
190017019,'1179277',858,,2869,47,,,0
190017019,'1179293',1328,,2870,47,,,0
190017019,'1179306',1928,,2871,47,,,0
190017019,'1179309',1358,,2872,14,,,0
190017019,'1179327',1528,,2873,47,,,0
190017019,'1179377',1558,,2874,14,,,0
190017019,'1179384',1258,,2875,14,,,0
190017019,'1179385',828,,2876,47,,,0
190017019,'1179401',2028,,2877,47,,,0
190017019,'1179427',1328,,2878,47,,,0
190017019,'1179455',1428,,2879,47,,,0
190017019,'1179492',1158,,2880,14,,,0
190017019,'1179519',1828,,2881,47,,,0
190017019,'1179533',758,,2883,47,,,0
190017019,'1179565',1058,,2884,14,,,0
190017019,'1179573',1228,,2885,47,,,0
190017019,'1179579',1128,,2886,47,,,0
190017019,'1179599',2128,,2887,47,,,0
190017019,'1179610',2028,,2888,47,,,0
190017019,'1179621',928,,2889,47,,,0
190017019,'1179625',1428,,2890,47,,,0
190017019,'1179626',1658,,2891,47,,,0
190017019,'1179631',1828,,2892,47,,,0
190017019,'1179667',828,,2893,47,,,0
190017019,'1179680',1628,,2894,47,,,0
190017019,'1179683',928,,2895,47,,,0
190017019,'1179686',1528,,2896,47,,,0
190017019,'1179699',1028,,2897,47,,,0
190017019,'1179710',1728,,2898,47,,,0
