216019,'1178924',756,,2403,15,,,0
216019,'1178948',626,,2404,15,,,0
216019,'1178963',2126,,2405,15,,,0
216019,'1178968',1226,,2406,15,,,0
216019,'1179019',1756,,2407,15,,,0
216019,'1179021',1556,,2408,15,,,0
216019,'1179029',1426,,2409,15,,,0
216019,'1179050',1526,,2410,15,,,0
216019,'1179070',1426,,2411,15,,,0
216019,'1179075',1826,,2412,15,,,0
216019,'1179116',725,,2413,15,,,0
216019,'1179123',1326,,2414,15,,,0
216019,'1179160',1725,,2415,15,,,0
216019,'1179179',2026,,2416,15,,,0
216019,'1179181',1126,,2417,15,,,0
216019,'1179199',926,,2418,15,,,0
216019,'1179206',1526,,2419,15,,,0
216019,'1179328',1026,,2420,15,,,0
216019,'1179338',1226,,2421,15,,,0
216019,'1179345',826,,2422,15,,,0
216019,'1179368',1655,,2423,15,,,0
216019,'1179369',1026,,2424,15,,,0
216019,'1179374',1625,,2425,15,,,0
216019,'1179421',1826,,2426,15,,,0
216019,'1179431',1126,,2427,15,,,0
216019,'1179458',1926,,2428,15,,,0
216019,'1179488',726,,2429,15,,,0
216019,'1179523',1326,,2430,15,,,0
216019,'1179574',2026,,2431,15,,,0
216019,'1179582',1926,,2432,15,,,0
216019,'1179605',856,,2433,15,,,0
216019,'1179647',1726,,2434,15,,,0
216019,'1179669',826,,2435,15,,,0
216019,'1179695',2126,,2436,15,,,0
216019,'1179712',655,,2437,15,,,0
216019,'1179714',926,,2438,15,,,0
216019,'1179719',1626,,2439,15,,,0
