110029,'1178926',1307,,2248,24,,,0
110029,'1179044',907,,2249,24,,,0
110029,'1179118',1107,,2250,24,,,0
110029,'1179173',1207,,2251,24,,,0
110029,'1179459',1707,,2252,24,,,0
110029,'1179534',1407,,2253,24,,,0
110029,'1179542',1607,,2254,24,,,0
110029,'1179690',1007,,2255,24,,,0
110029,'1179707',1507,,2256,24,,,0
190011019,'1178945',1600,,2709,24,,,0
190011019,'1178950',800,,2710,48,,,0
190011019,'1178970',1930,,2711,48,,,0
190011019,'1179040',2130,,2713,48,,,0
190011019,'1179064',1100,,2714,24,,,0
190011019,'1179145',930,,2715,48,,,0
190011019,'1179146',1200,,2716,24,,,0
190011019,'1179159',1830,,2717,48,,,0
190011019,'1179163',830,,2719,48,,,0
190011019,'1179248',730,,2720,48,,,0
190011019,'1179252',1830,,2721,48,,,0
190011019,'1179276',2030,,2722,48,,,0
190011019,'1179307',730,,2723,48,,,0
190011019,'1179317',1300,,2724,24,,,0
190011019,'1179332',1130,,2725,49,,,0
190011019,'1179340',930,,2726,48,,,0
190011019,'1179367',1800,,2727,48,,,0
190011019,'1179375',1500,,2728,24,,,0
190011019,'1179393',1700,,2729,24,,,0
190011019,'1179394',2230,,2730,48,,,0
190011019,'1179413',1330,,2732,49,,,0
190011019,'1179424',2230,,2733,48,,,0
190011019,'1179426',1430,,2734,49,,,0
190011019,'1179430',1630,,2735,49,,,0
190011019,'1179437',1130,,2736,49,,,0
190011019,'1179438',1630,,2737,49,,,0
190011019,'1179442',1930,,2738,48,,,0
190011019,'1179477',830,,2739,48,,,0
190011019,'1179521',1430,,2740,49,,,0
190011019,'1179528',1230,,2741,49,,,0
190011019,'1179530',700,,2742,24,,,0
190011019,'1179555',2030,,2743,48,,,0
190011019,'1179572',1230,,2744,49,,,0
190011019,'1179590',1530,,2745,49,,,0
190011019,'1179619',1730,,2746,48,,,0
190011019,'1179642',1030,,2747,48,,,0
190011019,'1179650',1330,,2748,49,,,0
190011019,'1179665',630,,2749,27,,,0
190011019,'1179666',900,,2750,48,,,0
190011019,'1179672',1400,,2751,24,,,0
190011019,'1179677',2130,,2752,48,,,0
190011019,'1179678',1000,,2753,48,,,0
190011019,'1179688',1730,,2754,48,,,0
190011019,'1179700',1530,,2755,49,,,0
190011019,'1179709',1030,,2756,48,,,0
