120029,'1179032',1525,,2303,13,,,0
120029,'1179055',1325,,2304,13,,,0
120029,'1179056',1625,,2305,13,,,0
120029,'1179099',1725,,2306,13,,,0
120029,'1179153',925,,2307,13,,,0
120029,'1179222',1425,,2308,13,,,0
120029,'1179429',1125,,2309,13,,,0
120029,'1179447',1025,,2310,13,,,0
120029,'1179575',1225,,2311,13,,,0
190017019,'1178928',1649,,2851,13,,,0
190017019,'1178932',919,,2852,13,,,0
190017019,'1179000',2149,,2854,13,0,8 21,0
190017019,'1179014',1819,,2855,13,0,8 21,0
190017019,'1179016',619,,2856,13,,,0
190017019,'1179057',2249,,2857,13,0,8 21,0
190017019,'1179092',649,,2859,13,,,0
190017019,'1179124',1549,,2860,13,,,0
190017019,'1179128',1049,,2861,13,,,0
190017019,'1179133',2149,,2862,13,0,8 21,0
190017019,'1179151',1849,,2863,13,,,0
190017019,'1179161',1719,,2864,13,,,0
190017019,'1179166',949,,2865,13,,,0
190017019,'1179196',649,,2866,13,,,0
190017019,'1179242',1149,,2867,13,,,0
190017019,'1179273',2049,,2868,13,,,0
190017019,'1179277',819,,2869,13,,,0
190017019,'1179293',1249,,2870,13,,,0
190017019,'1179306',1849,,2871,13,,,0
190017019,'1179327',1449,,2873,13,,,0
190017019,'1179385',749,,2876,13,,,0
190017019,'1179401',1949,,2877,13,,,0
190017019,'1179427',1249,,2878,13,,,0
190017019,'1179455',1349,,2879,13,,,0
190017019,'1179519',1749,,2881,13,,,0
190017019,'1179529',2249,,2882,13,0,8 21,0
190017019,'1179533',719,,2883,13,,,0
190017019,'1179573',1149,,2885,13,,,0
190017019,'1179579',1049,,2886,13,,,0
190017019,'1179599',2049,,2887,13,,,0
190017019,'1179610',1949,,2888,13,,,0
190017019,'1179621',849,,2889,13,,,0
190017019,'1179625',1349,,2890,13,,,0
190017019,'1179626',1619,,2891,13,,,0
190017019,'1179631',1749,,2892,13,,,0
190017019,'1179667',749,,2893,13,,,0
190017019,'1179680',1549,,2894,13,,,0
190017019,'1179683',849,,2895,13,,,0
190017019,'1179686',1449,,2896,13,,,0
190017019,'1179699',949,,2897,13,,,0
190017019,'1179710',1649,,2898,13,,,0
