150029,'1178980',1059,,2357,5,,,0
150029,'1179059',859,,2358,5,,,0
150029,'1179210',1259,,2359,5,,,0
150029,'1179274',1659,,2360,5,,,0
150029,'1179311',959,,2361,5,,,0
150029,'1179362',1559,,2362,5,,,0
150029,'1179450',1359,,2363,5,,,0
150029,'1179616',1159,,2364,5,,,0
150029,'1179674',1459,,2365,5,,,0
190015019,'1178937',1148,,2803,30,,,0
190015019,'1178958',1018,,2805,30,,,0
190015019,'1178960',1118,,2806,30,,,0
190015019,'1179018',1418,,2808,30,,,0
190015019,'1179054',1318,,2809,30,,,0
190015019,'1179073',1348,,2810,30,,,0
190015019,'1179083',618,,2811,5,,,0
190015019,'1179089',1218,,2812,30,,,0
190015019,'1179095',1718,,2813,30,,,0
190015019,'1179126',1818,,2814,30,,,0
190015019,'1179130',1618,,2815,30,,,0
190015019,'1179152',948,,2816,30,,,0
190015019,'1179169',1018,,2818,30,,,0
190015019,'1179170',818,,2819,30,,,0
190015019,'1179189',818,,2820,30,,,0
190015019,'1179226',1818,,2821,30,,,0
190015019,'1179257',2118,,2823,30,,,0
190015019,'1179260',1718,,2824,30,,,0
190015019,'1179280',1518,,2826,30,,,0
190015019,'1179329',1648,,2827,30,,,0
190015019,'1179378',2018,,2828,30,,,0
190015019,'1179382',1748,,2829,30,,,0
190015019,'1179400',1918,,2830,30,,,0
190015019,'1179414',1518,,2831,30,,,0
190015019,'1179456',1548,,2832,30,,,0
190015019,'1179465',1618,,2833,30,,,0
190015019,'1179466',918,,2834,30,,,0
190015019,'1179468',2018,,2835,30,,,0
190015019,'1179480',1318,,2836,30,,,0
190015019,'1179489',1248,,2837,30,,,0
190015019,'1179491',1118,,2838,30,,,0
190015019,'1179501',1048,,2839,30,,,0
190015019,'1179525',718,,2840,30,,,0
190015019,'1179560',2118,,2841,30,,,0
190015019,'1179563',1418,,2842,30,,,0
190015019,'1179576',1918,,2843,30,,,0
190015019,'1179602',848,,2844,30,,,0
190015019,'1179633',748,,2845,30,,,0
190015019,'1179637',648,,2846,5,,,0
190015019,'1179652',918,,2847,30,,,0
190015019,'1179679',1448,,2848,30,,,0
190015019,'1179703',1218,,2849,30,,,0
190015019,'1179716',718,,2850,30,,,0
