200019,'1179038',1438,,2384,7,,,0
200019,'1179081',1638,,2385,7,,,0
200019,'1179174',938,,2386,7,,,0
200019,'1179259',1138,,2387,7,,,0
200019,'1179289',1538,,2388,7,,,0
200019,'1179460',1738,,2389,7,,,0
200019,'1179585',1038,,2390,7,,,0
200019,'1179594',1338,,2391,7,,,0
200019,'1179655',1238,,2392,7,,,0
140016019,'1178912',1653,,2661,9,,,0
140016019,'1178941',753,,2662,9,,,0
140016019,'1179017',1223,,2664,9,0,8 21,0
140016019,'1179051',2153,,2665,9,,,0
140016019,'1179077',1723,,2667,9,,,0
140016019,'1179112',1853,,2668,9,,,0
140016019,'1179129',1153,,2669,9,,,0
140016019,'1179136',1453,,2670,9,,,0
140016019,'1179158',1253,,2671,9,,,0
140016019,'1179191',853,,2672,9,,,0
140016019,'1179213',953,,2673,9,,,0
140016019,'1179234',1353,,2675,9,,,0
140016019,'1179254',1123,,2676,9,0,8 21,0
140016019,'1179256',823,,2677,9,,,0
140016019,'1179267',753,,2678,9,,,0
140016019,'1179284',1853,,2679,9,,,0
140016019,'1179299',2153,,2681,9,,,0
140016019,'1179304',1253,,2682,9,,,0
140016019,'1179312',1553,,2683,9,,,0
140016019,'1179318',1753,,2684,9,,,0
140016019,'1179330',1953,,2685,9,,,0
140016019,'1179333',1353,,2686,9,,,0
140016019,'1179351',923,,2687,9,0,8 21,0
140016019,'1179357',1053,,2688,9,,,0
140016019,'1179371',1453,,2689,9,,,0
140016019,'1179389',1623,,2690,9,,,0
140016019,'1179416',1553,,2691,9,,,0
140016019,'1179464',2053,,2693,9,,,0
140016019,'1179475',853,,2694,9,,,0
140016019,'1179481',1653,,2695,9,,,0
140016019,'1179503',1423,,2696,9,0,8 21,0
140016019,'1179517',1523,,2697,9,,,0
140016019,'1179520',1953,,2698,9,,,0
140016019,'1179536',723,,2699,9,,,0
140016019,'1179538',653,,2700,9,,,0
140016019,'1179562',1323,,2701,9,0,8 21,0
140016019,'1179569',1823,,2702,9,0,8 21,0
140016019,'1179601',2053,,2703,9,,,0
140016019,'1179604',1053,,2704,9,,,0
140016019,'1179627',1153,,2705,9,,,0
140016019,'1179663',953,,2706,9,,,0
140016019,'1179681',1023,,2707,9,0,8 21,0
140016019,'1179687',1753,,2708,9,,,0
