140029,'1178990',1430,,2339,11,,,0
140029,'1179039',1130,,2340,11,,,0
140029,'1179106',1030,,2341,11,,,0
140029,'1179281',1330,,2342,11,,,0
140029,'1179335',1630,,2343,11,,,0
140029,'1179461',1730,,2344,11,,,0
140029,'1179478',1530,,2345,11,,,0
140029,'1179522',1230,,2346,11,,,0
140029,'1179651',930,,2347,11,,,0
190015019,'1178937',1121,,2803,10,,,0
190015019,'1178938',2251,,2804,10,0,12,0
190015019,'1178958',951,,2805,10,,,0
190015019,'1178960',1051,,2806,10,,,0
190015019,'1178991',2151,,2807,10,0,12,0
190015019,'1179018',1351,,2808,10,,,0
190015019,'1179054',1251,,2809,10,,,0
190015019,'1179073',1321,,2810,10,,,0
190015019,'1179089',1151,,2812,10,,,0
190015019,'1179095',1651,,2813,10,,,0
190015019,'1179126',1751,,2814,10,,,0
190015019,'1179130',1551,,2815,10,,,0
190015019,'1179152',921,,2816,10,,,0
190015019,'1179165',2151,,2817,10,0,12,0
190015019,'1179169',951,,2818,10,,,0
190015019,'1179170',751,,2819,10,,,0
190015019,'1179189',751,,2820,10,,,0
190015019,'1179226',1751,,2821,10,,,0
190015019,'1179241',1821,,2822,10,0,12,0
190015019,'1179257',2051,,2823,10,,,0
190015019,'1179260',1651,,2824,10,,,0
190015019,'1179269',2251,,2825,10,0,12,0
190015019,'1179280',1451,,2826,10,,,0
190015019,'1179329',1621,,2827,10,,,0
190015019,'1179378',1951,,2828,10,,,0
190015019,'1179382',1721,,2829,10,,,0
190015019,'1179400',1851,,2830,10,,,0
190015019,'1179414',1451,,2831,10,,,0
190015019,'1179456',1521,,2832,10,,,0
190015019,'1179465',1551,,2833,10,,,0
190015019,'1179466',851,,2834,10,,,0
190015019,'1179468',1951,,2835,10,,,0
190015019,'1179480',1251,,2836,10,,,0
190015019,'1179489',1221,,2837,10,,,0
190015019,'1179491',1051,,2838,10,,,0
190015019,'1179501',1021,,2839,10,,,0
190015019,'1179525',651,,2840,10,,,0
190015019,'1179560',2051,,2841,10,,,0
190015019,'1179563',1351,,2842,10,,,0
190015019,'1179576',1851,,2843,10,,,0
190015019,'1179602',821,,2844,10,,,0
190015019,'1179633',721,,2845,10,,,0
190015019,'1179652',851,,2847,10,,,0
190015019,'1179679',1421,,2848,10,,,0
190015019,'1179703',1151,,2849,10,,,0
190015019,'1179716',651,,2850,10,,,0
