200029,'1178971',1109,,2393,21,,,0
200029,'1179034',1709,,2394,21,,,0
200029,'1179043',1309,,2395,21,,,0
200029,'1179091',1509,,2396,21,,,0
200029,'1179144',909,,2397,11,,,0
200029,'1179198',1209,,2398,21,,,0
200029,'1179283',1409,,2400,21,,,0
200029,'1179383',1609,,2401,21,,,0
200029,'1179689',1009,,2402,21,,,0
190017019,'1178928',1723,,2851,43,,,0
190017019,'1178932',953,,2852,43,,,0
190017019,'1178967',1453,,2853,10,,,0
190017019,'1179016',653,,2856,43,,,0
190017019,'1179076',623,,2858,10,,,0
190017019,'1179092',723,,2859,43,,,0
190017019,'1179124',1623,,2860,43,,,0
190017019,'1179128',1123,,2861,43,,,0
190017019,'1179151',1923,,2863,43,,,0
190017019,'1179161',1753,,2864,43,,,0
190017019,'1179166',1023,,2865,43,,,0
190017019,'1179196',723,,2866,43,,,0
190017019,'1179242',1223,,2867,43,,,0
190017019,'1179273',2123,,2868,43,,,0
190017019,'1179277',853,,2869,43,,,0
190017019,'1179293',1323,,2870,43,,,0
190017019,'1179306',1923,,2871,43,,,0
190017019,'1179309',1353,,2872,10,,,0
190017019,'1179327',1523,,2873,43,,,0
190017019,'1179377',1553,,2874,10,,,0
190017019,'1179384',1253,,2875,10,,,0
190017019,'1179385',823,,2876,43,,,0
190017019,'1179401',2023,,2877,43,,,0
190017019,'1179427',1323,,2878,43,,,0
190017019,'1179455',1423,,2879,43,,,0
190017019,'1179492',1153,,2880,10,,,0
190017019,'1179519',1823,,2881,43,,,0
190017019,'1179533',753,,2883,43,,,0
190017019,'1179565',1053,,2884,10,,,0
190017019,'1179573',1223,,2885,43,,,0
190017019,'1179579',1123,,2886,43,,,0
190017019,'1179599',2123,,2887,43,,,0
190017019,'1179610',2023,,2888,43,,,0
190017019,'1179621',923,,2889,43,,,0
190017019,'1179625',1423,,2890,43,,,0
190017019,'1179626',1653,,2891,43,,,0
190017019,'1179631',1823,,2892,43,,,0
190017019,'1179667',823,,2893,43,,,0
190017019,'1179680',1623,,2894,43,,,0
190017019,'1179683',923,,2895,43,,,0
190017019,'1179686',1523,,2896,43,,,0
190017019,'1179699',1023,,2897,43,,,0
190017019,'1179710',1723,,2898,43,,,0
