140029,'1178990',1429,,2339,10,,,0
140029,'1179039',1129,,2340,10,,,0
140029,'1179106',1029,,2341,10,,,0
140029,'1179281',1329,,2342,10,,,0
140029,'1179335',1629,,2343,10,,,0
140029,'1179461',1729,,2344,10,,,0
140029,'1179478',1529,,2345,10,,,0
140029,'1179522',1229,,2346,10,,,0
140029,'1179651',929,,2347,10,,,0
190015019,'1178937',1120,,2803,9,,,0
190015019,'1178938',2250,,2804,9,0,12,0
190015019,'1178958',950,,2805,9,,,0
190015019,'1178960',1050,,2806,9,,,0
190015019,'1178991',2150,,2807,9,0,12,0
190015019,'1179018',1350,,2808,9,,,0
190015019,'1179054',1250,,2809,9,,,0
190015019,'1179073',1320,,2810,9,,,0
190015019,'1179089',1150,,2812,9,,,0
190015019,'1179095',1650,,2813,9,,,0
190015019,'1179126',1750,,2814,9,,,0
190015019,'1179130',1550,,2815,9,,,0
190015019,'1179152',920,,2816,9,,,0
190015019,'1179165',2150,,2817,9,0,12,0
190015019,'1179169',950,,2818,9,,,0
190015019,'1179170',750,,2819,9,,,0
190015019,'1179189',750,,2820,9,,,0
190015019,'1179226',1750,,2821,9,,,0
190015019,'1179241',1820,,2822,9,0,12,0
190015019,'1179257',2050,,2823,9,,,0
190015019,'1179260',1650,,2824,9,,,0
190015019,'1179269',2250,,2825,9,0,12,0
190015019,'1179280',1450,,2826,9,,,0
190015019,'1179329',1620,,2827,9,,,0
190015019,'1179378',1950,,2828,9,,,0
190015019,'1179382',1720,,2829,9,,,0
190015019,'1179400',1850,,2830,9,,,0
190015019,'1179414',1450,,2831,9,,,0
190015019,'1179456',1520,,2832,9,,,0
190015019,'1179465',1550,,2833,9,,,0
190015019,'1179466',850,,2834,9,,,0
190015019,'1179468',1950,,2835,9,,,0
190015019,'1179480',1250,,2836,9,,,0
190015019,'1179489',1220,,2837,9,,,0
190015019,'1179491',1050,,2838,9,,,0
190015019,'1179501',1020,,2839,9,,,0
190015019,'1179525',650,,2840,9,,,0
190015019,'1179560',2050,,2841,9,,,0
190015019,'1179563',1350,,2842,9,,,0
190015019,'1179576',1850,,2843,9,,,0
190015019,'1179602',820,,2844,9,,,0
190015019,'1179633',720,,2845,9,,,0
190015019,'1179652',850,,2847,9,,,0
190015019,'1179679',1420,,2848,9,,,0
190015019,'1179703',1150,,2849,9,,,0
190015019,'1179716',650,,2850,9,,,0
