120019,'1178966',1350,,2294,33,,,0
120019,'1178998',1550,,2295,33,,,0
120019,'1179031',1650,,2296,33,,,0
120019,'1179149',1450,,2297,33,,,0
120019,'1179182',1150,,2298,33,,,0
120019,'1179282',950,,2299,33,,,0
120019,'1179296',1803,,2300,33,,,0
120019,'1179596',1050,,2301,33,,,0
120019,'1179628',1250,,2302,33,,,0
140016019,'1178912',1725,,2661,34,,,0
140016019,'1178941',825,,2662,34,,,0
140016019,'1179051',2225,,2665,34,,,0
140016019,'1179063',725,,2666,14,,,0
140016019,'1179077',1755,,2667,34,,,0
140016019,'1179112',1925,,2668,34,,,0
140016019,'1179129',1225,,2669,34,,,0
140016019,'1179136',1525,,2670,34,,,0
140016019,'1179158',1325,,2671,34,,,0
140016019,'1179191',925,,2672,34,,,0
140016019,'1179213',1025,,2673,34,,,0
140016019,'1179234',1425,,2675,34,,,0
140016019,'1179256',855,,2677,34,,,0
140016019,'1179267',825,,2678,34,,,0
140016019,'1179284',1925,,2679,34,,,0
140016019,'1179299',2225,,2681,34,,,0
140016019,'1179304',1325,,2682,34,,,0
140016019,'1179312',1625,,2683,34,,,0
140016019,'1179318',1825,,2684,34,,,0
140016019,'1179330',2025,,2685,34,,,0
140016019,'1179333',1425,,2686,34,,,0
140016019,'1179357',1125,,2688,34,,,0
140016019,'1179371',1525,,2689,34,,,0
140016019,'1179389',1655,,2690,34,,,0
140016019,'1179416',1625,,2691,34,,,0
140016019,'1179464',2125,,2693,34,,,0
140016019,'1179475',925,,2694,34,,,0
140016019,'1179481',1725,,2695,34,,,0
140016019,'1179517',1555,,2697,34,,,0
140016019,'1179520',2025,,2698,34,,,0
140016019,'1179536',755,,2699,34,,,0
140016019,'1179538',725,,2700,34,,,0
140016019,'1179601',2125,,2703,34,,,0
140016019,'1179604',1125,,2704,34,,,0
140016019,'1179627',1225,,2705,34,,,0
140016019,'1179663',1025,,2706,34,,,0
140016019,'1179687',1825,,2708,34,,,0
