130019,'1179053',1738,,2312,20,,,0
130019,'1179067',1338,,2313,20,,,0
130019,'1179069',1038,,2314,20,,,0
130019,'1179093',1138,,2315,20,,,0
130019,'1179108',1238,,2316,20,,,0
130019,'1179294',1538,,2317,20,,,0
130019,'1179386',1638,,2318,20,,,0
130019,'1179541',938,,2319,20,,,0
130019,'1179675',1438,,2320,20,,,0
300019,'1178918',1210,,2441,20,0,23 24 2 26,0
300019,'1178931',810,,2442,20,0,23 24 2 26,0
300019,'1178939',1410,,2443,20,0,23 24 2 26,0
300019,'1178975',1510,,2445,20,0,23 24 2 26,0
300019,'1178982',1710,,2446,20,0,23 24 2 26,0
300019,'1179001',740,,2449,20,0,23 24 2 26,0
300019,'1179003',2010,,2450,20,0,23 24 2 26,0
300019,'1179008',2210,,2451,20,0,8 9 2 26,0
300019,'1179030',1910,,2452,20,0,23 24 2 26,0
300019,'1179058',1110,,2455,20,0,23 24 2 26,0
300019,'1179066',1810,,2457,20,0,23 24 2 26,0
300019,'1179109',1840,,2459,20,0,8 9 2 26,0
300019,'1179110',1010,,2460,20,0,23 24 2 26,0
300019,'1179115',940,,2461,20,0,23 24 2 26,0
300019,'1179121',1810,,2462,20,0,23 24 2 26,0
300019,'1179125',2010,,2463,20,0,23 24 2 26,0
300019,'1179194',840,,2466,20,0,23 24 2 26,0
300019,'1179246',810,,2469,20,0,23 24 2 26,0
300019,'1179279',910,,2472,20,0,23 24 2 26,0
300019,'1179295',2110,,2474,20,0,23 24 2 26,0
300019,'1179331',1310,,2477,20,0,23 24 2 26,0
300019,'1179355',1210,,2479,20,0,23 24 2 26,0
300019,'1179379',2210,,2482,20,0,8 9 2 26,0
300019,'1179390',1510,,2483,20,0,23 24 2 26,0
300019,'1179397',1640,,2484,20,0,23 24 2 26,0
300019,'1179404',2110,,2485,20,0,23 24 2 26,0
300019,'1179435',1610,,2490,20,0,23 24 2 26,0
300019,'1179448',1410,,2491,20,0,23 24 2 26,0
300019,'1179484',1310,,2496,20,0,23 24 2 26,0
300019,'1179490',1110,,2497,20,0,23 24 2 26,0
300019,'1179508',1010,,2499,20,0,23 24 2 26,0
300019,'1179549',910,,2502,20,0,23 24 2 26,0
300019,'1179566',1710,,2505,20,0,23 24 2 26,0
300019,'1179568',1910,,2506,20,0,23 24 2 26,0
300019,'1179593',1040,,2510,20,0,8 9 2 26,0
300019,'1179622',1740,,2515,20,0,23 24 2 26,0
300019,'1179649',1610,,2519,20,0,23 24 2 26,0
140012019,'1178913',1200,,2568,20,,,0
140012019,'1178923',1200,,2569,20,,,0
140012019,'1178934',1000,,2570,20,,,0
140012019,'1178935',800,,2571,20,,,0
140012019,'1178953',900,,2572,20,,,0
140012019,'1178981',700,,2573,20,,,0
140012019,'1178986',1430,,2574,20,,,0
140012019,'1179006',1330,,2575,20,,,0
140012019,'1179011',730,,2576,20,,,0
140012019,'1179015',1900,,2577,20,,,0
140012019,'1179046',900,,2578,20,,,0
140012019,'1179102',1600,,2579,20,,,0
140012019,'1179154',1400,,2580,20,,,0
140012019,'1179183',2000,,2581,20,,,0
140012019,'1179185',930,,2582,20,,,0
140012019,'1179216',2300,,2583,20,0,8 21,0
140012019,'1179230',1000,,2584,20,,,0
140012019,'1179233',1600,,2585,20,,,0
140012019,'1179236',800,,2586,20,,,0
140012019,'1179238',1500,,2587,20,,,0
140012019,'1179244',2100,,2588,20,,,0
140012019,'1179245',1900,,2589,20,,,0
140012019,'1179255',1830,,2591,20,0,8 21,0
140012019,'1179261',1100,,2592,20,,,0
140012019,'1179316',2000,,2593,20,,,0
140012019,'1179325',830,,2594,20,,,0
140012019,'1179348',1300,,2595,20,,,0
140012019,'1179359',1730,,2596,20,,,0
140012019,'1179372',2200,,2597,20,,,0
140012019,'1179387',1300,,2598,20,,,0
140012019,'1179399',1130,,2599,20,,,0
140012019,'1179425',2100,,2600,20,,,0
140012019,'1179444',1630,,2601,20,,,0
140012019,'1179495',1400,,2602,20,,,0
140012019,'1179499',1530,,2603,20,,,0
140012019,'1179510',1700,,2604,20,,,0
140012019,'1179511',2200,,2605,20,,,0
140012019,'1179526',1800,,2606,20,,,0
140012019,'1179556',1100,,2607,20,,,0
140012019,'1179567',1230,,2608,20,,,0
140012019,'1179578',2300,,2609,20,0,8 21,0
140012019,'1179644',1800,,2610,20,,,0
140012019,'1179693',1030,,2611,20,,,0
140012019,'1179704',1500,,2612,20,,,0
140012019,'1179715',1700,,2613,20,,,0
