116019,'1178992',747,,2257,14,,,0
116019,'1178995',747,,2258,14,,,0
116019,'1179088',647,,2259,14,,,0
116019,'1179096',847,,2260,14,,,0
116019,'1179141',1447,,2261,14,,,0
116019,'1179172',1147,,2262,14,,,0
116019,'1179177',847,,2263,14,,,0
116019,'1179190',1617,,2264,14,,,0
116019,'1179215',1047,,2265,14,,,0
116019,'1179228',817,,2266,14,,,0
116019,'1179247',947,,2267,14,,,0
116019,'1179275',1547,,2268,14,,,0
116019,'1179278',1247,,2269,14,,,0
116019,'1179313',1747,,2270,14,,,0
116019,'1179314',2047,,2271,14,,,0
116019,'1179321',1147,,2272,14,,,0
116019,'1179339',717,,2273,14,,,0
116019,'1179343',1947,,2274,14,,,0
116019,'1179365',1647,,2275,14,,,0
116019,'1179381',1847,,2276,14,,,0
116019,'1179418',1647,,2277,14,,,0
116019,'1179432',1717,,2278,14,,,0
116019,'1179434',1947,,2279,14,,,0
116019,'1179439',1347,,2280,14,,,0
116019,'1179441',1447,,2281,14,,,0
116019,'1179476',1047,,2282,14,,,0
116019,'1179500',2147,,2283,14,,,0
116019,'1179515',917,,2284,14,,,0
116019,'1179584',1847,,2285,14,,,0
116019,'1179603',947,,2286,14,,,0
116019,'1179606',1817,,2287,14,,,0
116019,'1179615',1547,,2288,14,,,0
116019,'1179641',1247,,2289,14,,,0
116019,'1179653',1747,,2290,14,,,0
116019,'1179682',1347,,2291,14,,,0
116019,'1179696',2047,,2292,14,,,0
116019,'1179706',2147,,2293,14,,,0
160019,'1178943',1538,,2366,14,,,0
160019,'1178949',938,,2367,14,,,0
160019,'1178951',1338,,2368,14,,,0
160019,'1179047',1438,,2369,14,,,0
160019,'1179060',1738,,2370,14,,,0
160019,'1179205',1138,,2371,14,,,0
160019,'1179319',1238,,2372,14,,,0
160019,'1179451',1638,,2373,14,,,0
160019,'1179697',1038,,2374,14,,,0
