110019,'1178947',940,,2239,16,,,0
110019,'1178964',1440,,2240,16,,,0
110019,'1178973',1740,,2241,16,,,0
110019,'1179028',1540,,2242,16,,,0
110019,'1179105',1640,,2243,16,,,0
110019,'1179114',1040,,2244,16,,,0
110019,'1179176',1240,,2245,16,,,0
110019,'1179184',1340,,2246,16,,,0
110019,'1179290',1140,,2247,16,,,0
116019,'1178992',745,,2257,11,,,0
116019,'1178995',745,,2258,11,,,0
116019,'1179088',645,,2259,11,,,0
116019,'1179096',845,,2260,11,,,0
116019,'1179141',1445,,2261,11,,,0
116019,'1179172',1145,,2262,11,,,0
116019,'1179177',845,,2263,11,,,0
116019,'1179190',1615,,2264,11,,,0
116019,'1179215',1045,,2265,11,,,0
116019,'1179228',815,,2266,11,,,0
116019,'1179247',945,,2267,11,,,0
116019,'1179275',1545,,2268,11,,,0
116019,'1179278',1245,,2269,11,,,0
116019,'1179313',1745,,2270,11,,,0
116019,'1179314',2045,,2271,11,,,0
116019,'1179321',1145,,2272,11,,,0
116019,'1179339',715,,2273,11,,,0
116019,'1179343',1945,,2274,11,,,0
116019,'1179365',1645,,2275,11,,,0
116019,'1179381',1845,,2276,11,,,0
116019,'1179418',1645,,2277,11,,,0
116019,'1179432',1715,,2278,11,,,0
116019,'1179434',1945,,2279,11,,,0
116019,'1179439',1345,,2280,11,,,0
116019,'1179441',1445,,2281,11,,,0
116019,'1179476',1045,,2282,11,,,0
116019,'1179500',2145,,2283,11,,,0
116019,'1179515',915,,2284,11,,,0
116019,'1179584',1845,,2285,11,,,0
116019,'1179603',945,,2286,11,,,0
116019,'1179606',1815,,2287,11,,,0
116019,'1179615',1545,,2288,11,,,0
116019,'1179641',1245,,2289,11,,,0
116019,'1179653',1745,,2290,11,,,0
116019,'1179682',1345,,2291,11,,,0
116019,'1179696',2045,,2292,11,,,0
116019,'1179706',2145,,2293,11,,,0
160019,'1178943',1537,,2366,11,,,0
160019,'1178949',937,,2367,11,,,0
160019,'1178951',1337,,2368,11,,,0
160019,'1179047',1437,,2369,11,,,0
160019,'1179060',1737,,2370,11,,,0
160019,'1179205',1137,,2371,11,,,0
160019,'1179319',1237,,2372,11,,,0
160019,'1179451',1637,,2373,11,,,0
160019,'1179697',1037,,2374,11,,,0
140010019,'1178914',1121,,2522,18,0,8 21,0
140010019,'1178921',1451,,2523,18,,,0
140010019,'1178922',950,,2524,18,,,0
140010019,'1178936',721,,2525,18,,,0
140010019,'1178946',2251,,2526,18,0,8 21,0
140010019,'1178979',1050,,2527,18,,,0
140010019,'1179012',750,,2528,18,,,0
140010019,'1179037',1951,,2529,18,,,0
140010019,'1179103',1550,,2530,18,,,0
140010019,'1179122',1321,,2531,18,0,8 21,0
140010019,'1179131',1151,,2532,18,,,0
140010019,'1179140',2151,,2533,18,,,0
140010019,'1179147',921,,2534,18,0,8 21,0
140010019,'1179157',651,,2535,18,,,0
140010019,'1179167',1051,,2536,18,,,0
140010019,'1179178',1750,,2537,18,,,0
140010019,'1179180',2150,,2538,18,,,0
140010019,'1179188',1450,,2539,18,,,0
140010019,'1179217',1950,,2540,18,,,0
140010019,'1179232',1521,,2541,18,0,8 21,0
140010019,'1179251',1621,,2542,18,,,0
140010019,'1179253',821,,2543,18,,,0
140010019,'1179268',1721,,2544,18,,,0
140010019,'1179270',1650,,2545,18,,,0
140010019,'1179336',851,,2547,18,,,0
140010019,'1179347',751,,2548,18,,,0
140010019,'1179361',2051,,2549,18,,,0
140010019,'1179396',2050,,2550,18,,,0
140010019,'1179408',2250,,2551,18,0,8 21,0
140010019,'1179415',1150,,2552,18,,,0
140010019,'1179445',1351,,2553,18,,,0
140010019,'1179452',1751,,2554,18,,,0
140010019,'1179453',1350,,2555,18,,,0
140010019,'1179479',1251,,2556,18,,,0
140010019,'1179483',1221,,2557,18,0,8 21,0
140010019,'1179494',1651,,2558,18,,,0
140010019,'1179496',1551,,2559,18,,,0
140010019,'1179498',1421,,2560,18,0,8 21,0
140010019,'1179544',1851,,2561,18,,,0
140010019,'1179548',1021,,2562,18,0,8 21,0
140010019,'1179613',1850,,2563,18,,,0
140010019,'1179620',850,,2564,18,,,0
140010019,'1179629',1821,,2565,18,0,8 21,0
140010019,'1179659',1250,,2566,18,,,0
140010019,'1179692',951,,2567,18,,,0
