130019,'1179053',1728,,2312,10,,,0
130019,'1179067',1328,,2313,10,,,0
130019,'1179069',1028,,2314,10,,,0
130019,'1179093',1128,,2315,10,,,0
130019,'1179108',1228,,2316,10,,,0
130019,'1179294',1528,,2317,10,,,0
130019,'1179386',1628,,2318,10,,,0
130019,'1179541',928,,2319,10,,,0
130019,'1179675',1428,,2320,10,,,0
140012019,'1178913',1152,,2568,10,,,0
140012019,'1178923',1152,,2569,10,,,0
140012019,'1178934',952,,2570,10,,,0
140012019,'1178935',752,,2571,10,,,0
140012019,'1178953',852,,2572,10,,,0
140012019,'1178981',652,,2573,10,,,0
140012019,'1178986',1422,,2574,10,,,0
140012019,'1179006',1322,,2575,10,,,0
140012019,'1179011',722,,2576,10,,,0
140012019,'1179015',1852,,2577,10,,,0
140012019,'1179046',852,,2578,10,,,0
140012019,'1179102',1552,,2579,10,,,0
140012019,'1179154',1352,,2580,10,,,0
140012019,'1179183',1952,,2581,10,,,0
140012019,'1179185',922,,2582,10,,,0
140012019,'1179216',2252,,2583,10,0,8 21,0
140012019,'1179230',952,,2584,10,,,0
140012019,'1179233',1552,,2585,10,,,0
140012019,'1179236',752,,2586,10,,,0
140012019,'1179238',1452,,2587,10,,,0
140012019,'1179244',2052,,2588,10,,,0
140012019,'1179245',1852,,2589,10,,,0
140012019,'1179255',1822,,2591,10,0,8 21,0
140012019,'1179261',1052,,2592,10,,,0
140012019,'1179316',1952,,2593,10,,,0
140012019,'1179325',822,,2594,10,,,0
140012019,'1179348',1252,,2595,10,,,0
140012019,'1179359',1722,,2596,10,,,0
140012019,'1179372',2152,,2597,10,,,0
140012019,'1179387',1252,,2598,10,,,0
140012019,'1179399',1122,,2599,10,,,0
140012019,'1179425',2052,,2600,10,,,0
140012019,'1179444',1622,,2601,10,,,0
140012019,'1179495',1352,,2602,10,,,0
140012019,'1179499',1522,,2603,10,,,0
140012019,'1179510',1652,,2604,10,,,0
140012019,'1179511',2152,,2605,10,,,0
140012019,'1179526',1752,,2606,10,,,0
140012019,'1179556',1052,,2607,10,,,0
140012019,'1179567',1222,,2608,10,,,0
140012019,'1179578',2252,,2609,10,0,8 21,0
140012019,'1179644',1752,,2610,10,,,0
140012019,'1179693',1022,,2611,10,,,0
140012019,'1179704',1452,,2612,10,,,0
140012019,'1179715',1652,,2613,10,,,0
