150019,'1178942',1742,,2348,9,,,0
150019,'1178956',1342,,2349,9,,,0
150019,'1178976',1642,,2350,9,,,0
150019,'1179117',1242,,2351,9,,,0
150019,'1179150',1542,,2352,9,,,0
150019,'1179341',942,,2353,9,,,0
150019,'1179473',1142,,2354,9,,,0
150019,'1179559',1442,,2355,9,,,0
150019,'1179673',1042,,2356,9,,,0
140014019,'1178954',1559,,2614,19,,,0
140014019,'1178955',1129,,2615,19,,,0
140014019,'1178974',959,,2616,19,,,0
140014019,'1179007',1759,,2617,19,,,0
140014019,'1179027',1459,,2618,19,,,0
140014019,'1179052',759,,2619,19,,,0
140014019,'1179079',729,,2620,19,,,0
140014019,'1179080',1459,,2621,19,,,0
140014019,'1179082',829,,2622,19,,,0
140014019,'1179084',659,,2623,19,,,0
140014019,'1179111',2159,,2624,19,,,0
140014019,'1179143',759,,2625,19,,,0
140014019,'1179200',1229,,2626,19,,,0
140014019,'1179207',1729,,2627,19,,,0
140014019,'1179221',1359,,2628,19,,,0
140014019,'1179271',1159,,2629,19,,,0
140014019,'1179298',1659,,2630,19,,,0
140014019,'1179320',1429,,2631,19,,,0
140014019,'1179323',959,,2632,19,,,0
140014019,'1179350',859,,2634,19,,,0
140014019,'1179353',1759,,2635,19,,,0
140014019,'1179366',1959,,2636,19,,,0
140014019,'1179392',1559,,2637,19,,,0
140014019,'1179403',1859,,2638,19,,,0
140014019,'1179433',1359,,2640,19,,,0
140014019,'1179443',929,,2641,19,,,0
140014019,'1179446',1159,,2642,19,,,0
140014019,'1179449',1029,,2643,19,,,0
140014019,'1179493',1059,,2644,19,,,0
140014019,'1179524',1659,,2646,19,,,0
140014019,'1179535',1329,,2647,19,,,0
140014019,'1179547',1259,,2648,19,,,0
140014019,'1179557',1829,,2650,19,0,8 21,0
140014019,'1179561',1529,,2651,19,,,0
140014019,'1179577',1259,,2652,19,,,0
140014019,'1179598',2059,,2653,19,,,0
140014019,'1179600',2159,,2654,19,,,0
140014019,'1179608',1859,,2655,19,,,0
140014019,'1179636',1629,,2656,19,,,0
140014019,'1179638',859,,2657,19,,,0
140014019,'1179648',1959,,2658,19,,,0
140014019,'1179654',2059,,2659,19,,,0
140014019,'1179662',1059,,2660,19,,,0
