120019,'1178966',1323,,2294,8,,,0
120019,'1178998',1523,,2295,8,,,0
120019,'1179031',1623,,2296,8,,,0
120019,'1179149',1423,,2297,8,,,0
120019,'1179182',1123,,2298,8,,,0
120019,'1179282',923,,2299,8,,,0
120019,'1179296',1723,,2300,8,,,0
120019,'1179596',1023,,2301,8,,,0
120019,'1179628',1223,,2302,8,,,0
190013019,'1178916',1614,,2757,8,,,0
190013019,'1178919',1944,,2758,8,,,0
190013019,'1178920',1114,,2759,8,,,0
190013019,'1178929',744,,2760,8,,,0
190013019,'1178930',1644,,2761,8,,,0
190013019,'1178972',1944,,2762,8,,,0
190013019,'1178983',1214,,2763,8,,,0
190013019,'1178994',2144,,2764,8,,,0
190013019,'1178997',1144,,2765,8,,,0
190013019,'1179048',1514,,2766,8,,,0
190013019,'1179062',1544,,2767,8,,,0
190013019,'1179074',1314,,2768,8,,,0
190013019,'1179087',1244,,2769,8,,,0
190013019,'1179104',1014,,2770,8,,,0
190013019,'1179171',1814,,2771,8,0,8 21,0
190013019,'1179187',844,,2772,8,,,0
190013019,'1179202',1044,,2773,8,,,0
190013019,'1179203',944,,2774,8,,,0
190013019,'1179212',1444,,2775,8,,,0
190013019,'1179219',1244,,2776,8,,,0
190013019,'1179243',744,,2777,8,,,0
190013019,'1179287',2144,,2778,8,,,0
190013019,'1179292',1044,,2779,8,,,0
190013019,'1179300',714,,2780,8,,,0
190013019,'1179373',944,,2782,8,,,0
190013019,'1179380',1344,,2783,8,,,0
190013019,'1179402',1344,,2784,8,,,0
190013019,'1179411',1414,,2785,8,,,0
190013019,'1179457',1844,,2786,8,,,0
190013019,'1179504',644,,2787,8,,,0
190013019,'1179507',914,,2788,8,,,0
190013019,'1179509',1144,,2789,8,,,0
190013019,'1179516',1544,,2790,8,,,0
190013019,'1179531',2044,,2791,8,,,0
190013019,'1179537',844,,2792,8,,,0
190013019,'1179539',1744,,2793,8,,,0
190013019,'1179546',644,,2794,8,,,0
190013019,'1179553',1844,,2795,8,,,0
190013019,'1179591',1644,,2797,8,,,0
190013019,'1179611',1714,,2798,8,,,0
190013019,'1179635',1444,,2799,8,,,0
190013019,'1179694',814,,2800,8,,,0
190013019,'1179701',2044,,2801,8,,,0
190013019,'1179717',1744,,2802,8,,,0
