110019,'1178947',935,,2239,4,,,0
110019,'1178964',1435,,2240,4,,,0
110019,'1178973',1735,,2241,4,,,0
110019,'1179028',1535,,2242,4,,,0
110019,'1179105',1635,,2243,4,,,0
110019,'1179114',1035,,2244,4,,,0
110019,'1179176',1235,,2245,4,,,0
110019,'1179184',1335,,2246,4,,,0
110019,'1179290',1135,,2247,4,,,0
140010019,'1178914',1115,,2522,6,0,8 21,0
140010019,'1178921',1445,,2523,6,,,0
140010019,'1178922',945,,2524,6,,,0
140010019,'1178936',715,,2525,6,,,0
140010019,'1178946',2245,,2526,6,0,8 21,0
140010019,'1178979',1045,,2527,6,,,0
140010019,'1179012',745,,2528,6,,,0
140010019,'1179037',1945,,2529,6,,,0
140010019,'1179103',1545,,2530,6,,,0
140010019,'1179122',1315,,2531,6,0,8 21,0
140010019,'1179131',1145,,2532,6,,,0
140010019,'1179140',2145,,2533,6,,,0
140010019,'1179147',915,,2534,6,0,8 21,0
140010019,'1179157',645,,2535,6,,,0
140010019,'1179167',1045,,2536,6,,,0
140010019,'1179178',1745,,2537,6,,,0
140010019,'1179180',2145,,2538,6,,,0
140010019,'1179188',1445,,2539,6,,,0
140010019,'1179217',1945,,2540,6,,,0
140010019,'1179232',1515,,2541,6,0,8 21,0
140010019,'1179251',1615,,2542,6,,,0
140010019,'1179253',815,,2543,6,,,0
140010019,'1179268',1715,,2544,6,,,0
140010019,'1179270',1645,,2545,6,,,0
140010019,'1179336',845,,2547,6,,,0
140010019,'1179347',745,,2548,6,,,0
140010019,'1179361',2045,,2549,6,,,0
140010019,'1179396',2045,,2550,6,,,0
140010019,'1179408',2245,,2551,6,0,8 21,0
140010019,'1179415',1145,,2552,6,,,0
140010019,'1179445',1345,,2553,6,,,0
140010019,'1179452',1745,,2554,6,,,0
140010019,'1179453',1345,,2555,6,,,0
140010019,'1179479',1245,,2556,6,,,0
140010019,'1179483',1215,,2557,6,0,8 21,0
140010019,'1179494',1645,,2558,6,,,0
140010019,'1179496',1545,,2559,6,,,0
140010019,'1179498',1415,,2560,6,0,8 21,0
140010019,'1179544',1845,,2561,6,,,0
140010019,'1179548',1015,,2562,6,0,8 21,0
140010019,'1179613',1845,,2563,6,,,0
140010019,'1179620',845,,2564,6,,,0
140010019,'1179629',1815,,2565,6,0,8 21,0
140010019,'1179659',1245,,2566,6,,,0
140010019,'1179692',945,,2567,6,,,0
