140019,'1178969',1320,,2330,9,,,0
140019,'1178977',1520,,2331,9,,,0
140019,'1179164',1620,,2332,9,,,0
140019,'1179344',1420,,2333,9,,,0
140019,'1179352',920,,2334,9,,,0
140019,'1179462',1220,,2335,9,,,0
140019,'1179512',1120,,2336,9,,,0
140019,'1179518',1020,,2337,9,,,0
140019,'1179634',1720,,2338,9,,,0
190011019,'1178950',719,,2710,9,,,0
190011019,'1178970',1849,,2711,9,,,0
190011019,'1179009',1819,,2712,9,0,8 21,0
190011019,'1179040',2049,,2713,9,,,0
190011019,'1179145',849,,2715,9,,,0
190011019,'1179159',1749,,2717,9,,,0
190011019,'1179162',2244,,2718,9,0,12,0
190011019,'1179163',749,,2719,9,,,0
190011019,'1179248',649,,2720,9,,,0
190011019,'1179252',1749,,2721,9,,,0
190011019,'1179276',1949,,2722,9,,,0
190011019,'1179307',649,,2723,9,,,0
190011019,'1179332',1049,,2725,9,,,0
190011019,'1179340',849,,2726,9,,,0
190011019,'1179367',1719,,2727,9,,,0
190011019,'1179394',2149,,2730,9,,,0
190011019,'1179412',2244,,2731,9,0,12,0
190011019,'1179413',1249,,2732,9,,,0
190011019,'1179424',2149,,2733,9,,,0
190011019,'1179426',1349,,2734,9,,,0
190011019,'1179430',1549,,2735,9,,,0
190011019,'1179437',1049,,2736,9,,,0
190011019,'1179438',1549,,2737,9,,,0
190011019,'1179442',1849,,2738,9,,,0
190011019,'1179477',749,,2739,9,,,0
190011019,'1179521',1349,,2740,9,,,0
190011019,'1179528',1149,,2741,9,,,0
190011019,'1179555',1949,,2743,9,,,0
190011019,'1179572',1149,,2744,9,,,0
190011019,'1179590',1449,,2745,9,,,0
190011019,'1179619',1649,,2746,9,,,0
190011019,'1179642',949,,2747,9,,,0
190011019,'1179650',1249,,2748,9,,,0
190011019,'1179666',819,,2750,9,,,0
190011019,'1179677',2049,,2752,9,,,0
190011019,'1179678',919,,2753,9,,,0
190011019,'1179688',1649,,2754,9,,,0
190011019,'1179700',1449,,2755,9,,,0
190011019,'1179709',949,,2756,9,,,0
