200029,'1178971',1032,,2393,5,,,0
200029,'1179034',1632,,2394,5,,,0
200029,'1179043',1232,,2395,5,,,0
200029,'1179091',1432,,2396,5,,,0
200029,'1179198',1132,,2398,5,,,0
200029,'1179229',1716,,2399,5,,,0
200029,'1179283',1332,,2400,5,,,0
200029,'1179383',1532,,2401,5,,,0
200029,'1179689',932,,2402,5,,,0
140014019,'1178954',1626,,2614,33,,,0
140014019,'1178955',1156,,2615,33,,,0
140014019,'1178974',1026,,2616,33,,,0
140014019,'1179007',1825,,2617,33,,,0
140014019,'1179027',1526,,2618,33,,,0
140014019,'1179052',825,,2619,33,,,0
140014019,'1179079',756,,2620,33,,,0
140014019,'1179080',1525,,2621,33,,,0
140014019,'1179082',856,,2622,33,,,0
140014019,'1179084',726,,2623,33,,,0
140014019,'1179111',2226,,2624,33,,,0
140014019,'1179143',826,,2625,33,,,0
140014019,'1179200',1256,,2626,33,,,0
140014019,'1179207',1756,,2627,33,,,0
140014019,'1179221',1425,,2628,33,,,0
140014019,'1179271',1226,,2629,33,,,0
140014019,'1179298',1725,,2630,33,,,0
140014019,'1179320',1456,,2631,33,,,0
140014019,'1179323',1025,,2632,33,,,0
140014019,'1179337',625,,2633,5,,,0
140014019,'1179350',925,,2634,33,,,0
140014019,'1179353',1826,,2635,33,,,0
140014019,'1179366',2025,,2636,33,,,0
140014019,'1179392',1625,,2637,33,,,0
140014019,'1179403',1926,,2638,33,,,0
140014019,'1179417',725,,2639,12,,,0
140014019,'1179433',1426,,2640,33,,,0
140014019,'1179443',956,,2641,33,,,0
140014019,'1179446',1225,,2642,33,,,0
140014019,'1179449',1056,,2643,33,,,0
140014019,'1179493',1126,,2644,33,,,0
140014019,'1179513',626,,2645,5,,,0
140014019,'1179524',1726,,2646,33,,,0
140014019,'1179535',1356,,2647,33,,,0
140014019,'1179547',1325,,2648,33,,,0
140014019,'1179550',656,,2649,12,,,0
140014019,'1179561',1556,,2651,33,,,0
140014019,'1179577',1326,,2652,33,,,0
140014019,'1179598',2126,,2653,33,,,0
140014019,'1179600',2225,,2654,33,,,0
140014019,'1179608',1925,,2655,33,,,0
140014019,'1179636',1656,,2656,33,,,0
140014019,'1179638',926,,2657,33,,,0
140014019,'1179648',2026,,2658,33,,,0
140014019,'1179654',2125,,2659,33,,,0
140014019,'1179662',1125,,2660,33,,,0
