110029,'1178926',1305,,2248,18,,,0
110029,'1179044',905,,2249,18,,,0
110029,'1179118',1105,,2250,18,,,0
110029,'1179173',1205,,2251,18,,,0
110029,'1179459',1705,,2252,18,,,0
110029,'1179534',1405,,2253,18,,,0
110029,'1179542',1605,,2254,18,,,0
110029,'1179690',1005,,2255,18,,,0
110029,'1179707',1505,,2256,18,,,0
116019,'1178992',754,,2257,30,,,0
116019,'1178995',754,,2258,30,,,0
116019,'1179088',658,,2259,31,,,0
116019,'1179096',854,,2260,30,,,0
116019,'1179141',1454,,2261,30,,,0
116019,'1179172',1154,,2262,30,,,0
116019,'1179177',854,,2263,30,,,0
116019,'1179190',1624,,2264,30,,,0
116019,'1179215',1054,,2265,30,,,0
116019,'1179228',824,,2266,30,,,0
116019,'1179247',954,,2267,30,,,0
116019,'1179275',1554,,2268,30,,,0
116019,'1179278',1254,,2269,30,,,0
116019,'1179313',1754,,2270,30,,,0
116019,'1179314',2054,,2271,30,,,0
116019,'1179321',1154,,2272,30,,,0
116019,'1179339',728,,2273,31,,,0
116019,'1179343',1954,,2274,30,,,0
116019,'1179365',1654,,2275,30,,,0
116019,'1179381',1854,,2276,30,,,0
116019,'1179418',1658,,2277,31,,,0
116019,'1179432',1728,,2278,31,,,0
116019,'1179434',1954,,2279,30,,,0
116019,'1179439',1354,,2280,30,,,0
116019,'1179441',1454,,2281,30,,,0
116019,'1179476',1054,,2282,30,,,0
116019,'1179500',2154,,2283,30,,,0
116019,'1179515',924,,2284,30,,,0
116019,'1179584',1854,,2285,30,,,0
116019,'1179603',954,,2286,30,,,0
116019,'1179606',1824,,2287,30,,,0
116019,'1179615',1554,,2288,30,,,0
116019,'1179641',1254,,2289,30,,,0
116019,'1179653',1754,,2290,30,,,0
116019,'1179682',1354,,2291,30,,,0
116019,'1179696',2054,,2292,30,,,0
116019,'1179706',2154,,2293,30,,,0
160019,'1178943',1544,,2366,28,,,0
160019,'1178949',944,,2367,28,,,0
160019,'1178951',1344,,2368,28,,,0
160019,'1179047',1444,,2369,28,,,0
160019,'1179060',1744,,2370,28,,,0
160019,'1179205',1144,,2371,28,,,0
160019,'1179319',1244,,2372,28,,,0
160019,'1179451',1644,,2373,28,,,0
160019,'1179697',1044,,2374,28,,,0
190011019,'1178945',1557,,2709,18,,,0
190011019,'1178950',757,,2710,42,,,0
190011019,'1178970',1927,,2711,42,,,0
190011019,'1179040',2127,,2713,42,,,0
190011019,'1179064',1057,,2714,18,,,0
190011019,'1179145',927,,2715,42,,,0
190011019,'1179146',1157,,2716,18,,,0
190011019,'1179159',1827,,2717,42,,,0
190011019,'1179163',827,,2719,42,,,0
190011019,'1179248',727,,2720,42,,,0
190011019,'1179252',1827,,2721,42,,,0
190011019,'1179276',2027,,2722,42,,,0
190011019,'1179307',727,,2723,42,,,0
190011019,'1179317',1257,,2724,18,,,0
190011019,'1179332',1127,,2725,43,,,0
190011019,'1179340',927,,2726,42,,,0
190011019,'1179367',1757,,2727,42,,,0
190011019,'1179375',1457,,2728,18,,,0
190011019,'1179393',1657,,2729,18,,,0
190011019,'1179394',2227,,2730,42,,,0
190011019,'1179413',1327,,2732,43,,,0
190011019,'1179424',2227,,2733,42,,,0
190011019,'1179426',1427,,2734,43,,,0
190011019,'1179430',1627,,2735,43,,,0
190011019,'1179437',1127,,2736,43,,,0
190011019,'1179438',1627,,2737,43,,,0
190011019,'1179442',1927,,2738,42,,,0
190011019,'1179477',827,,2739,42,,,0
190011019,'1179521',1427,,2740,43,,,0
190011019,'1179528',1227,,2741,43,,,0
190011019,'1179530',657,,2742,18,,,0
190011019,'1179555',2027,,2743,42,,,0
190011019,'1179572',1227,,2744,43,,,0
190011019,'1179590',1527,,2745,43,,,0
190011019,'1179619',1727,,2746,42,,,0
190011019,'1179642',1027,,2747,42,,,0
190011019,'1179650',1327,,2748,43,,,0
190011019,'1179665',627,,2749,21,,,0
190011019,'1179666',857,,2750,42,,,0
190011019,'1179672',1357,,2751,18,,,0
190011019,'1179677',2127,,2752,42,,,0
190011019,'1179678',957,,2753,42,,,0
190011019,'1179688',1727,,2754,42,,,0
190011019,'1179700',1527,,2755,43,,,0
190011019,'1179709',1027,,2756,42,,,0
