160029,'1178957',904,,2375,13,,,0
160029,'1179098',1404,,2376,13,,,0
160029,'1179137',1604,,2377,13,,,0
160029,'1179301',1204,,2378,13,,,0
160029,'1179398',1304,,2379,13,,,0
160029,'1179410',1704,,2380,13,,,0
160029,'1179543',1104,,2381,13,,,0
160029,'1179558',1004,,2382,13,,,0
160029,'1179623',1504,,2383,13,,,0
216019,'1178924',754,,2403,13,,,0
216019,'1178948',624,,2404,13,,,0
216019,'1178963',2124,,2405,13,,,0
216019,'1178968',1224,,2406,13,,,0
216019,'1179019',1754,,2407,13,,,0
216019,'1179021',1554,,2408,13,,,0
216019,'1179029',1424,,2409,13,,,0
216019,'1179050',1524,,2410,13,,,0
216019,'1179070',1424,,2411,13,,,0
216019,'1179075',1824,,2412,13,,,0
216019,'1179116',724,,2413,13,,,0
216019,'1179123',1324,,2414,13,,,0
216019,'1179160',1724,,2415,13,,,0
216019,'1179179',2024,,2416,13,,,0
216019,'1179181',1124,,2417,13,,,0
216019,'1179199',924,,2418,13,,,0
216019,'1179206',1524,,2419,13,,,0
216019,'1179328',1024,,2420,13,,,0
216019,'1179338',1224,,2421,13,,,0
216019,'1179345',824,,2422,13,,,0
216019,'1179368',1654,,2423,13,,,0
216019,'1179369',1024,,2424,13,,,0
216019,'1179374',1624,,2425,13,,,0
216019,'1179421',1824,,2426,13,,,0
216019,'1179431',1124,,2427,13,,,0
216019,'1179458',1924,,2428,13,,,0
216019,'1179488',724,,2429,13,,,0
216019,'1179523',1324,,2430,13,,,0
216019,'1179574',2024,,2431,13,,,0
216019,'1179582',1924,,2432,13,,,0
216019,'1179605',854,,2433,13,,,0
216019,'1179647',1724,,2434,13,,,0
216019,'1179669',824,,2435,13,,,0
216019,'1179695',2124,,2436,13,,,0
216019,'1179712',654,,2437,13,,,0
216019,'1179714',924,,2438,13,,,0
216019,'1179719',1624,,2439,13,,,0
