140029,'1178990',1448,,2339,21,,,0
140029,'1179039',1148,,2340,21,,,0
140029,'1179106',1048,,2341,21,,,0
140029,'1179281',1348,,2342,21,,,0
140029,'1179335',1648,,2343,21,,,0
140029,'1179461',1801,,2344,21,,,0
140029,'1179478',1548,,2345,21,,,0
140029,'1179522',1248,,2346,21,,,0
140029,'1179651',948,,2347,21,,,0
140012019,'1178913',1220,,2568,31,,,0
140012019,'1178923',1220,,2569,31,,,0
140012019,'1178934',1020,,2570,31,,,0
140012019,'1178935',820,,2571,31,,,0
140012019,'1178953',920,,2572,31,,,0
140012019,'1178981',720,,2573,31,,,0
140012019,'1178986',1450,,2574,31,,,0
140012019,'1179006',1350,,2575,31,,,0
140012019,'1179011',750,,2576,31,,,0
140012019,'1179015',1920,,2577,31,,,0
140012019,'1179046',920,,2578,31,,,0
140012019,'1179102',1620,,2579,31,,,0
140012019,'1179154',1420,,2580,31,,,0
140012019,'1179183',2020,,2581,31,,,0
140012019,'1179185',950,,2582,31,,,0
140012019,'1179230',1020,,2584,31,,,0
140012019,'1179233',1620,,2585,31,,,0
140012019,'1179236',820,,2586,31,,,0
140012019,'1179238',1520,,2587,31,,,0
140012019,'1179244',2120,,2588,31,,,0
140012019,'1179245',1920,,2589,31,,,0
140012019,'1179250',720,,2590,9,,,0
140012019,'1179261',1120,,2592,31,,,0
140012019,'1179316',2020,,2593,31,,,0
140012019,'1179325',850,,2594,31,,,0
140012019,'1179348',1320,,2595,31,,,0
140012019,'1179359',1750,,2596,31,,,0
140012019,'1179372',2220,,2597,31,,,0
140012019,'1179387',1320,,2598,31,,,0
140012019,'1179399',1150,,2599,31,,,0
140012019,'1179425',2120,,2600,31,,,0
140012019,'1179444',1650,,2601,31,,,0
140012019,'1179495',1420,,2602,31,,,0
140012019,'1179499',1550,,2603,31,,,0
140012019,'1179510',1720,,2604,31,,,0
140012019,'1179511',2220,,2605,31,,,0
140012019,'1179526',1820,,2606,31,,,0
140012019,'1179556',1120,,2607,31,,,0
140012019,'1179567',1250,,2608,31,,,0
140012019,'1179644',1820,,2610,31,,,0
140012019,'1179693',1050,,2611,31,,,0
140012019,'1179704',1520,,2612,31,,,0
140012019,'1179715',1720,,2613,31,,,0
