150029,'1178980',1124,,2357,29,,,0
150029,'1179059',924,,2358,29,,,0
150029,'1179210',1324,,2359,29,,,0
150029,'1179274',1724,,2360,29,,,0
150029,'1179311',1024,,2361,29,,,0
150029,'1179362',1624,,2362,29,,,0
150029,'1179450',1424,,2363,29,,,0
150029,'1179616',1224,,2364,29,,,0
150029,'1179674',1524,,2365,29,,,0
140014019,'1178954',1548,,2614,5,,,0
140014019,'1178955',1118,,2615,5,,,0
140014019,'1178974',948,,2616,5,,,0
140014019,'1179007',1748,,2617,5,,,0
140014019,'1179027',1448,,2618,5,,,0
140014019,'1179052',748,,2619,5,,,0
140014019,'1179079',718,,2620,5,,,0
140014019,'1179080',1448,,2621,5,,,0
140014019,'1179082',818,,2622,5,,,0
140014019,'1179084',648,,2623,5,,,0
140014019,'1179111',2148,,2624,5,,,0
140014019,'1179143',748,,2625,5,,,0
140014019,'1179200',1218,,2626,5,,,0
140014019,'1179207',1718,,2627,5,,,0
140014019,'1179221',1348,,2628,5,,,0
140014019,'1179271',1148,,2629,5,,,0
140014019,'1179298',1648,,2630,5,,,0
140014019,'1179320',1418,,2631,5,,,0
140014019,'1179323',948,,2632,5,,,0
140014019,'1179350',848,,2634,5,,,0
140014019,'1179353',1748,,2635,5,,,0
140014019,'1179366',1948,,2636,5,,,0
140014019,'1179392',1548,,2637,5,,,0
140014019,'1179403',1848,,2638,5,,,0
140014019,'1179433',1348,,2640,5,,,0
140014019,'1179443',918,,2641,5,,,0
140014019,'1179446',1148,,2642,5,,,0
140014019,'1179449',1018,,2643,5,,,0
140014019,'1179493',1048,,2644,5,,,0
140014019,'1179524',1648,,2646,5,,,0
140014019,'1179535',1318,,2647,5,,,0
140014019,'1179547',1248,,2648,5,,,0
140014019,'1179557',1818,,2650,5,0,8 21,0
140014019,'1179561',1518,,2651,5,,,0
140014019,'1179577',1248,,2652,5,,,0
140014019,'1179598',2048,,2653,5,,,0
140014019,'1179600',2148,,2654,5,,,0
140014019,'1179608',1848,,2655,5,,,0
140014019,'1179636',1618,,2656,5,,,0
140014019,'1179638',848,,2657,5,,,0
140014019,'1179648',1948,,2658,5,,,0
140014019,'1179654',2048,,2659,5,,,0
140014019,'1179662',1048,,2660,5,,,0
