140029,'1178990',1448,,2339,23,,,0
140029,'1179039',1148,,2340,23,,,0
140029,'1179106',1048,,2341,23,,,0
140029,'1179281',1348,,2342,23,,,0
140029,'1179335',1648,,2343,23,,,0
140029,'1179461',1801,,2344,23,,,0
140029,'1179478',1548,,2345,23,,,0
140029,'1179522',1248,,2346,23,,,0
140029,'1179651',948,,2347,23,,,0
140012019,'1178913',1221,,2568,33,,,0
140012019,'1178923',1221,,2569,33,,,0
140012019,'1178934',1021,,2570,33,,,0
140012019,'1178935',821,,2571,33,,,0
140012019,'1178953',921,,2572,33,,,0
140012019,'1178981',721,,2573,33,,,0
140012019,'1178986',1451,,2574,33,,,0
140012019,'1179006',1351,,2575,33,,,0
140012019,'1179011',751,,2576,33,,,0
140012019,'1179015',1921,,2577,33,,,0
140012019,'1179046',921,,2578,33,,,0
140012019,'1179102',1621,,2579,33,,,0
140012019,'1179154',1421,,2580,33,,,0
140012019,'1179183',2021,,2581,33,,,0
140012019,'1179185',951,,2582,33,,,0
140012019,'1179230',1021,,2584,33,,,0
140012019,'1179233',1621,,2585,33,,,0
140012019,'1179236',821,,2586,33,,,0
140012019,'1179238',1521,,2587,33,,,0
140012019,'1179244',2121,,2588,33,,,0
140012019,'1179245',1921,,2589,33,,,0
140012019,'1179250',721,,2590,11,,,0
140012019,'1179261',1121,,2592,33,,,0
140012019,'1179316',2021,,2593,33,,,0
140012019,'1179325',851,,2594,33,,,0
140012019,'1179348',1321,,2595,33,,,0
140012019,'1179359',1751,,2596,33,,,0
140012019,'1179372',2221,,2597,33,,,0
140012019,'1179387',1321,,2598,33,,,0
140012019,'1179399',1151,,2599,33,,,0
140012019,'1179425',2121,,2600,33,,,0
140012019,'1179444',1651,,2601,33,,,0
140012019,'1179495',1421,,2602,33,,,0
140012019,'1179499',1551,,2603,33,,,0
140012019,'1179510',1721,,2604,33,,,0
140012019,'1179511',2221,,2605,33,,,0
140012019,'1179526',1821,,2606,33,,,0
140012019,'1179556',1121,,2607,33,,,0
140012019,'1179567',1251,,2608,33,,,0
140012019,'1179644',1821,,2610,33,,,0
140012019,'1179693',1051,,2611,33,,,0
140012019,'1179704',1521,,2612,33,,,0
140012019,'1179715',1721,,2613,33,,,0
