140019,'1178969',1356,,2330,39,,,0
140019,'1178977',1556,,2331,39,,,0
140019,'1179164',1656,,2332,39,,,0
140019,'1179344',1456,,2333,39,,,0
140019,'1179352',956,,2334,39,,,0
140019,'1179462',1256,,2335,39,,,0
140019,'1179512',1156,,2336,39,,,0
140019,'1179518',1056,,2337,39,,,0
140019,'1179634',1809,,2338,39,,,0
140014019,'1178954',1637,,2614,46,,,0
140014019,'1178955',1207,,2615,46,,,0
140014019,'1178974',1037,,2616,46,,,0
140014019,'1179007',1835,,2617,46,,,0
140014019,'1179027',1537,,2618,46,,,0
140014019,'1179052',835,,2619,46,,,0
140014019,'1179079',807,,2620,46,,,0
140014019,'1179080',1535,,2621,46,,,0
140014019,'1179082',907,,2622,46,,,0
140014019,'1179084',737,,2623,46,,,0
140014019,'1179111',2237,,2624,46,,,0
140014019,'1179143',837,,2625,46,,,0
140014019,'1179200',1307,,2626,46,,,0
140014019,'1179207',1807,,2627,46,,,0
140014019,'1179221',1435,,2628,46,,,0
140014019,'1179271',1237,,2629,46,,,0
140014019,'1179298',1735,,2630,46,,,0
140014019,'1179320',1507,,2631,46,,,0
140014019,'1179323',1035,,2632,46,,,0
140014019,'1179337',635,,2633,18,,,0
140014019,'1179350',935,,2634,46,,,0
140014019,'1179353',1837,,2635,46,,,0
140014019,'1179366',2035,,2636,46,,,0
140014019,'1179392',1635,,2637,46,,,0
140014019,'1179403',1937,,2638,46,,,0
140014019,'1179417',735,,2639,25,,,0
140014019,'1179433',1437,,2640,46,,,0
140014019,'1179443',1007,,2641,46,,,0
140014019,'1179446',1235,,2642,46,,,0
140014019,'1179449',1107,,2643,46,,,0
140014019,'1179493',1137,,2644,46,,,0
140014019,'1179513',637,,2645,18,,,0
140014019,'1179524',1737,,2646,46,,,0
140014019,'1179535',1407,,2647,46,,,0
140014019,'1179547',1335,,2648,46,,,0
140014019,'1179550',707,,2649,25,,,0
140014019,'1179561',1607,,2651,46,,,0
140014019,'1179577',1337,,2652,46,,,0
140014019,'1179598',2137,,2653,46,,,0
140014019,'1179600',2235,,2654,46,,,0
140014019,'1179608',1935,,2655,46,,,0
140014019,'1179636',1707,,2656,46,,,0
140014019,'1179638',937,,2657,46,,,0
140014019,'1179648',2037,,2658,46,,,0
140014019,'1179654',2135,,2659,46,,,0
140014019,'1179662',1135,,2660,46,,,0
