120029,'1179032',1603,,2303,43,,,0
120029,'1179055',1403,,2304,43,,,0
120029,'1179056',1703,,2305,43,,,0
120029,'1179099',1816,,2306,43,,,0
120029,'1179153',1003,,2307,43,,,0
120029,'1179222',1503,,2308,43,,,0
120029,'1179429',1203,,2309,43,,,0
120029,'1179447',1103,,2310,43,,,0
120029,'1179575',1303,,2311,43,,,0
140012019,'1178913',1233,,2568,48,,,0
140012019,'1178923',1233,,2569,48,,,0
140012019,'1178934',1033,,2570,48,,,0
140012019,'1178935',833,,2571,48,,,0
140012019,'1178953',933,,2572,48,,,0
140012019,'1178981',733,,2573,48,,,0
140012019,'1178986',1503,,2574,48,,,0
140012019,'1179006',1403,,2575,48,,,0
140012019,'1179011',803,,2576,48,,,0
140012019,'1179015',1933,,2577,48,,,0
140012019,'1179046',933,,2578,48,,,0
140012019,'1179102',1633,,2579,48,,,0
140012019,'1179154',1433,,2580,48,,,0
140012019,'1179183',2033,,2581,48,,,0
140012019,'1179185',1003,,2582,48,,,0
140012019,'1179230',1033,,2584,48,,,0
140012019,'1179233',1633,,2585,48,,,0
140012019,'1179236',833,,2586,48,,,0
140012019,'1179238',1533,,2587,48,,,0
140012019,'1179244',2133,,2588,48,,,0
140012019,'1179245',1933,,2589,48,,,0
140012019,'1179250',733,,2590,26,,,0
140012019,'1179261',1133,,2592,48,,,0
140012019,'1179316',2033,,2593,48,,,0
140012019,'1179325',903,,2594,48,,,0
140012019,'1179348',1333,,2595,48,,,0
140012019,'1179359',1803,,2596,48,,,0
140012019,'1179372',2233,,2597,48,,,0
140012019,'1179387',1333,,2598,48,,,0
140012019,'1179399',1203,,2599,48,,,0
140012019,'1179425',2133,,2600,48,,,0
140012019,'1179444',1703,,2601,48,,,0
140012019,'1179495',1433,,2602,48,,,0
140012019,'1179499',1603,,2603,48,,,0
140012019,'1179510',1733,,2604,48,,,0
140012019,'1179511',2233,,2605,48,,,0
140012019,'1179526',1833,,2606,48,,,0
140012019,'1179556',1133,,2607,48,,,0
140012019,'1179567',1303,,2608,48,,,0
140012019,'1179644',1833,,2610,48,,,0
140012019,'1179693',1103,,2611,48,,,0
140012019,'1179704',1533,,2612,48,,,0
140012019,'1179715',1733,,2613,48,,,0
