140010019,'1178921',1520,,2523,38,,,0
140010019,'1178922',1020,,2524,39,,,0
140010019,'1178936',750,,2525,38,,,0
140010019,'1178979',1120,,2527,39,,,0
140010019,'1179012',820,,2528,39,,,0
140010019,'1179037',2020,,2529,38,,,0
140010019,'1179103',1620,,2530,39,,,0
140010019,'1179131',1220,,2532,38,,,0
140010019,'1179140',2220,,2533,38,,,0
140010019,'1179157',720,,2535,38,,,0
140010019,'1179167',1120,,2536,38,,,0
140010019,'1179178',1820,,2537,39,,,0
140010019,'1179180',2220,,2538,39,,,0
140010019,'1179188',1520,,2539,39,,,0
140010019,'1179217',2020,,2540,39,,,0
140010019,'1179251',1650,,2542,38,,,0
140010019,'1179253',850,,2543,38,,,0
140010019,'1179268',1750,,2544,38,,,0
140010019,'1179270',1720,,2545,39,,,0
140010019,'1179302',720,,2546,6,,,0
140010019,'1179336',920,,2547,38,,,0
140010019,'1179347',820,,2548,38,,,0
140010019,'1179361',2120,,2549,38,,,0
140010019,'1179396',2120,,2550,39,,,0
140010019,'1179415',1220,,2552,39,,,0
140010019,'1179445',1420,,2553,38,,,0
140010019,'1179452',1820,,2554,38,,,0
140010019,'1179453',1420,,2555,39,,,0
140010019,'1179479',1320,,2556,38,,,0
140010019,'1179494',1720,,2558,38,,,0
140010019,'1179496',1620,,2559,38,,,0
140010019,'1179544',1920,,2561,38,,,0
140010019,'1179613',1920,,2563,39,,,0
140010019,'1179620',920,,2564,39,,,0
140010019,'1179659',1320,,2566,39,,,0
140010019,'1179692',1020,,2567,38,,,0
