110029,'1178926',1311,,2248,30,,,0
110029,'1179044',911,,2249,30,,,0
110029,'1179118',1111,,2250,30,,,0
110029,'1179173',1211,,2251,30,,,0
110029,'1179459',1711,,2252,30,,,0
110029,'1179534',1411,,2253,30,,,0
110029,'1179542',1611,,2254,30,,,0
110029,'1179690',1011,,2255,30,,,0
110029,'1179707',1511,,2256,30,,,0
130029,'1178925',1514,,2321,28,,,0
130029,'1178989',1414,,2322,28,,,0
130029,'1179023',1614,,2323,28,,,0
130029,'1179120',1714,,2324,28,,,0
130029,'1179168',1314,,2325,28,,,0
130029,'1179423',914,,2326,28,,,0
130029,'1179469',1214,,2327,28,,,0
130029,'1179639',1014,,2328,28,,,0
130029,'1179657',1114,,2329,28,,,0
150029,'1178980',1131,,2357,39,,,0
150029,'1179059',931,,2358,39,,,0
150029,'1179210',1331,,2359,39,,,0
150029,'1179274',1731,,2360,39,,,0
150029,'1179311',1031,,2361,39,,,0
150029,'1179362',1631,,2362,39,,,0
150029,'1179450',1431,,2363,39,,,0
150029,'1179616',1231,,2364,39,,,0
150029,'1179674',1531,,2365,39,,,0
200029,'1178971',1117,,2393,28,,,0
200029,'1179034',1717,,2394,28,,,0
200029,'1179043',1317,,2395,28,,,0
200029,'1179091',1517,,2396,28,,,0
200029,'1179144',917,,2397,18,,,0
200029,'1179198',1217,,2398,28,,,0
200029,'1179283',1417,,2400,28,,,0
200029,'1179383',1617,,2401,28,,,0
200029,'1179689',1017,,2402,28,,,0
190011019,'1178945',1606,,2709,30,,,0
190011019,'1178950',806,,2710,54,,,0
190011019,'1178970',1936,,2711,54,,,0
190011019,'1179040',2136,,2713,54,,,0
190011019,'1179064',1106,,2714,30,,,0
190011019,'1179145',936,,2715,54,,,0
190011019,'1179146',1206,,2716,30,,,0
190011019,'1179159',1836,,2717,54,,,0
190011019,'1179163',836,,2719,54,,,0
190011019,'1179248',736,,2720,54,,,0
190011019,'1179252',1836,,2721,54,,,0
190011019,'1179276',2036,,2722,54,,,0
190011019,'1179307',736,,2723,54,,,0
190011019,'1179317',1306,,2724,30,,,0
190011019,'1179332',1136,,2725,55,,,0
190011019,'1179340',936,,2726,54,,,0
190011019,'1179367',1806,,2727,54,,,0
190011019,'1179375',1506,,2728,30,,,0
190011019,'1179393',1706,,2729,30,,,0
190011019,'1179394',2236,,2730,54,,,0
190011019,'1179413',1336,,2732,55,,,0
190011019,'1179424',2236,,2733,54,,,0
190011019,'1179426',1436,,2734,55,,,0
190011019,'1179430',1636,,2735,55,,,0
190011019,'1179437',1136,,2736,55,,,0
190011019,'1179438',1636,,2737,55,,,0
190011019,'1179442',1936,,2738,54,,,0
190011019,'1179477',836,,2739,54,,,0
190011019,'1179521',1436,,2740,55,,,0
190011019,'1179528',1236,,2741,55,,,0
190011019,'1179530',706,,2742,30,,,0
190011019,'1179555',2036,,2743,54,,,0
190011019,'1179572',1236,,2744,55,,,0
190011019,'1179590',1536,,2745,55,,,0
190011019,'1179619',1736,,2746,54,,,0
190011019,'1179642',1036,,2747,54,,,0
190011019,'1179650',1336,,2748,55,,,0
190011019,'1179665',636,,2749,33,,,0
190011019,'1179666',906,,2750,54,,,0
190011019,'1179672',1406,,2751,30,,,0
190011019,'1179677',2136,,2752,54,,,0
190011019,'1179678',1006,,2753,54,,,0
190011019,'1179688',1736,,2754,54,,,0
190011019,'1179700',1536,,2755,55,,,0
190011019,'1179709',1036,,2756,54,,,0
190013019,'1178916',1705,,2757,60,,,0
190013019,'1178919',2035,,2758,60,,,0
190013019,'1178920',1205,,2759,60,,,0
190013019,'1178929',835,,2760,60,,,0
190013019,'1178930',1735,,2761,60,,,0
190013019,'1178972',2035,,2762,60,,,0
190013019,'1178983',1305,,2763,60,,,0
190013019,'1178994',2235,,2764,60,,,0
190013019,'1178997',1235,,2765,60,,,0
190013019,'1179048',1605,,2766,60,,,0
190013019,'1179062',1635,,2767,60,,,0
190013019,'1179074',1405,,2768,60,,,0
190013019,'1179087',1335,,2769,60,,,0
190013019,'1179104',1105,,2770,60,,,0
190013019,'1179187',935,,2772,60,,,0
190013019,'1179202',1135,,2773,60,,,0
190013019,'1179203',1035,,2774,60,,,0
190013019,'1179212',1535,,2775,60,,,0
190013019,'1179219',1335,,2776,60,,,0
190013019,'1179243',835,,2777,60,,,0
190013019,'1179287',2235,,2778,60,,,0
190013019,'1179292',1135,,2779,60,,,0
190013019,'1179300',805,,2780,60,,,0
190013019,'1179354',635,,2781,28,,,0
190013019,'1179373',1035,,2782,60,,,0
190013019,'1179380',1435,,2783,60,,,0
190013019,'1179402',1435,,2784,60,,,0
190013019,'1179411',1505,,2785,60,,,0
190013019,'1179457',1935,,2786,60,,,0
190013019,'1179504',735,,2787,60,,,0
190013019,'1179507',1005,,2788,60,,,0
190013019,'1179509',1235,,2789,60,,,0
190013019,'1179516',1635,,2790,60,,,0
190013019,'1179531',2135,,2791,60,,,0
190013019,'1179537',935,,2792,60,,,0
190013019,'1179539',1835,,2793,60,,,0
190013019,'1179546',735,,2794,60,,,0
190013019,'1179553',1935,,2795,60,,,0
190013019,'1179581',705,,2796,28,,,0
190013019,'1179591',1735,,2797,60,,,0
190013019,'1179611',1805,,2798,60,,,0
190013019,'1179635',1535,,2799,60,,,0
190013019,'1179694',905,,2800,60,,,0
190013019,'1179701',2135,,2801,60,,,0
190013019,'1179717',1835,,2802,60,,,0
190017019,'1178928',1731,,2851,50,,,0
190017019,'1178932',1001,,2852,50,,,0
190017019,'1178967',1501,,2853,17,,,0
190017019,'1179016',701,,2856,50,,,0
190017019,'1179076',631,,2858,17,,,0
190017019,'1179092',731,,2859,50,,,0
190017019,'1179124',1631,,2860,50,,,0
190017019,'1179128',1131,,2861,50,,,0
190017019,'1179151',1931,,2863,50,,,0
190017019,'1179161',1801,,2864,50,,,0
190017019,'1179166',1031,,2865,50,,,0
190017019,'1179196',731,,2866,50,,,0
190017019,'1179242',1231,,2867,50,,,0
190017019,'1179273',2131,,2868,50,,,0
190017019,'1179277',901,,2869,50,,,0
190017019,'1179293',1331,,2870,50,,,0
190017019,'1179306',1931,,2871,50,,,0
190017019,'1179309',1401,,2872,17,,,0
190017019,'1179327',1531,,2873,50,,,0
190017019,'1179377',1601,,2874,17,,,0
190017019,'1179384',1301,,2875,17,,,0
190017019,'1179385',831,,2876,50,,,0
190017019,'1179401',2031,,2877,50,,,0
190017019,'1179427',1331,,2878,50,,,0
190017019,'1179455',1431,,2879,50,,,0
190017019,'1179492',1201,,2880,17,,,0
190017019,'1179519',1831,,2881,50,,,0
190017019,'1179533',801,,2883,50,,,0
190017019,'1179565',1101,,2884,17,,,0
190017019,'1179573',1231,,2885,50,,,0
190017019,'1179579',1131,,2886,50,,,0
190017019,'1179599',2131,,2887,50,,,0
190017019,'1179610',2031,,2888,50,,,0
190017019,'1179621',931,,2889,50,,,0
190017019,'1179625',1431,,2890,50,,,0
190017019,'1179626',1701,,2891,50,,,0
190017019,'1179631',1831,,2892,50,,,0
190017019,'1179667',831,,2893,50,,,0
190017019,'1179680',1631,,2894,50,,,0
190017019,'1179683',931,,2895,50,,,0
190017019,'1179686',1531,,2896,50,,,0
190017019,'1179699',1031,,2897,50,,,0
190017019,'1179710',1731,,2898,50,,,0
