160029,'1178957',904,,2375,12,,,0
160029,'1179098',1404,,2376,12,,,0
160029,'1179137',1604,,2377,12,,,0
160029,'1179301',1204,,2378,12,,,0
160029,'1179398',1304,,2379,12,,,0
160029,'1179410',1704,,2380,12,,,0
160029,'1179543',1104,,2381,12,,,0
160029,'1179558',1004,,2382,12,,,0
160029,'1179623',1504,,2383,12,,,0
216019,'1178924',754,,2403,12,,,0
216019,'1178948',624,,2404,12,,,0
216019,'1178963',2124,,2405,12,,,0
216019,'1178968',1224,,2406,12,,,0
216019,'1179019',1754,,2407,12,,,0
216019,'1179021',1554,,2408,12,,,0
216019,'1179029',1424,,2409,12,,,0
216019,'1179050',1524,,2410,12,,,0
216019,'1179070',1424,,2411,12,,,0
216019,'1179075',1824,,2412,12,,,0
216019,'1179116',724,,2413,12,,,0
216019,'1179123',1324,,2414,12,,,0
216019,'1179160',1724,,2415,12,,,0
216019,'1179179',2024,,2416,12,,,0
216019,'1179181',1124,,2417,12,,,0
216019,'1179199',924,,2418,12,,,0
216019,'1179206',1524,,2419,12,,,0
216019,'1179328',1024,,2420,12,,,0
216019,'1179338',1224,,2421,12,,,0
216019,'1179345',824,,2422,12,,,0
216019,'1179368',1654,,2423,12,,,0
216019,'1179369',1024,,2424,12,,,0
216019,'1179374',1624,,2425,12,,,0
216019,'1179421',1824,,2426,12,,,0
216019,'1179431',1124,,2427,12,,,0
216019,'1179458',1924,,2428,12,,,0
216019,'1179488',724,,2429,12,,,0
216019,'1179523',1324,,2430,12,,,0
216019,'1179574',2024,,2431,12,,,0
216019,'1179582',1924,,2432,12,,,0
216019,'1179605',854,,2433,12,,,0
216019,'1179647',1724,,2434,12,,,0
216019,'1179669',824,,2435,12,,,0
216019,'1179695',2124,,2436,12,,,0
216019,'1179712',654,,2437,12,,,0
216019,'1179714',924,,2438,12,,,0
216019,'1179719',1624,,2439,12,,,0
