110019,'1178947',940,,2239,17,,,0
110019,'1178964',1440,,2240,17,,,0
110019,'1178973',1740,,2241,17,,,0
110019,'1179028',1540,,2242,17,,,0
110019,'1179105',1640,,2243,17,,,0
110019,'1179114',1040,,2244,17,,,0
110019,'1179176',1240,,2245,17,,,0
110019,'1179184',1340,,2246,17,,,0
110019,'1179290',1140,,2247,17,,,0
116019,'1178992',745,,2257,12,,,0
116019,'1178995',745,,2258,12,,,0
116019,'1179088',645,,2259,12,,,0
116019,'1179096',845,,2260,12,,,0
116019,'1179141',1445,,2261,12,,,0
116019,'1179172',1145,,2262,12,,,0
116019,'1179177',845,,2263,12,,,0
116019,'1179190',1615,,2264,12,,,0
116019,'1179215',1045,,2265,12,,,0
116019,'1179228',815,,2266,12,,,0
116019,'1179247',945,,2267,12,,,0
116019,'1179275',1545,,2268,12,,,0
116019,'1179278',1245,,2269,12,,,0
116019,'1179313',1745,,2270,12,,,0
116019,'1179314',2045,,2271,12,,,0
116019,'1179321',1145,,2272,12,,,0
116019,'1179339',715,,2273,12,,,0
116019,'1179343',1945,,2274,12,,,0
116019,'1179365',1645,,2275,12,,,0
116019,'1179381',1845,,2276,12,,,0
116019,'1179418',1645,,2277,12,,,0
116019,'1179432',1715,,2278,12,,,0
116019,'1179434',1945,,2279,12,,,0
116019,'1179439',1345,,2280,12,,,0
116019,'1179441',1445,,2281,12,,,0
116019,'1179476',1045,,2282,12,,,0
116019,'1179500',2145,,2283,12,,,0
116019,'1179515',915,,2284,12,,,0
116019,'1179584',1845,,2285,12,,,0
116019,'1179603',945,,2286,12,,,0
116019,'1179606',1815,,2287,12,,,0
116019,'1179615',1545,,2288,12,,,0
116019,'1179641',1245,,2289,12,,,0
116019,'1179653',1745,,2290,12,,,0
116019,'1179682',1345,,2291,12,,,0
116019,'1179696',2045,,2292,12,,,0
116019,'1179706',2145,,2293,12,,,0
160019,'1178943',1537,,2366,12,,,0
160019,'1178949',937,,2367,12,,,0
160019,'1178951',1337,,2368,12,,,0
160019,'1179047',1437,,2369,12,,,0
160019,'1179060',1737,,2370,12,,,0
160019,'1179205',1137,,2371,12,,,0
160019,'1179319',1237,,2372,12,,,0
160019,'1179451',1637,,2373,12,,,0
160019,'1179697',1037,,2374,12,,,0
140010019,'1178914',1121,,2522,19,0,8 21,0
140010019,'1178921',1451,,2523,19,,,0
140010019,'1178922',951,,2524,19,,,0
140010019,'1178936',721,,2525,19,,,0
140010019,'1178946',2251,,2526,19,0,8 21,0
140010019,'1178979',1051,,2527,19,,,0
140010019,'1179012',751,,2528,19,,,0
140010019,'1179037',1951,,2529,19,,,0
140010019,'1179103',1551,,2530,19,,,0
140010019,'1179122',1321,,2531,19,0,8 21,0
140010019,'1179131',1151,,2532,19,,,0
140010019,'1179140',2151,,2533,19,,,0
140010019,'1179147',921,,2534,19,0,8 21,0
140010019,'1179157',651,,2535,19,,,0
140010019,'1179167',1051,,2536,19,,,0
140010019,'1179178',1751,,2537,19,,,0
140010019,'1179180',2151,,2538,19,,,0
140010019,'1179188',1451,,2539,19,,,0
140010019,'1179217',1951,,2540,19,,,0
140010019,'1179232',1521,,2541,19,0,8 21,0
140010019,'1179251',1621,,2542,19,,,0
140010019,'1179253',821,,2543,19,,,0
140010019,'1179268',1721,,2544,19,,,0
140010019,'1179270',1651,,2545,19,,,0
140010019,'1179336',851,,2547,19,,,0
140010019,'1179347',751,,2548,19,,,0
140010019,'1179361',2051,,2549,19,,,0
140010019,'1179396',2051,,2550,19,,,0
140010019,'1179408',2251,,2551,19,0,8 21,0
140010019,'1179415',1151,,2552,19,,,0
140010019,'1179445',1351,,2553,19,,,0
140010019,'1179452',1751,,2554,19,,,0
140010019,'1179453',1351,,2555,19,,,0
140010019,'1179479',1251,,2556,19,,,0
140010019,'1179483',1221,,2557,19,0,8 21,0
140010019,'1179494',1651,,2558,19,,,0
140010019,'1179496',1551,,2559,19,,,0
140010019,'1179498',1421,,2560,19,0,8 21,0
140010019,'1179544',1851,,2561,19,,,0
140010019,'1179548',1021,,2562,19,0,8 21,0
140010019,'1179613',1851,,2563,19,,,0
140010019,'1179620',851,,2564,19,,,0
140010019,'1179629',1821,,2565,19,0,8 21,0
140010019,'1179659',1251,,2566,19,,,0
140010019,'1179692',951,,2567,19,,,0
