200029,'1178971',1033,,2393,8,,,0
200029,'1179034',1633,,2394,8,,,0
200029,'1179043',1233,,2395,8,,,0
200029,'1179091',1433,,2396,8,,,0
200029,'1179198',1133,,2398,8,,,0
200029,'1179229',1717,,2399,8,,,0
200029,'1179283',1333,,2400,8,,,0
200029,'1179383',1533,,2401,8,,,0
200029,'1179689',933,,2402,8,,,0
140014019,'1178954',1628,,2614,36,,,0
140014019,'1178955',1158,,2615,36,,,0
140014019,'1178974',1028,,2616,36,,,0
140014019,'1179007',1826,,2617,36,,,0
140014019,'1179027',1528,,2618,36,,,0
140014019,'1179052',826,,2619,36,,,0
140014019,'1179079',758,,2620,36,,,0
140014019,'1179080',1526,,2621,36,,,0
140014019,'1179082',858,,2622,36,,,0
140014019,'1179084',728,,2623,36,,,0
140014019,'1179111',2228,,2624,36,,,0
140014019,'1179143',828,,2625,36,,,0
140014019,'1179200',1258,,2626,36,,,0
140014019,'1179207',1758,,2627,36,,,0
140014019,'1179221',1426,,2628,36,,,0
140014019,'1179271',1228,,2629,36,,,0
140014019,'1179298',1726,,2630,36,,,0
140014019,'1179320',1458,,2631,36,,,0
140014019,'1179323',1026,,2632,36,,,0
140014019,'1179337',626,,2633,8,,,0
140014019,'1179350',926,,2634,36,,,0
140014019,'1179353',1828,,2635,36,,,0
140014019,'1179366',2026,,2636,36,,,0
140014019,'1179392',1626,,2637,36,,,0
140014019,'1179403',1928,,2638,36,,,0
140014019,'1179417',726,,2639,15,,,0
140014019,'1179433',1428,,2640,36,,,0
140014019,'1179443',958,,2641,36,,,0
140014019,'1179446',1226,,2642,36,,,0
140014019,'1179449',1058,,2643,36,,,0
140014019,'1179493',1128,,2644,36,,,0
140014019,'1179513',628,,2645,8,,,0
140014019,'1179524',1728,,2646,36,,,0
140014019,'1179535',1358,,2647,36,,,0
140014019,'1179547',1326,,2648,36,,,0
140014019,'1179550',658,,2649,15,,,0
140014019,'1179561',1558,,2651,36,,,0
140014019,'1179577',1328,,2652,36,,,0
140014019,'1179598',2128,,2653,36,,,0
140014019,'1179600',2226,,2654,36,,,0
140014019,'1179608',1926,,2655,36,,,0
140014019,'1179636',1658,,2656,36,,,0
140014019,'1179638',928,,2657,36,,,0
140014019,'1179648',2028,,2658,36,,,0
140014019,'1179654',2126,,2659,36,,,0
140014019,'1179662',1126,,2660,36,,,0
