150019,'1178942',1738,,2348,4,,,0
150019,'1178956',1338,,2349,4,,,0
150019,'1178976',1638,,2350,4,,,0
150019,'1179117',1238,,2351,4,,,0
150019,'1179150',1538,,2352,4,,,0
150019,'1179341',938,,2353,4,,,0
150019,'1179473',1138,,2354,4,,,0
150019,'1179559',1438,,2355,4,,,0
150019,'1179673',1038,,2356,4,,,0
140014019,'1178954',1555,,2614,14,,,0
140014019,'1178955',1125,,2615,14,,,0
140014019,'1178974',955,,2616,14,,,0
140014019,'1179007',1755,,2617,14,,,0
140014019,'1179027',1455,,2618,14,,,0
140014019,'1179052',755,,2619,14,,,0
140014019,'1179079',725,,2620,14,,,0
140014019,'1179080',1455,,2621,14,,,0
140014019,'1179082',825,,2622,14,,,0
140014019,'1179084',655,,2623,14,,,0
140014019,'1179111',2155,,2624,14,,,0
140014019,'1179143',755,,2625,14,,,0
140014019,'1179200',1225,,2626,14,,,0
140014019,'1179207',1725,,2627,14,,,0
140014019,'1179221',1355,,2628,14,,,0
140014019,'1179271',1155,,2629,14,,,0
140014019,'1179298',1655,,2630,14,,,0
140014019,'1179320',1425,,2631,14,,,0
140014019,'1179323',955,,2632,14,,,0
140014019,'1179350',855,,2634,14,,,0
140014019,'1179353',1755,,2635,14,,,0
140014019,'1179366',1955,,2636,14,,,0
140014019,'1179392',1555,,2637,14,,,0
140014019,'1179403',1855,,2638,14,,,0
140014019,'1179433',1355,,2640,14,,,0
140014019,'1179443',925,,2641,14,,,0
140014019,'1179446',1155,,2642,14,,,0
140014019,'1179449',1025,,2643,14,,,0
140014019,'1179493',1055,,2644,14,,,0
140014019,'1179524',1655,,2646,14,,,0
140014019,'1179535',1325,,2647,14,,,0
140014019,'1179547',1255,,2648,14,,,0
140014019,'1179557',1825,,2650,14,0,8 21,0
140014019,'1179561',1525,,2651,14,,,0
140014019,'1179577',1255,,2652,14,,,0
140014019,'1179598',2055,,2653,14,,,0
140014019,'1179600',2155,,2654,14,,,0
140014019,'1179608',1855,,2655,14,,,0
140014019,'1179636',1625,,2656,14,,,0
140014019,'1179638',855,,2657,14,,,0
140014019,'1179648',1955,,2658,14,,,0
140014019,'1179654',2055,,2659,14,,,0
140014019,'1179662',1055,,2660,14,,,0
