200029,'1178971',1032,,2393,6,,,0
200029,'1179034',1632,,2394,6,,,0
200029,'1179043',1232,,2395,6,,,0
200029,'1179091',1432,,2396,6,,,0
200029,'1179198',1132,,2398,6,,,0
200029,'1179229',1716,,2399,6,,,0
200029,'1179283',1332,,2400,6,,,0
200029,'1179383',1532,,2401,6,,,0
200029,'1179689',932,,2402,6,,,0
140014019,'1178954',1626,,2614,34,,,0
140014019,'1178955',1156,,2615,34,,,0
140014019,'1178974',1026,,2616,34,,,0
140014019,'1179007',1825,,2617,34,,,0
140014019,'1179027',1526,,2618,34,,,0
140014019,'1179052',825,,2619,34,,,0
140014019,'1179079',756,,2620,34,,,0
140014019,'1179080',1525,,2621,34,,,0
140014019,'1179082',856,,2622,34,,,0
140014019,'1179084',726,,2623,34,,,0
140014019,'1179111',2226,,2624,34,,,0
140014019,'1179143',826,,2625,34,,,0
140014019,'1179200',1256,,2626,34,,,0
140014019,'1179207',1756,,2627,34,,,0
140014019,'1179221',1425,,2628,34,,,0
140014019,'1179271',1226,,2629,34,,,0
140014019,'1179298',1725,,2630,34,,,0
140014019,'1179320',1456,,2631,34,,,0
140014019,'1179323',1025,,2632,34,,,0
140014019,'1179337',625,,2633,6,,,0
140014019,'1179350',925,,2634,34,,,0
140014019,'1179353',1826,,2635,34,,,0
140014019,'1179366',2025,,2636,34,,,0
140014019,'1179392',1625,,2637,34,,,0
140014019,'1179403',1926,,2638,34,,,0
140014019,'1179417',725,,2639,13,,,0
140014019,'1179433',1426,,2640,34,,,0
140014019,'1179443',956,,2641,34,,,0
140014019,'1179446',1225,,2642,34,,,0
140014019,'1179449',1056,,2643,34,,,0
140014019,'1179493',1126,,2644,34,,,0
140014019,'1179513',626,,2645,6,,,0
140014019,'1179524',1726,,2646,34,,,0
140014019,'1179535',1356,,2647,34,,,0
140014019,'1179547',1325,,2648,34,,,0
140014019,'1179550',656,,2649,13,,,0
140014019,'1179561',1556,,2651,34,,,0
140014019,'1179577',1326,,2652,34,,,0
140014019,'1179598',2126,,2653,34,,,0
140014019,'1179600',2225,,2654,34,,,0
140014019,'1179608',1925,,2655,34,,,0
140014019,'1179636',1656,,2656,34,,,0
140014019,'1179638',926,,2657,34,,,0
140014019,'1179648',2026,,2658,34,,,0
140014019,'1179654',2125,,2659,34,,,0
140014019,'1179662',1125,,2660,34,,,0
