120019,'1178966',1352,,2294,39,,,0
120019,'1178998',1552,,2295,39,,,0
120019,'1179031',1652,,2296,39,,,0
120019,'1179149',1452,,2297,39,,,0
120019,'1179182',1152,,2298,39,,,0
120019,'1179282',952,,2299,39,,,0
120019,'1179296',1805,,2300,39,,,0
120019,'1179596',1052,,2301,39,,,0
120019,'1179628',1252,,2302,39,,,0
140016019,'1178912',1727,,2661,40,,,0
140016019,'1178941',827,,2662,40,,,0
140016019,'1179051',2227,,2665,40,,,0
140016019,'1179063',727,,2666,20,,,0
140016019,'1179077',1757,,2667,40,,,0
140016019,'1179112',1927,,2668,40,,,0
140016019,'1179129',1227,,2669,40,,,0
140016019,'1179136',1527,,2670,40,,,0
140016019,'1179158',1327,,2671,40,,,0
140016019,'1179191',927,,2672,40,,,0
140016019,'1179213',1027,,2673,40,,,0
140016019,'1179234',1427,,2675,40,,,0
140016019,'1179256',857,,2677,40,,,0
140016019,'1179267',827,,2678,40,,,0
140016019,'1179284',1927,,2679,40,,,0
140016019,'1179299',2227,,2681,40,,,0
140016019,'1179304',1327,,2682,40,,,0
140016019,'1179312',1627,,2683,40,,,0
140016019,'1179318',1827,,2684,40,,,0
140016019,'1179330',2027,,2685,40,,,0
140016019,'1179333',1427,,2686,40,,,0
140016019,'1179357',1127,,2688,40,,,0
140016019,'1179371',1527,,2689,40,,,0
140016019,'1179389',1657,,2690,40,,,0
140016019,'1179416',1627,,2691,40,,,0
140016019,'1179464',2127,,2693,40,,,0
140016019,'1179475',927,,2694,40,,,0
140016019,'1179481',1727,,2695,40,,,0
140016019,'1179517',1557,,2697,40,,,0
140016019,'1179520',2027,,2698,40,,,0
140016019,'1179536',757,,2699,40,,,0
140016019,'1179538',727,,2700,40,,,0
140016019,'1179601',2127,,2703,40,,,0
140016019,'1179604',1127,,2704,40,,,0
140016019,'1179627',1227,,2705,40,,,0
140016019,'1179663',1027,,2706,40,,,0
140016019,'1179687',1827,,2708,40,,,0
