120019,'1178966',1401,,2294,47,,,0
120019,'1178998',1601,,2295,47,,,0
120019,'1179031',1701,,2296,47,,,0
120019,'1179149',1501,,2297,47,,,0
120019,'1179182',1201,,2298,47,,,0
120019,'1179282',1001,,2299,47,,,0
120019,'1179296',1814,,2300,47,,,0
120019,'1179596',1101,,2301,47,,,0
120019,'1179628',1301,,2302,47,,,0
140016019,'1178912',1735,,2661,48,,,0
140016019,'1178941',835,,2662,48,,,0
140016019,'1179005',635,,2663,5,,,0
140016019,'1179051',2235,,2665,48,,,0
140016019,'1179063',735,,2666,28,,,0
140016019,'1179077',1805,,2667,48,,,0
140016019,'1179112',1935,,2668,48,,,0
140016019,'1179129',1235,,2669,48,,,0
140016019,'1179136',1535,,2670,48,,,0
140016019,'1179158',1335,,2671,48,,,0
140016019,'1179191',935,,2672,48,,,0
140016019,'1179213',1035,,2673,48,,,0
140016019,'1179225',705,,2674,5,,,0
140016019,'1179234',1435,,2675,48,,,0
140016019,'1179256',905,,2677,48,,,0
140016019,'1179267',835,,2678,48,,,0
140016019,'1179284',1935,,2679,48,,,0
140016019,'1179286',608,,2680,5,,,0
140016019,'1179299',2235,,2681,48,,,0
140016019,'1179304',1335,,2682,48,,,0
140016019,'1179312',1635,,2683,48,,,0
140016019,'1179318',1835,,2684,48,,,0
140016019,'1179330',2035,,2685,48,,,0
140016019,'1179333',1435,,2686,48,,,0
140016019,'1179357',1135,,2688,48,,,0
140016019,'1179371',1535,,2689,48,,,0
140016019,'1179389',1705,,2690,48,,,0
140016019,'1179416',1635,,2691,48,,,0
140016019,'1179440',635,,2692,5,,,0
140016019,'1179464',2135,,2693,48,,,0
140016019,'1179475',935,,2694,48,,,0
140016019,'1179481',1735,,2695,48,,,0
140016019,'1179517',1605,,2697,48,,,0
140016019,'1179520',2035,,2698,48,,,0
140016019,'1179536',805,,2699,48,,,0
140016019,'1179538',735,,2700,48,,,0
140016019,'1179601',2135,,2703,48,,,0
140016019,'1179604',1135,,2704,48,,,0
140016019,'1179627',1235,,2705,48,,,0
140016019,'1179663',1035,,2706,48,,,0
140016019,'1179687',1835,,2708,48,,,0
