116019,'1178992',756,,2257,33,,,0
116019,'1178995',756,,2258,33,,,0
116019,'1179088',700,,2259,34,,,0
116019,'1179096',856,,2260,33,,,0
116019,'1179141',1456,,2261,33,,,0
116019,'1179172',1156,,2262,33,,,0
116019,'1179177',856,,2263,33,,,0
116019,'1179190',1626,,2264,33,,,0
116019,'1179215',1056,,2265,33,,,0
116019,'1179228',826,,2266,33,,,0
116019,'1179247',956,,2267,33,,,0
116019,'1179275',1556,,2268,33,,,0
116019,'1179278',1256,,2269,33,,,0
116019,'1179313',1756,,2270,33,,,0
116019,'1179314',2056,,2271,33,,,0
116019,'1179321',1156,,2272,33,,,0
116019,'1179339',730,,2273,34,,,0
116019,'1179343',1956,,2274,33,,,0
116019,'1179365',1656,,2275,33,,,0
116019,'1179381',1856,,2276,33,,,0
116019,'1179418',1700,,2277,34,,,0
116019,'1179432',1730,,2278,34,,,0
116019,'1179434',1956,,2279,33,,,0
116019,'1179439',1356,,2280,33,,,0
116019,'1179441',1456,,2281,33,,,0
116019,'1179476',1056,,2282,33,,,0
116019,'1179500',2156,,2283,33,,,0
116019,'1179515',926,,2284,33,,,0
116019,'1179584',1856,,2285,33,,,0
116019,'1179603',956,,2286,33,,,0
116019,'1179606',1827,,2287,33,,,0
116019,'1179615',1556,,2288,33,,,0
116019,'1179641',1256,,2289,33,,,0
116019,'1179653',1756,,2290,33,,,0
116019,'1179682',1356,,2291,33,,,0
116019,'1179696',2056,,2292,33,,,0
116019,'1179706',2156,,2293,33,,,0
160019,'1178943',1545,,2366,31,,,0
160019,'1178949',945,,2367,31,,,0
160019,'1178951',1345,,2368,31,,,0
160019,'1179047',1445,,2369,31,,,0
160019,'1179060',1745,,2370,31,,,0
160019,'1179205',1145,,2371,31,,,0
160019,'1179319',1245,,2372,31,,,0
160019,'1179451',1645,,2373,31,,,0
160019,'1179697',1045,,2374,31,,,0
