110019,'1178947',934,,2239,3,,,0
110019,'1178964',1434,,2240,3,,,0
110019,'1178973',1734,,2241,3,,,0
110019,'1179028',1534,,2242,3,,,0
110019,'1179105',1634,,2243,3,,,0
110019,'1179114',1034,,2244,3,,,0
110019,'1179176',1234,,2245,3,,,0
110019,'1179184',1334,,2246,3,,,0
110019,'1179290',1134,,2247,3,,,0
150019,'1178942',1737,,2348,3,,,0
150019,'1178956',1337,,2349,3,,,0
150019,'1178976',1637,,2350,3,,,0
150019,'1179117',1237,,2351,3,,,0
150019,'1179150',1537,,2352,3,,,0
150019,'1179341',937,,2353,3,,,0
150019,'1179473',1137,,2354,3,,,0
150019,'1179559',1437,,2355,3,,,0
150019,'1179673',1037,,2356,3,,,0
200019,'1179038',1434,,2384,3,,,0
200019,'1179081',1634,,2385,3,,,0
200019,'1179174',934,,2386,3,,,0
200019,'1179259',1134,,2387,3,,,0
200019,'1179289',1534,,2388,3,,,0
200019,'1179460',1734,,2389,3,,,0
200019,'1179585',1034,,2390,3,,,0
200019,'1179594',1334,,2391,3,,,0
200019,'1179655',1234,,2392,3,,,0
140010019,'1178914',1114,,2522,5,0,8 21,0
140010019,'1178921',1444,,2523,5,,,0
140010019,'1178922',944,,2524,5,,,0
140010019,'1178936',714,,2525,5,,,0
140010019,'1178946',2244,,2526,5,0,8 21,0
140010019,'1178979',1044,,2527,5,,,0
140010019,'1179012',744,,2528,5,,,0
140010019,'1179037',1944,,2529,5,,,0
140010019,'1179103',1544,,2530,5,,,0
140010019,'1179122',1314,,2531,5,0,8 21,0
140010019,'1179131',1144,,2532,5,,,0
140010019,'1179140',2144,,2533,5,,,0
140010019,'1179147',914,,2534,5,0,8 21,0
140010019,'1179157',644,,2535,5,,,0
140010019,'1179167',1044,,2536,5,,,0
140010019,'1179178',1744,,2537,5,,,0
140010019,'1179180',2144,,2538,5,,,0
140010019,'1179188',1444,,2539,5,,,0
140010019,'1179217',1944,,2540,5,,,0
140010019,'1179232',1514,,2541,5,0,8 21,0
140010019,'1179251',1614,,2542,5,,,0
140010019,'1179253',814,,2543,5,,,0
140010019,'1179268',1714,,2544,5,,,0
140010019,'1179270',1644,,2545,5,,,0
140010019,'1179336',844,,2547,5,,,0
140010019,'1179347',744,,2548,5,,,0
140010019,'1179361',2044,,2549,5,,,0
140010019,'1179396',2044,,2550,5,,,0
140010019,'1179408',2244,,2551,5,0,8 21,0
140010019,'1179415',1144,,2552,5,,,0
140010019,'1179445',1344,,2553,5,,,0
140010019,'1179452',1744,,2554,5,,,0
140010019,'1179453',1344,,2555,5,,,0
140010019,'1179479',1244,,2556,5,,,0
140010019,'1179483',1214,,2557,5,0,8 21,0
140010019,'1179494',1644,,2558,5,,,0
140010019,'1179496',1544,,2559,5,,,0
140010019,'1179498',1414,,2560,5,0,8 21,0
140010019,'1179544',1844,,2561,5,,,0
140010019,'1179548',1014,,2562,5,0,8 21,0
140010019,'1179613',1844,,2563,5,,,0
140010019,'1179620',844,,2564,5,,,0
140010019,'1179629',1814,,2565,5,0,8 21,0
140010019,'1179659',1244,,2566,5,,,0
140010019,'1179692',944,,2567,5,,,0
140016019,'1178912',1649,,2661,5,,,0
140016019,'1178941',749,,2662,5,,,0
140016019,'1179017',1219,,2664,5,0,8 21,0
140016019,'1179051',2149,,2665,5,,,0
140016019,'1179077',1719,,2667,5,,,0
140016019,'1179112',1849,,2668,5,,,0
140016019,'1179129',1149,,2669,5,,,0
140016019,'1179136',1449,,2670,5,,,0
140016019,'1179158',1249,,2671,5,,,0
140016019,'1179191',849,,2672,5,,,0
140016019,'1179213',949,,2673,5,,,0
140016019,'1179234',1349,,2675,5,,,0
140016019,'1179254',1119,,2676,5,0,8 21,0
140016019,'1179256',819,,2677,5,,,0
140016019,'1179267',749,,2678,5,,,0
140016019,'1179284',1849,,2679,5,,,0
140016019,'1179299',2149,,2681,5,,,0
140016019,'1179304',1249,,2682,5,,,0
140016019,'1179312',1549,,2683,5,,,0
140016019,'1179318',1749,,2684,5,,,0
140016019,'1179330',1949,,2685,5,,,0
140016019,'1179333',1349,,2686,5,,,0
140016019,'1179351',919,,2687,5,0,8 21,0
140016019,'1179357',1049,,2688,5,,,0
140016019,'1179371',1449,,2689,5,,,0
140016019,'1179389',1619,,2690,5,,,0
140016019,'1179416',1549,,2691,5,,,0
140016019,'1179464',2049,,2693,5,,,0
140016019,'1179475',849,,2694,5,,,0
140016019,'1179481',1649,,2695,5,,,0
140016019,'1179503',1419,,2696,5,0,8 21,0
140016019,'1179517',1519,,2697,5,,,0
140016019,'1179520',1949,,2698,5,,,0
140016019,'1179536',719,,2699,5,,,0
140016019,'1179538',649,,2700,5,,,0
140016019,'1179562',1319,,2701,5,0,8 21,0
140016019,'1179569',1819,,2702,5,0,8 21,0
140016019,'1179601',2049,,2703,5,,,0
140016019,'1179604',1049,,2704,5,,,0
140016019,'1179627',1149,,2705,5,,,0
140016019,'1179663',949,,2706,5,,,0
140016019,'1179681',1019,,2707,5,0,8 21,0
140016019,'1179687',1749,,2708,5,,,0
