130019,'1179053',1725,,2312,5,,,0
130019,'1179067',1325,,2313,5,,,0
130019,'1179069',1025,,2314,5,,,0
130019,'1179093',1125,,2315,5,,,0
130019,'1179108',1225,,2316,5,,,0
130019,'1179294',1525,,2317,5,,,0
130019,'1179386',1625,,2318,5,,,0
130019,'1179541',925,,2319,5,,,0
130019,'1179675',1425,,2320,5,,,0
150029,'1178980',1104,,2357,11,,,0
150029,'1179059',904,,2358,11,,,0
150029,'1179210',1304,,2359,11,,,0
150029,'1179274',1704,,2360,11,,,0
150029,'1179311',1004,,2361,11,,,0
150029,'1179362',1604,,2362,11,,,0
150029,'1179450',1404,,2363,11,,,0
150029,'1179616',1204,,2364,11,,,0
150029,'1179674',1504,,2365,11,,,0
300019,'1178918',1153,,2441,8,0,23 24 2 26,0
300019,'1178931',753,,2442,8,0,23 24 2 26,0
300019,'1178939',1353,,2443,8,0,23 24 2 26,0
300019,'1178975',1453,,2445,8,0,23 24 2 26,0
300019,'1178982',1653,,2446,8,0,23 24 2 26,0
300019,'1179001',723,,2449,8,0,23 24 2 26,0
300019,'1179003',1953,,2450,8,0,23 24 2 26,0
300019,'1179008',2153,,2451,8,0,8 9 2 26,0
300019,'1179030',1853,,2452,8,0,23 24 2 26,0
300019,'1179058',1053,,2455,8,0,23 24 2 26,0
300019,'1179066',1753,,2457,8,0,23 24 2 26,0
300019,'1179109',1823,,2459,8,0,8 9 2 26,0
300019,'1179110',953,,2460,8,0,23 24 2 26,0
300019,'1179115',923,,2461,8,0,23 24 2 26,0
300019,'1179121',1753,,2462,8,0,23 24 2 26,0
300019,'1179125',1953,,2463,8,0,23 24 2 26,0
300019,'1179194',823,,2466,8,0,23 24 2 26,0
300019,'1179246',753,,2469,8,0,23 24 2 26,0
300019,'1179279',853,,2472,8,0,23 24 2 26,0
300019,'1179295',2053,,2474,8,0,23 24 2 26,0
300019,'1179331',1253,,2477,8,0,23 24 2 26,0
300019,'1179355',1153,,2479,8,0,23 24 2 26,0
300019,'1179379',2153,,2482,8,0,8 9 2 26,0
300019,'1179390',1453,,2483,8,0,23 24 2 26,0
300019,'1179397',1623,,2484,8,0,23 24 2 26,0
300019,'1179404',2053,,2485,8,0,23 24 2 26,0
300019,'1179435',1553,,2490,8,0,23 24 2 26,0
300019,'1179448',1353,,2491,8,0,23 24 2 26,0
300019,'1179484',1253,,2496,8,0,23 24 2 26,0
300019,'1179490',1053,,2497,8,0,23 24 2 26,0
300019,'1179508',953,,2499,8,0,23 24 2 26,0
300019,'1179549',853,,2502,8,0,23 24 2 26,0
300019,'1179566',1653,,2505,8,0,23 24 2 26,0
300019,'1179568',1853,,2506,8,0,23 24 2 26,0
300019,'1179593',1023,,2510,8,0,8 9 2 26,0
300019,'1179622',1723,,2515,8,0,23 24 2 26,0
300019,'1179649',1553,,2519,8,0,23 24 2 26,0
140012019,'1178913',1148,,2568,5,,,0
140012019,'1178923',1148,,2569,5,,,0
140012019,'1178934',948,,2570,5,,,0
140012019,'1178935',748,,2571,5,,,0
140012019,'1178953',848,,2572,5,,,0
140012019,'1178981',648,,2573,5,,,0
140012019,'1178986',1418,,2574,5,,,0
140012019,'1179006',1318,,2575,5,,,0
140012019,'1179011',718,,2576,5,,,0
140012019,'1179015',1848,,2577,5,,,0
140012019,'1179046',848,,2578,5,,,0
140012019,'1179102',1548,,2579,5,,,0
140012019,'1179154',1348,,2580,5,,,0
140012019,'1179183',1948,,2581,5,,,0
140012019,'1179185',918,,2582,5,,,0
140012019,'1179216',2248,,2583,5,0,8 21,0
140012019,'1179230',948,,2584,5,,,0
140012019,'1179233',1548,,2585,5,,,0
140012019,'1179236',748,,2586,5,,,0
140012019,'1179238',1448,,2587,5,,,0
140012019,'1179244',2048,,2588,5,,,0
140012019,'1179245',1848,,2589,5,,,0
140012019,'1179255',1818,,2591,5,0,8 21,0
140012019,'1179261',1048,,2592,5,,,0
140012019,'1179316',1948,,2593,5,,,0
140012019,'1179325',818,,2594,5,,,0
140012019,'1179348',1248,,2595,5,,,0
140012019,'1179359',1718,,2596,5,,,0
140012019,'1179372',2148,,2597,5,,,0
140012019,'1179387',1248,,2598,5,,,0
140012019,'1179399',1118,,2599,5,,,0
140012019,'1179425',2048,,2600,5,,,0
140012019,'1179444',1618,,2601,5,,,0
140012019,'1179495',1348,,2602,5,,,0
140012019,'1179499',1518,,2603,5,,,0
140012019,'1179510',1648,,2604,5,,,0
140012019,'1179511',2148,,2605,5,,,0
140012019,'1179526',1748,,2606,5,,,0
140012019,'1179556',1048,,2607,5,,,0
140012019,'1179567',1218,,2608,5,,,0
140012019,'1179578',2248,,2609,5,0,8 21,0
140012019,'1179644',1748,,2610,5,,,0
140012019,'1179693',1018,,2611,5,,,0
140012019,'1179704',1448,,2612,5,,,0
140012019,'1179715',1648,,2613,5,,,0
190015019,'1178937',1151,,2803,36,,,0
190015019,'1178958',1021,,2805,36,,,0
190015019,'1178960',1121,,2806,36,,,0
190015019,'1179018',1421,,2808,36,,,0
190015019,'1179054',1321,,2809,36,,,0
190015019,'1179073',1351,,2810,36,,,0
190015019,'1179083',621,,2811,11,,,0
190015019,'1179089',1221,,2812,36,,,0
190015019,'1179095',1721,,2813,36,,,0
190015019,'1179126',1821,,2814,36,,,0
190015019,'1179130',1621,,2815,36,,,0
190015019,'1179152',951,,2816,36,,,0
190015019,'1179169',1021,,2818,36,,,0
190015019,'1179170',821,,2819,36,,,0
190015019,'1179189',821,,2820,36,,,0
190015019,'1179226',1821,,2821,36,,,0
190015019,'1179257',2121,,2823,36,,,0
190015019,'1179260',1721,,2824,36,,,0
190015019,'1179280',1521,,2826,36,,,0
190015019,'1179329',1651,,2827,36,,,0
190015019,'1179378',2021,,2828,36,,,0
190015019,'1179382',1751,,2829,36,,,0
190015019,'1179400',1921,,2830,36,,,0
190015019,'1179414',1521,,2831,36,,,0
190015019,'1179456',1551,,2832,36,,,0
190015019,'1179465',1621,,2833,36,,,0
190015019,'1179466',921,,2834,36,,,0
190015019,'1179468',2021,,2835,36,,,0
190015019,'1179480',1321,,2836,36,,,0
190015019,'1179489',1251,,2837,36,,,0
190015019,'1179491',1121,,2838,36,,,0
190015019,'1179501',1051,,2839,36,,,0
190015019,'1179525',721,,2840,36,,,0
190015019,'1179560',2121,,2841,36,,,0
190015019,'1179563',1421,,2842,36,,,0
190015019,'1179576',1921,,2843,36,,,0
190015019,'1179602',851,,2844,36,,,0
190015019,'1179633',751,,2845,36,,,0
190015019,'1179637',651,,2846,11,,,0
190015019,'1179652',921,,2847,36,,,0
190015019,'1179679',1451,,2848,36,,,0
190015019,'1179703',1221,,2849,36,,,0
190015019,'1179716',721,,2850,36,,,0
