110019,'1178947',941,,2239,19,,,0
110019,'1178964',1441,,2240,19,,,0
110019,'1178973',1741,,2241,19,,,0
110019,'1179028',1541,,2242,19,,,0
110019,'1179105',1641,,2243,19,,,0
110019,'1179114',1041,,2244,19,,,0
110019,'1179176',1241,,2245,19,,,0
110019,'1179184',1341,,2246,19,,,0
110019,'1179290',1141,,2247,19,,,0
140010019,'1178914',1122,,2522,21,0,8 21,0
140010019,'1178921',1452,,2523,21,,,0
140010019,'1178922',952,,2524,22,,,0
140010019,'1178936',722,,2525,21,,,0
140010019,'1178946',2252,,2526,21,0,8 21,0
140010019,'1178979',1052,,2527,22,,,0
140010019,'1179012',752,,2528,22,,,0
140010019,'1179037',1952,,2529,21,,,0
140010019,'1179103',1552,,2530,22,,,0
140010019,'1179122',1322,,2531,21,0,8 21,0
140010019,'1179131',1152,,2532,21,,,0
140010019,'1179140',2152,,2533,21,,,0
140010019,'1179147',922,,2534,21,0,8 21,0
140010019,'1179157',652,,2535,21,,,0
140010019,'1179167',1052,,2536,21,,,0
140010019,'1179178',1752,,2537,22,,,0
140010019,'1179180',2152,,2538,22,,,0
140010019,'1179188',1452,,2539,22,,,0
140010019,'1179217',1952,,2540,22,,,0
140010019,'1179232',1522,,2541,21,0,8 21,0
140010019,'1179251',1622,,2542,21,,,0
140010019,'1179253',822,,2543,21,,,0
140010019,'1179268',1722,,2544,21,,,0
140010019,'1179270',1652,,2545,22,,,0
140010019,'1179336',852,,2547,21,,,0
140010019,'1179347',752,,2548,21,,,0
140010019,'1179361',2052,,2549,21,,,0
140010019,'1179396',2052,,2550,22,,,0
140010019,'1179408',2252,,2551,22,0,8 21,0
140010019,'1179415',1152,,2552,22,,,0
140010019,'1179445',1352,,2553,21,,,0
140010019,'1179452',1752,,2554,21,,,0
140010019,'1179453',1352,,2555,22,,,0
140010019,'1179479',1252,,2556,21,,,0
140010019,'1179483',1222,,2557,21,0,8 21,0
140010019,'1179494',1652,,2558,21,,,0
140010019,'1179496',1552,,2559,21,,,0
140010019,'1179498',1422,,2560,21,0,8 21,0
140010019,'1179544',1852,,2561,21,,,0
140010019,'1179548',1022,,2562,21,0,8 21,0
140010019,'1179613',1852,,2563,22,,,0
140010019,'1179620',852,,2564,22,,,0
140010019,'1179629',1822,,2565,21,0,8 21,0
140010019,'1179659',1252,,2566,22,,,0
140010019,'1179692',952,,2567,21,,,0
