120029,'1179032',1520,,2303,6,,,0
120029,'1179055',1320,,2304,6,,,0
120029,'1179056',1620,,2305,6,,,0
120029,'1179099',1720,,2306,6,,,0
120029,'1179153',920,,2307,6,,,0
120029,'1179222',1420,,2308,6,,,0
120029,'1179429',1120,,2309,6,,,0
120029,'1179447',1020,,2310,6,,,0
120029,'1179575',1220,,2311,6,,,0
190017019,'1178928',1645,,2851,6,,,0
190017019,'1178932',915,,2852,6,,,0
190017019,'1179000',2145,,2854,6,0,8 21,0
190017019,'1179014',1815,,2855,6,0,8 21,0
190017019,'1179016',615,,2856,6,,,0
190017019,'1179057',2245,,2857,6,0,8 21,0
190017019,'1179092',645,,2859,6,,,0
190017019,'1179124',1545,,2860,6,,,0
190017019,'1179128',1045,,2861,6,,,0
190017019,'1179133',2145,,2862,6,0,8 21,0
190017019,'1179151',1845,,2863,6,,,0
190017019,'1179161',1715,,2864,6,,,0
190017019,'1179166',945,,2865,6,,,0
190017019,'1179196',645,,2866,6,,,0
190017019,'1179242',1145,,2867,6,,,0
190017019,'1179273',2045,,2868,6,,,0
190017019,'1179277',815,,2869,6,,,0
190017019,'1179293',1245,,2870,6,,,0
190017019,'1179306',1845,,2871,6,,,0
190017019,'1179327',1445,,2873,6,,,0
190017019,'1179385',745,,2876,6,,,0
190017019,'1179401',1945,,2877,6,,,0
190017019,'1179427',1245,,2878,6,,,0
190017019,'1179455',1345,,2879,6,,,0
190017019,'1179519',1745,,2881,6,,,0
190017019,'1179529',2245,,2882,6,0,8 21,0
190017019,'1179533',715,,2883,6,,,0
190017019,'1179573',1145,,2885,6,,,0
190017019,'1179579',1045,,2886,6,,,0
190017019,'1179599',2045,,2887,6,,,0
190017019,'1179610',1945,,2888,6,,,0
190017019,'1179621',845,,2889,6,,,0
190017019,'1179625',1345,,2890,6,,,0
190017019,'1179626',1615,,2891,6,,,0
190017019,'1179631',1745,,2892,6,,,0
190017019,'1179667',745,,2893,6,,,0
190017019,'1179680',1545,,2894,6,,,0
190017019,'1179683',845,,2895,6,,,0
190017019,'1179686',1445,,2896,6,,,0
190017019,'1179699',945,,2897,6,,,0
190017019,'1179710',1645,,2898,6,,,0
