140029,'1178990',1446,,2339,16,,,0
140029,'1179039',1146,,2340,16,,,0
140029,'1179106',1046,,2341,16,,,0
140029,'1179281',1346,,2342,16,,,0
140029,'1179335',1646,,2343,16,,,0
140029,'1179461',1759,,2344,16,,,0
140029,'1179478',1546,,2345,16,,,0
140029,'1179522',1246,,2346,16,,,0
140029,'1179651',946,,2347,16,,,0
140012019,'1178913',1219,,2568,26,,,0
140012019,'1178923',1219,,2569,26,,,0
140012019,'1178934',1019,,2570,26,,,0
140012019,'1178935',819,,2571,26,,,0
140012019,'1178953',919,,2572,26,,,0
140012019,'1178981',719,,2573,26,,,0
140012019,'1178986',1449,,2574,26,,,0
140012019,'1179006',1349,,2575,26,,,0
140012019,'1179011',749,,2576,26,,,0
140012019,'1179015',1919,,2577,26,,,0
140012019,'1179046',919,,2578,26,,,0
140012019,'1179102',1619,,2579,26,,,0
140012019,'1179154',1419,,2580,26,,,0
140012019,'1179183',2019,,2581,26,,,0
140012019,'1179185',949,,2582,26,,,0
140012019,'1179230',1019,,2584,26,,,0
140012019,'1179233',1619,,2585,26,,,0
140012019,'1179236',819,,2586,26,,,0
140012019,'1179238',1519,,2587,26,,,0
140012019,'1179244',2119,,2588,26,,,0
140012019,'1179245',1919,,2589,26,,,0
140012019,'1179250',719,,2590,4,,,0
140012019,'1179261',1119,,2592,26,,,0
140012019,'1179316',2019,,2593,26,,,0
140012019,'1179325',849,,2594,26,,,0
140012019,'1179348',1319,,2595,26,,,0
140012019,'1179359',1749,,2596,26,,,0
140012019,'1179372',2219,,2597,26,,,0
140012019,'1179387',1319,,2598,26,,,0
140012019,'1179399',1149,,2599,26,,,0
140012019,'1179425',2119,,2600,26,,,0
140012019,'1179444',1649,,2601,26,,,0
140012019,'1179495',1419,,2602,26,,,0
140012019,'1179499',1549,,2603,26,,,0
140012019,'1179510',1719,,2604,26,,,0
140012019,'1179511',2219,,2605,26,,,0
140012019,'1179526',1819,,2606,26,,,0
140012019,'1179556',1119,,2607,26,,,0
140012019,'1179567',1249,,2608,26,,,0
140012019,'1179644',1819,,2610,26,,,0
140012019,'1179693',1049,,2611,26,,,0
140012019,'1179704',1519,,2612,26,,,0
140012019,'1179715',1719,,2613,26,,,0
