190017019,'1178928',1652,,2851,17,,,0
190017019,'1178932',922,,2852,17,,,0
190017019,'1179000',2152,,2854,17,0,8 21,0
190017019,'1179014',1822,,2855,17,0,8 21,0
190017019,'1179016',622,,2856,17,,,0
190017019,'1179057',2252,,2857,17,0,8 21,0
190017019,'1179092',652,,2859,17,,,0
190017019,'1179124',1552,,2860,17,,,0
190017019,'1179128',1052,,2861,17,,,0
190017019,'1179133',2152,,2862,17,0,8 21,0
190017019,'1179151',1852,,2863,17,,,0
190017019,'1179161',1722,,2864,17,,,0
190017019,'1179166',952,,2865,17,,,0
190017019,'1179196',652,,2866,17,,,0
190017019,'1179242',1152,,2867,17,,,0
190017019,'1179273',2052,,2868,17,,,0
190017019,'1179277',822,,2869,17,,,0
190017019,'1179293',1252,,2870,17,,,0
190017019,'1179306',1852,,2871,17,,,0
190017019,'1179327',1452,,2873,17,,,0
190017019,'1179385',752,,2876,17,,,0
190017019,'1179401',1952,,2877,17,,,0
190017019,'1179427',1252,,2878,17,,,0
190017019,'1179455',1352,,2879,17,,,0
190017019,'1179519',1752,,2881,17,,,0
190017019,'1179529',2252,,2882,17,0,8 21,0
190017019,'1179533',722,,2883,17,,,0
190017019,'1179573',1152,,2885,17,,,0
190017019,'1179579',1052,,2886,17,,,0
190017019,'1179599',2052,,2887,17,,,0
190017019,'1179610',1952,,2888,17,,,0
190017019,'1179621',852,,2889,17,,,0
190017019,'1179625',1352,,2890,17,,,0
190017019,'1179626',1622,,2891,17,,,0
190017019,'1179631',1752,,2892,17,,,0
190017019,'1179667',752,,2893,17,,,0
190017019,'1179680',1552,,2894,17,,,0
190017019,'1179683',852,,2895,17,,,0
190017019,'1179686',1452,,2896,17,,,0
190017019,'1179699',952,,2897,17,,,0
190017019,'1179710',1652,,2898,17,,,0
