120029,'1179032',1545,13,2303,30,,,0
120029,'1179055',1345,13,2304,30,,,0
120029,'1179056',1645,13,2305,30,,,0
120029,'1179099',1758,26,2306,30,,,0
120029,'1179153',945,13,2307,30,,,0
120029,'1179222',1445,13,2308,30,,,0
120029,'1179429',1145,13,2309,30,,,0
120029,'1179447',1045,13,2310,30,,,0
120029,'1179575',1245,13,2311,30,,,0
140029,'1178990',1445,13,2339,15,,,0
140029,'1179039',1145,13,2340,15,,,0
140029,'1179106',1045,13,2341,15,,,0
140029,'1179281',1345,13,2342,15,,,0
140029,'1179335',1645,13,2343,15,,,0
140029,'1179461',1758,26,2344,15,,,0
140029,'1179478',1545,13,2345,15,,,0
140029,'1179522',1245,13,2346,15,,,0
140029,'1179651',945,13,2347,15,,,0
200029,'1178971',1045,11,2393,11,,,0
200029,'1179034',1645,11,2394,11,,,0
200029,'1179043',1245,11,2395,11,,,0
200029,'1179091',1445,11,2396,11,,,0
200029,'1179144',845,,2397,1,,,0
200029,'1179198',1145,11,2398,11,,,0
200029,'1179229',1742,24,2399,11,,,0
200029,'1179283',1345,11,2400,11,,,0
200029,'1179383',1545,11,2401,11,,,0
200029,'1179689',945,11,2402,11,,,0
190011019,'1178950',730,,2710,22,,,0
190011019,'1178970',1900,,2711,22,,,0
190011019,'1179009',1830,,2712,22,0,8 21,0
190011019,'1179040',2100,,2713,22,,,0
190011019,'1179145',900,,2715,22,,,0
190011019,'1179159',1800,,2717,22,,,0
190011019,'1179162',2255,,2718,22,4,,0
190011019,'1179163',800,,2719,22,,,0
190011019,'1179248',700,,2720,22,,,0
190011019,'1179252',1800,,2721,22,,,0
190011019,'1179276',2000,,2722,22,,,0
190011019,'1179307',700,,2723,22,,,0
190011019,'1179332',1102,,2725,23,,,0
190011019,'1179340',900,,2726,22,,,0
190011019,'1179367',1730,,2727,22,,,0
190011019,'1179394',2200,,2730,22,,,0
190011019,'1179412',2255,,2731,22,4,,0
190011019,'1179413',1302,,2732,23,,,0
190011019,'1179424',2200,,2733,22,,,0
190011019,'1179426',1402,,2734,23,,,0
190011019,'1179430',1602,,2735,23,,,0
190011019,'1179437',1102,,2736,23,,,0
190011019,'1179438',1602,,2737,23,,,0
190011019,'1179442',1900,,2738,22,,,0
190011019,'1179477',800,,2739,22,,,0
190011019,'1179521',1402,,2740,23,,,0
190011019,'1179528',1202,,2741,23,,,0
190011019,'1179555',2000,,2743,22,,,0
190011019,'1179572',1202,,2744,23,,,0
190011019,'1179590',1502,,2745,23,,,0
190011019,'1179619',1700,,2746,22,,,0
190011019,'1179642',1000,,2747,22,,,0
190011019,'1179650',1302,,2748,23,,,0
190011019,'1179665',607,,2749,1,,,0
190011019,'1179666',830,,2750,22,,,0
190011019,'1179677',2100,,2752,22,,,0
190011019,'1179678',930,,2753,22,,,0
190011019,'1179688',1700,,2754,22,,,0
190011019,'1179700',1502,,2755,23,,,0
190011019,'1179709',1000,,2756,22,,,0
190015019,'1178937',1130,,2803,23,,,0
190015019,'1178938',2300,,2804,23,4,,0
190015019,'1178958',1000,,2805,23,,,0
190015019,'1178960',1100,,2806,23,,,0
190015019,'1178991',2200,,2807,23,4,,0
190015019,'1179018',1400,,2808,23,,,0
190015019,'1179054',1300,,2809,23,,,0
190015019,'1179073',1330,,2810,23,,,0
190015019,'1179089',1200,,2812,23,,,0
190015019,'1179095',1700,,2813,23,,,0
190015019,'1179126',1800,,2814,23,,,0
190015019,'1179130',1600,,2815,23,,,0
190015019,'1179152',930,,2816,23,,,0
190015019,'1179165',2200,,2817,23,4,,0
190015019,'1179169',1000,,2818,23,,,0
190015019,'1179170',800,,2819,23,,,0
190015019,'1179189',800,,2820,23,,,0
190015019,'1179226',1800,,2821,23,,,0
190015019,'1179241',1830,,2822,23,0,12,0
190015019,'1179257',2100,,2823,23,,,0
190015019,'1179260',1700,,2824,23,,,0
190015019,'1179269',2300,,2825,23,4,,0
190015019,'1179280',1500,,2826,23,,,0
190015019,'1179329',1630,,2827,23,,,0
190015019,'1179378',2000,,2828,23,,,0
190015019,'1179382',1730,,2829,23,,,0
190015019,'1179400',1900,,2830,23,,,0
190015019,'1179414',1500,,2831,23,,,0
190015019,'1179456',1530,,2832,23,,,0
190015019,'1179465',1600,,2833,23,,,0
190015019,'1179466',900,,2834,23,,,0
190015019,'1179468',2000,,2835,23,,,0
190015019,'1179480',1300,,2836,23,,,0
190015019,'1179489',1230,,2837,23,,,0
190015019,'1179491',1100,,2838,23,,,0
190015019,'1179501',1030,,2839,23,,,0
190015019,'1179525',700,,2840,23,,,0
190015019,'1179560',2100,,2841,23,,,0
190015019,'1179563',1400,,2842,23,,,0
190015019,'1179576',1900,,2843,23,,,0
190015019,'1179602',830,,2844,23,,,0
190015019,'1179633',730,,2845,23,,,0
190015019,'1179652',900,,2847,23,,,0
190015019,'1179679',1430,,2848,23,,,0
190015019,'1179703',1200,,2849,23,,,0
190015019,'1179716',700,,2850,23,,,0
190017019,'1178928',1700,,2851,31,,,0
190017019,'1178932',930,,2852,31,,,0
190017019,'1179000',2200,,2854,31,0,8 21,0
190017019,'1179014',1830,,2855,31,0,8 21,0
190017019,'1179016',630,,2856,31,,,0
190017019,'1179057',2300,,2857,31,0,8 21,0
190017019,'1179092',700,,2859,31,,,0
190017019,'1179124',1600,,2860,31,,,0
190017019,'1179128',1100,,2861,31,,,0
190017019,'1179133',2200,,2862,31,0,8 21,0
190017019,'1179151',1900,,2863,31,,,0
190017019,'1179161',1730,,2864,31,,,0
190017019,'1179166',1000,,2865,31,,,0
190017019,'1179196',700,,2866,31,,,0
190017019,'1179242',1200,,2867,31,,,0
190017019,'1179273',2100,,2868,31,,,0
190017019,'1179277',830,,2869,31,,,0
190017019,'1179293',1300,,2870,31,,,0
190017019,'1179306',1900,,2871,31,,,0
190017019,'1179327',1500,,2873,31,,,0
190017019,'1179385',800,,2876,31,,,0
190017019,'1179401',2000,,2877,31,,,0
190017019,'1179427',1300,,2878,31,,,0
190017019,'1179455',1400,,2879,31,,,0
190017019,'1179519',1800,,2881,31,,,0
190017019,'1179529',2300,,2882,31,0,8 21,0
190017019,'1179533',730,,2883,31,,,0
190017019,'1179573',1200,,2885,31,,,0
190017019,'1179579',1100,,2886,31,,,0
190017019,'1179599',2100,,2887,31,,,0
190017019,'1179610',2000,,2888,31,,,0
190017019,'1179621',900,,2889,31,,,0
190017019,'1179625',1400,,2890,31,,,0
190017019,'1179626',1630,,2891,31,,,0
190017019,'1179631',1800,,2892,31,,,0
190017019,'1179667',800,,2893,31,,,0
190017019,'1179680',1600,,2894,31,,,0
190017019,'1179683',900,,2895,31,,,0
190017019,'1179686',1500,,2896,31,,,0
190017019,'1179699',1000,,2897,31,,,0
190017019,'1179710',1700,,2898,31,,,0
