140029,'1178990',1456,,2339,30,,,0
140029,'1179039',1156,,2340,30,,,0
140029,'1179106',1056,,2341,30,,,0
140029,'1179281',1356,,2342,30,,,0
140029,'1179335',1656,,2343,30,,,0
140029,'1179461',1809,,2344,30,,,0
140029,'1179478',1556,,2345,30,,,0
140029,'1179522',1256,,2346,30,,,0
140029,'1179651',956,,2347,30,,,0
140010019,'1178921',1524,,2523,45,,,0
140010019,'1178922',1024,,2524,46,,,0
140010019,'1178936',754,,2525,44,,,0
140010019,'1178979',1124,,2527,46,,,0
140010019,'1179012',824,,2528,45,,,0
140010019,'1179037',2024,,2529,44,,,0
140010019,'1179103',1624,,2530,45,,,0
140010019,'1179131',1224,,2532,45,,,0
140010019,'1179140',2224,,2533,44,,,0
140010019,'1179157',724,,2535,44,,,0
140010019,'1179167',1124,,2536,45,,,0
140010019,'1179178',1824,,2537,45,,,0
140010019,'1179180',2224,,2538,45,,,0
140010019,'1179188',1524,,2539,46,,,0
140010019,'1179217',2024,,2540,45,,,0
140010019,'1179251',1654,,2542,44,,,0
140010019,'1179253',854,,2543,44,,,0
140010019,'1179268',1754,,2544,44,,,0
140010019,'1179270',1724,,2545,45,,,0
140010019,'1179302',724,,2546,12,,,0
140010019,'1179336',924,,2547,44,,,0
140010019,'1179347',824,,2548,44,,,0
140010019,'1179361',2124,,2549,44,,,0
140010019,'1179396',2124,,2550,45,,,0
140010019,'1179415',1224,,2552,46,,,0
140010019,'1179445',1424,,2553,45,,,0
140010019,'1179452',1824,,2554,44,,,0
140010019,'1179453',1424,,2555,46,,,0
140010019,'1179479',1324,,2556,45,,,0
140010019,'1179494',1724,,2558,44,,,0
140010019,'1179496',1624,,2559,44,,,0
140010019,'1179544',1924,,2561,44,,,0
140010019,'1179613',1924,,2563,45,,,0
140010019,'1179620',924,,2564,45,,,0
140010019,'1179659',1324,,2566,46,,,0
140010019,'1179692',1024,,2567,45,,,0
