130019,'1179053',1727,,2312,8,,,0
130019,'1179067',1327,,2313,8,,,0
130019,'1179069',1027,,2314,8,,,0
130019,'1179093',1127,,2315,8,,,0
130019,'1179108',1227,,2316,8,,,0
130019,'1179294',1527,,2317,8,,,0
130019,'1179386',1627,,2318,8,,,0
130019,'1179541',927,,2319,8,,,0
130019,'1179675',1427,,2320,8,,,0
140012019,'1178913',1151,,2568,8,,,0
140012019,'1178923',1151,,2569,8,,,0
140012019,'1178934',951,,2570,8,,,0
140012019,'1178935',751,,2571,8,,,0
140012019,'1178953',851,,2572,8,,,0
140012019,'1178981',651,,2573,8,,,0
140012019,'1178986',1421,,2574,8,,,0
140012019,'1179006',1321,,2575,8,,,0
140012019,'1179011',721,,2576,8,,,0
140012019,'1179015',1851,,2577,8,,,0
140012019,'1179046',851,,2578,8,,,0
140012019,'1179102',1551,,2579,8,,,0
140012019,'1179154',1351,,2580,8,,,0
140012019,'1179183',1951,,2581,8,,,0
140012019,'1179185',921,,2582,8,,,0
140012019,'1179216',2251,,2583,8,0,8 21,0
140012019,'1179230',951,,2584,8,,,0
140012019,'1179233',1551,,2585,8,,,0
140012019,'1179236',751,,2586,8,,,0
140012019,'1179238',1451,,2587,8,,,0
140012019,'1179244',2051,,2588,8,,,0
140012019,'1179245',1851,,2589,8,,,0
140012019,'1179255',1821,,2591,8,0,8 21,0
140012019,'1179261',1051,,2592,8,,,0
140012019,'1179316',1951,,2593,8,,,0
140012019,'1179325',821,,2594,8,,,0
140012019,'1179348',1251,,2595,8,,,0
140012019,'1179359',1721,,2596,8,,,0
140012019,'1179372',2151,,2597,8,,,0
140012019,'1179387',1251,,2598,8,,,0
140012019,'1179399',1121,,2599,8,,,0
140012019,'1179425',2051,,2600,8,,,0
140012019,'1179444',1621,,2601,8,,,0
140012019,'1179495',1351,,2602,8,,,0
140012019,'1179499',1521,,2603,8,,,0
140012019,'1179510',1651,,2604,8,,,0
140012019,'1179511',2151,,2605,8,,,0
140012019,'1179526',1751,,2606,8,,,0
140012019,'1179556',1051,,2607,8,,,0
140012019,'1179567',1221,,2608,8,,,0
140012019,'1179578',2251,,2609,8,0,8 21,0
140012019,'1179644',1751,,2610,8,,,0
140012019,'1179693',1021,,2611,8,,,0
140012019,'1179704',1451,,2612,8,,,0
140012019,'1179715',1651,,2613,8,,,0
