120029,'1179032',1601,,2303,41,,,0
120029,'1179055',1401,,2304,41,,,0
120029,'1179056',1701,,2305,41,,,0
120029,'1179099',1814,,2306,41,,,0
120029,'1179153',1001,,2307,41,,,0
120029,'1179222',1501,,2308,41,,,0
120029,'1179429',1201,,2309,41,,,0
120029,'1179447',1101,,2310,41,,,0
120029,'1179575',1301,,2311,41,,,0
140012019,'1178913',1231,,2568,45,,,0
140012019,'1178923',1231,,2569,45,,,0
140012019,'1178934',1031,,2570,45,,,0
140012019,'1178935',831,,2571,45,,,0
140012019,'1178953',931,,2572,45,,,0
140012019,'1178981',731,,2573,45,,,0
140012019,'1178986',1501,,2574,45,,,0
140012019,'1179006',1401,,2575,45,,,0
140012019,'1179011',801,,2576,45,,,0
140012019,'1179015',1931,,2577,45,,,0
140012019,'1179046',931,,2578,45,,,0
140012019,'1179102',1631,,2579,45,,,0
140012019,'1179154',1431,,2580,45,,,0
140012019,'1179183',2031,,2581,45,,,0
140012019,'1179185',1001,,2582,45,,,0
140012019,'1179230',1031,,2584,45,,,0
140012019,'1179233',1631,,2585,45,,,0
140012019,'1179236',831,,2586,45,,,0
140012019,'1179238',1531,,2587,45,,,0
140012019,'1179244',2131,,2588,45,,,0
140012019,'1179245',1931,,2589,45,,,0
140012019,'1179250',731,,2590,23,,,0
140012019,'1179261',1131,,2592,45,,,0
140012019,'1179316',2031,,2593,45,,,0
140012019,'1179325',901,,2594,45,,,0
140012019,'1179348',1331,,2595,45,,,0
140012019,'1179359',1801,,2596,45,,,0
140012019,'1179372',2231,,2597,45,,,0
140012019,'1179387',1331,,2598,45,,,0
140012019,'1179399',1201,,2599,45,,,0
140012019,'1179425',2131,,2600,45,,,0
140012019,'1179444',1701,,2601,45,,,0
140012019,'1179495',1431,,2602,45,,,0
140012019,'1179499',1601,,2603,45,,,0
140012019,'1179510',1731,,2604,45,,,0
140012019,'1179511',2231,,2605,45,,,0
140012019,'1179526',1831,,2606,45,,,0
140012019,'1179556',1131,,2607,45,,,0
140012019,'1179567',1301,,2608,45,,,0
140012019,'1179644',1831,,2610,45,,,0
140012019,'1179693',1101,,2611,45,,,0
140012019,'1179704',1531,,2612,45,,,0
140012019,'1179715',1731,,2613,45,,,0
