130029,'1178925',1505,,2321,14,,,0
130029,'1178989',1405,,2322,14,,,0
130029,'1179023',1605,,2323,14,,,0
130029,'1179120',1705,,2324,14,,,0
130029,'1179168',1305,,2325,14,,,0
130029,'1179423',905,,2326,14,,,0
130029,'1179469',1205,,2327,14,,,0
130029,'1179639',1005,,2328,14,,,0
130029,'1179657',1105,,2329,14,,,0
190013019,'1178916',1656,,2757,46,,,0
190013019,'1178919',2026,,2758,46,,,0
190013019,'1178920',1156,,2759,46,,,0
190013019,'1178929',826,,2760,46,,,0
190013019,'1178930',1726,,2761,46,,,0
190013019,'1178972',2026,,2762,46,,,0
190013019,'1178983',1256,,2763,46,,,0
190013019,'1178994',2226,,2764,46,,,0
190013019,'1178997',1226,,2765,46,,,0
190013019,'1179048',1556,,2766,46,,,0
190013019,'1179062',1626,,2767,46,,,0
190013019,'1179074',1356,,2768,46,,,0
190013019,'1179087',1326,,2769,46,,,0
190013019,'1179104',1056,,2770,46,,,0
190013019,'1179187',926,,2772,46,,,0
190013019,'1179202',1126,,2773,46,,,0
190013019,'1179203',1026,,2774,46,,,0
190013019,'1179212',1526,,2775,46,,,0
190013019,'1179219',1326,,2776,46,,,0
190013019,'1179243',826,,2777,46,,,0
190013019,'1179287',2226,,2778,46,,,0
190013019,'1179292',1126,,2779,46,,,0
190013019,'1179300',756,,2780,46,,,0
190013019,'1179354',626,,2781,14,,,0
190013019,'1179373',1026,,2782,46,,,0
190013019,'1179380',1426,,2783,46,,,0
190013019,'1179402',1426,,2784,46,,,0
190013019,'1179411',1456,,2785,46,,,0
190013019,'1179457',1926,,2786,46,,,0
190013019,'1179504',726,,2787,46,,,0
190013019,'1179507',956,,2788,46,,,0
190013019,'1179509',1226,,2789,46,,,0
190013019,'1179516',1626,,2790,46,,,0
190013019,'1179531',2126,,2791,46,,,0
190013019,'1179537',926,,2792,46,,,0
190013019,'1179539',1826,,2793,46,,,0
190013019,'1179546',726,,2794,46,,,0
190013019,'1179553',1926,,2795,46,,,0
190013019,'1179581',656,,2796,14,,,0
190013019,'1179591',1726,,2797,46,,,0
190013019,'1179611',1756,,2798,46,,,0
190013019,'1179635',1526,,2799,46,,,0
190013019,'1179694',856,,2800,46,,,0
190013019,'1179701',2126,,2801,46,,,0
190013019,'1179717',1826,,2802,46,,,0
