130029,'1178925',1509,,2321,22,,,0
130029,'1178989',1409,,2322,22,,,0
130029,'1179023',1609,,2323,22,,,0
130029,'1179120',1709,,2324,22,,,0
130029,'1179168',1309,,2325,22,,,0
130029,'1179423',909,,2326,22,,,0
130029,'1179469',1209,,2327,22,,,0
130029,'1179639',1009,,2328,22,,,0
130029,'1179657',1109,,2329,22,,,0
150029,'1178980',1127,,2357,33,,,0
150029,'1179059',927,,2358,33,,,0
150029,'1179210',1327,,2359,33,,,0
150029,'1179274',1727,,2360,33,,,0
150029,'1179311',1027,,2361,33,,,0
150029,'1179362',1627,,2362,33,,,0
150029,'1179450',1427,,2363,33,,,0
150029,'1179616',1227,,2364,33,,,0
150029,'1179674',1527,,2365,33,,,0
300019,'1178915',1007,,2440,16,0,23 24 2 25,0
300019,'1178996',1837,,2447,16,0,23 24 2 25,0
300019,'1178999',737,,2448,16,0,23 24 2 25,0
300019,'1179042',807,,2453,16,0,23 24 2 25,0
300019,'1179065',1137,,2456,16,0,23 24 2 25,0
300019,'1179094',737,,2458,15,0,23 24 2 25,0
300019,'1179132',1237,,2464,16,0,23 24 2 25,0
300019,'1179142',1537,,2465,16,0,23 24 2 25,0
300019,'1179211',1737,,2467,16,0,23 24 2 25,0
300019,'1179220',1037,,2468,16,0,23 24 2 25,0
300019,'1179258',1837,,2470,16,0,23 24 2 25,0
300019,'1179264',1337,,2471,16,0,23 24 2 25,0
300019,'1179288',1737,,2473,16,0,23 24 2 25,0
300019,'1179349',1537,,2478,16,0,23 24 2 25,0
300019,'1179356',1637,,2480,16,0,23 24 2 25,0
300019,'1179360',2137,,2481,16,0,23 24 2 25,0
300019,'1179405',1237,,2486,16,0,23 24 2 25,0
300019,'1179406',1037,,2487,16,0,23 24 2 25,0
300019,'1179409',1607,,2488,16,0,23 24 2 25,0
300019,'1179420',1337,,2489,16,0,23 24 2 25,0
300019,'1179454',1437,,2492,16,0,23 24 2 25,0
300019,'1179463',937,,2493,16,0,23 24 2 25,0
300019,'1179467',837,,2494,16,0,23 24 2 25,0
300019,'1179470',1137,,2495,16,0,23 24 2 25,0
300019,'1179502',2037,,2498,16,0,23 24 2 25,0
300019,'1179527',1937,,2500,16,0,23 24 2 25,0
300019,'1179532',837,,2501,16,0,23 24 2 25,0
300019,'1179554',2137,,2504,16,0,23 24 2 25,0
300019,'1179570',1637,,2507,16,0,23 24 2 25,0
300019,'1179580',1937,,2508,16,0,23 24 2 25,0
300019,'1179597',907,,2511,16,0,23 24 2 25,0
300019,'1179607',707,,2512,15,0,23 24 2 25,0
300019,'1179614',1437,,2513,16,0,23 24 2 25,0
300019,'1179617',1807,,2514,16,0,23 24 2 25,0
300019,'1179624',1707,,2516,16,0,23 24 2 25,0
300019,'1179643',2037,,2518,16,0,23 24 2 25,0
300019,'1179713',937,,2521,16,0,23 24 2 25,0
140014019,'1178954',1550,,2614,9,,,0
140014019,'1178955',1120,,2615,9,,,0
140014019,'1178974',950,,2616,9,,,0
140014019,'1179007',1750,,2617,9,,,0
140014019,'1179027',1450,,2618,9,,,0
140014019,'1179052',750,,2619,9,,,0
140014019,'1179079',720,,2620,9,,,0
140014019,'1179080',1450,,2621,9,,,0
140014019,'1179082',820,,2622,9,,,0
140014019,'1179084',650,,2623,9,,,0
140014019,'1179111',2150,,2624,9,,,0
140014019,'1179143',750,,2625,9,,,0
140014019,'1179200',1220,,2626,9,,,0
140014019,'1179207',1720,,2627,9,,,0
140014019,'1179221',1350,,2628,9,,,0
140014019,'1179271',1150,,2629,9,,,0
140014019,'1179298',1650,,2630,9,,,0
140014019,'1179320',1420,,2631,9,,,0
140014019,'1179323',950,,2632,9,,,0
140014019,'1179350',850,,2634,9,,,0
140014019,'1179353',1750,,2635,9,,,0
140014019,'1179366',1950,,2636,9,,,0
140014019,'1179392',1550,,2637,9,,,0
140014019,'1179403',1850,,2638,9,,,0
140014019,'1179433',1350,,2640,9,,,0
140014019,'1179443',920,,2641,9,,,0
140014019,'1179446',1150,,2642,9,,,0
140014019,'1179449',1020,,2643,9,,,0
140014019,'1179493',1050,,2644,9,,,0
140014019,'1179524',1650,,2646,9,,,0
140014019,'1179535',1320,,2647,9,,,0
140014019,'1179547',1250,,2648,9,,,0
140014019,'1179557',1820,,2650,9,0,8 21,0
140014019,'1179561',1520,,2651,9,,,0
140014019,'1179577',1250,,2652,9,,,0
140014019,'1179598',2050,,2653,9,,,0
140014019,'1179600',2150,,2654,9,,,0
140014019,'1179608',1850,,2655,9,,,0
140014019,'1179636',1620,,2656,9,,,0
140014019,'1179638',850,,2657,9,,,0
140014019,'1179648',1950,,2658,9,,,0
140014019,'1179654',2050,,2659,9,,,0
140014019,'1179662',1050,,2660,9,,,0
190013019,'1178916',1700,,2757,54,,,0
190013019,'1178919',2030,,2758,54,,,0
190013019,'1178920',1200,,2759,54,,,0
190013019,'1178929',830,,2760,54,,,0
190013019,'1178930',1730,,2761,54,,,0
190013019,'1178972',2030,,2762,54,,,0
190013019,'1178983',1300,,2763,54,,,0
190013019,'1178994',2230,,2764,54,,,0
190013019,'1178997',1230,,2765,54,,,0
190013019,'1179048',1600,,2766,54,,,0
190013019,'1179062',1630,,2767,54,,,0
190013019,'1179074',1400,,2768,54,,,0
190013019,'1179087',1330,,2769,54,,,0
190013019,'1179104',1100,,2770,54,,,0
190013019,'1179187',930,,2772,54,,,0
190013019,'1179202',1130,,2773,54,,,0
190013019,'1179203',1030,,2774,54,,,0
190013019,'1179212',1530,,2775,54,,,0
190013019,'1179219',1330,,2776,54,,,0
190013019,'1179243',830,,2777,54,,,0
190013019,'1179287',2230,,2778,54,,,0
190013019,'1179292',1130,,2779,54,,,0
190013019,'1179300',800,,2780,54,,,0
190013019,'1179354',630,,2781,22,,,0
190013019,'1179373',1030,,2782,54,,,0
190013019,'1179380',1430,,2783,54,,,0
190013019,'1179402',1430,,2784,54,,,0
190013019,'1179411',1500,,2785,54,,,0
190013019,'1179457',1930,,2786,54,,,0
190013019,'1179504',730,,2787,54,,,0
190013019,'1179507',1000,,2788,54,,,0
190013019,'1179509',1230,,2789,54,,,0
190013019,'1179516',1630,,2790,54,,,0
190013019,'1179531',2130,,2791,54,,,0
190013019,'1179537',930,,2792,54,,,0
190013019,'1179539',1830,,2793,54,,,0
190013019,'1179546',730,,2794,54,,,0
190013019,'1179553',1930,,2795,54,,,0
190013019,'1179581',700,,2796,22,,,0
190013019,'1179591',1730,,2797,54,,,0
190013019,'1179611',1800,,2798,54,,,0
190013019,'1179635',1530,,2799,54,,,0
190013019,'1179694',900,,2800,54,,,0
190013019,'1179701',2130,,2801,54,,,0
190013019,'1179717',1830,,2802,54,,,0
