120019,'1178966',1347,,2294,27,,,0
120019,'1178998',1547,,2295,27,,,0
120019,'1179031',1647,,2296,27,,,0
120019,'1179149',1447,,2297,27,,,0
120019,'1179182',1147,,2298,27,,,0
120019,'1179282',947,,2299,27,,,0
120019,'1179296',1800,,2300,27,,,0
120019,'1179596',1047,,2301,27,,,0
120019,'1179628',1247,,2302,27,,,0
140016019,'1178912',1722,,2661,28,,,0
140016019,'1178941',822,,2662,28,,,0
140016019,'1179051',2222,,2665,28,,,0
140016019,'1179063',722,,2666,8,,,0
140016019,'1179077',1752,,2667,28,,,0
140016019,'1179112',1922,,2668,28,,,0
140016019,'1179129',1222,,2669,28,,,0
140016019,'1179136',1522,,2670,28,,,0
140016019,'1179158',1322,,2671,28,,,0
140016019,'1179191',922,,2672,28,,,0
140016019,'1179213',1022,,2673,28,,,0
140016019,'1179234',1422,,2675,28,,,0
140016019,'1179256',852,,2677,28,,,0
140016019,'1179267',822,,2678,28,,,0
140016019,'1179284',1922,,2679,28,,,0
140016019,'1179299',2222,,2681,28,,,0
140016019,'1179304',1322,,2682,28,,,0
140016019,'1179312',1622,,2683,28,,,0
140016019,'1179318',1822,,2684,28,,,0
140016019,'1179330',2022,,2685,28,,,0
140016019,'1179333',1422,,2686,28,,,0
140016019,'1179357',1122,,2688,28,,,0
140016019,'1179371',1522,,2689,28,,,0
140016019,'1179389',1652,,2690,28,,,0
140016019,'1179416',1622,,2691,28,,,0
140016019,'1179464',2122,,2693,28,,,0
140016019,'1179475',922,,2694,28,,,0
140016019,'1179481',1722,,2695,28,,,0
140016019,'1179517',1552,,2697,28,,,0
140016019,'1179520',2022,,2698,28,,,0
140016019,'1179536',752,,2699,28,,,0
140016019,'1179538',722,,2700,28,,,0
140016019,'1179601',2122,,2703,28,,,0
140016019,'1179604',1122,,2704,28,,,0
140016019,'1179627',1222,,2705,28,,,0
140016019,'1179663',1022,,2706,28,,,0
140016019,'1179687',1822,,2708,28,,,0
