116019,'1178992',744,,2257,10,,,0
116019,'1178995',744,,2258,10,,,0
116019,'1179088',644,,2259,10,,,0
116019,'1179096',844,,2260,10,,,0
116019,'1179141',1444,,2261,10,,,0
116019,'1179172',1144,,2262,10,,,0
116019,'1179177',844,,2263,10,,,0
116019,'1179190',1614,,2264,10,,,0
116019,'1179215',1044,,2265,10,,,0
116019,'1179228',814,,2266,10,,,0
116019,'1179247',944,,2267,10,,,0
116019,'1179275',1544,,2268,10,,,0
116019,'1179278',1244,,2269,10,,,0
116019,'1179313',1744,,2270,10,,,0
116019,'1179314',2044,,2271,10,,,0
116019,'1179321',1144,,2272,10,,,0
116019,'1179339',714,,2273,10,,,0
116019,'1179343',1944,,2274,10,,,0
116019,'1179365',1644,,2275,10,,,0
116019,'1179381',1844,,2276,10,,,0
116019,'1179418',1644,,2277,10,,,0
116019,'1179432',1714,,2278,10,,,0
116019,'1179434',1944,,2279,10,,,0
116019,'1179439',1344,,2280,10,,,0
116019,'1179441',1444,,2281,10,,,0
116019,'1179476',1044,,2282,10,,,0
116019,'1179500',2144,,2283,10,,,0
116019,'1179515',914,,2284,10,,,0
116019,'1179584',1844,,2285,10,,,0
116019,'1179603',944,,2286,10,,,0
116019,'1179606',1814,,2287,10,,,0
116019,'1179615',1544,,2288,10,,,0
116019,'1179641',1244,,2289,10,,,0
116019,'1179653',1744,,2290,10,,,0
116019,'1179682',1344,,2291,10,,,0
116019,'1179696',2044,,2292,10,,,0
116019,'1179706',2144,,2293,10,,,0
160019,'1178943',1536,,2366,10,,,0
160019,'1178949',936,,2367,10,,,0
160019,'1178951',1336,,2368,10,,,0
160019,'1179047',1436,,2369,10,,,0
160019,'1179060',1736,,2370,10,,,0
160019,'1179205',1136,,2371,10,,,0
160019,'1179319',1236,,2372,10,,,0
160019,'1179451',1636,,2373,10,,,0
160019,'1179697',1036,,2374,10,,,0
