140019,'1178969',1318,,2330,6,,,0
140019,'1178977',1518,,2331,6,,,0
140019,'1179164',1618,,2332,6,,,0
140019,'1179344',1418,,2333,6,,,0
140019,'1179352',918,,2334,6,,,0
140019,'1179462',1218,,2335,6,,,0
140019,'1179512',1118,,2336,6,,,0
140019,'1179518',1018,,2337,6,,,0
140019,'1179634',1718,,2338,6,,,0
190011019,'1178950',718,,2710,6,,,0
190011019,'1178970',1848,,2711,6,,,0
190011019,'1179009',1818,,2712,6,0,8 21,0
190011019,'1179040',2048,,2713,6,,,0
190011019,'1179145',848,,2715,6,,,0
190011019,'1179159',1748,,2717,6,,,0
190011019,'1179162',2243,,2718,6,0,12,0
190011019,'1179163',748,,2719,6,,,0
190011019,'1179248',648,,2720,6,,,0
190011019,'1179252',1748,,2721,6,,,0
190011019,'1179276',1948,,2722,6,,,0
190011019,'1179307',648,,2723,6,,,0
190011019,'1179332',1048,,2725,6,,,0
190011019,'1179340',848,,2726,6,,,0
190011019,'1179367',1718,,2727,6,,,0
190011019,'1179394',2148,,2730,6,,,0
190011019,'1179412',2243,,2731,6,0,12,0
190011019,'1179413',1248,,2732,6,,,0
190011019,'1179424',2148,,2733,6,,,0
190011019,'1179426',1348,,2734,6,,,0
190011019,'1179430',1548,,2735,6,,,0
190011019,'1179437',1048,,2736,6,,,0
190011019,'1179438',1548,,2737,6,,,0
190011019,'1179442',1848,,2738,6,,,0
190011019,'1179477',748,,2739,6,,,0
190011019,'1179521',1348,,2740,6,,,0
190011019,'1179528',1148,,2741,6,,,0
190011019,'1179555',1948,,2743,6,,,0
190011019,'1179572',1148,,2744,6,,,0
190011019,'1179590',1448,,2745,6,,,0
190011019,'1179619',1648,,2746,6,,,0
190011019,'1179642',948,,2747,6,,,0
190011019,'1179650',1248,,2748,6,,,0
190011019,'1179666',818,,2750,6,,,0
190011019,'1179677',2048,,2752,6,,,0
190011019,'1179678',918,,2753,6,,,0
190011019,'1179688',1648,,2754,6,,,0
190011019,'1179700',1448,,2755,6,,,0
190011019,'1179709',948,,2756,6,,,0
