150019,'1178942',1743,,2348,11,,,0
150019,'1178956',1343,,2349,11,,,0
150019,'1178976',1643,,2350,11,,,0
150019,'1179117',1243,,2351,11,,,0
150019,'1179150',1543,,2352,11,,,0
150019,'1179341',943,,2353,11,,,0
150019,'1179473',1143,,2354,11,,,0
150019,'1179559',1443,,2355,11,,,0
150019,'1179673',1043,,2356,11,,,0
140014019,'1178954',1602,,2614,21,,,0
140014019,'1178955',1132,,2615,21,,,0
140014019,'1178974',1002,,2616,21,,,0
140014019,'1179007',1802,,2617,21,,,0
140014019,'1179027',1502,,2618,21,,,0
140014019,'1179052',802,,2619,21,,,0
140014019,'1179079',732,,2620,21,,,0
140014019,'1179080',1502,,2621,21,,,0
140014019,'1179082',832,,2622,21,,,0
140014019,'1179084',702,,2623,21,,,0
140014019,'1179111',2202,,2624,21,,,0
140014019,'1179143',802,,2625,21,,,0
140014019,'1179200',1232,,2626,21,,,0
140014019,'1179207',1732,,2627,21,,,0
140014019,'1179221',1402,,2628,21,,,0
140014019,'1179271',1202,,2629,21,,,0
140014019,'1179298',1702,,2630,21,,,0
140014019,'1179320',1432,,2631,21,,,0
140014019,'1179323',1002,,2632,21,,,0
140014019,'1179350',902,,2634,21,,,0
140014019,'1179353',1802,,2635,21,,,0
140014019,'1179366',2002,,2636,21,,,0
140014019,'1179392',1602,,2637,21,,,0
140014019,'1179403',1902,,2638,21,,,0
140014019,'1179433',1402,,2640,21,,,0
140014019,'1179443',932,,2641,21,,,0
140014019,'1179446',1202,,2642,21,,,0
140014019,'1179449',1032,,2643,21,,,0
140014019,'1179493',1102,,2644,21,,,0
140014019,'1179524',1702,,2646,21,,,0
140014019,'1179535',1332,,2647,21,,,0
140014019,'1179547',1302,,2648,21,,,0
140014019,'1179557',1832,,2650,21,0,8 21,0
140014019,'1179561',1532,,2651,21,,,0
140014019,'1179577',1302,,2652,21,,,0
140014019,'1179598',2102,,2653,21,,,0
140014019,'1179600',2202,,2654,21,,,0
140014019,'1179608',1902,,2655,21,,,0
140014019,'1179636',1632,,2656,21,,,0
140014019,'1179638',902,,2657,21,,,0
140014019,'1179648',2002,,2658,21,,,0
140014019,'1179654',2102,,2659,21,,,0
140014019,'1179662',1102,,2660,21,,,0
