110029,'1178926',1307,,2248,23,,,0
110029,'1179044',907,,2249,23,,,0
110029,'1179118',1107,,2250,23,,,0
110029,'1179173',1207,,2251,23,,,0
110029,'1179459',1707,,2252,23,,,0
110029,'1179534',1407,,2253,23,,,0
110029,'1179542',1607,,2254,23,,,0
110029,'1179690',1007,,2255,23,,,0
110029,'1179707',1507,,2256,23,,,0
190011019,'1178945',1600,,2709,23,,,0
190011019,'1178950',800,,2710,47,,,0
190011019,'1178970',1930,,2711,47,,,0
190011019,'1179040',2130,,2713,47,,,0
190011019,'1179064',1100,,2714,23,,,0
190011019,'1179145',930,,2715,47,,,0
190011019,'1179146',1200,,2716,23,,,0
190011019,'1179159',1830,,2717,47,,,0
190011019,'1179163',830,,2719,47,,,0
190011019,'1179248',730,,2720,47,,,0
190011019,'1179252',1830,,2721,47,,,0
190011019,'1179276',2030,,2722,47,,,0
190011019,'1179307',730,,2723,47,,,0
190011019,'1179317',1300,,2724,23,,,0
190011019,'1179332',1130,,2725,48,,,0
190011019,'1179340',930,,2726,47,,,0
190011019,'1179367',1800,,2727,47,,,0
190011019,'1179375',1500,,2728,23,,,0
190011019,'1179393',1700,,2729,23,,,0
190011019,'1179394',2230,,2730,47,,,0
190011019,'1179413',1330,,2732,48,,,0
190011019,'1179424',2230,,2733,47,,,0
190011019,'1179426',1430,,2734,48,,,0
190011019,'1179430',1630,,2735,48,,,0
190011019,'1179437',1130,,2736,48,,,0
190011019,'1179438',1630,,2737,48,,,0
190011019,'1179442',1930,,2738,47,,,0
190011019,'1179477',830,,2739,47,,,0
190011019,'1179521',1430,,2740,48,,,0
190011019,'1179528',1230,,2741,48,,,0
190011019,'1179530',700,,2742,23,,,0
190011019,'1179555',2030,,2743,47,,,0
190011019,'1179572',1230,,2744,48,,,0
190011019,'1179590',1530,,2745,48,,,0
190011019,'1179619',1730,,2746,47,,,0
190011019,'1179642',1030,,2747,47,,,0
190011019,'1179650',1330,,2748,48,,,0
190011019,'1179665',630,,2749,26,,,0
190011019,'1179666',900,,2750,47,,,0
190011019,'1179672',1400,,2751,23,,,0
190011019,'1179677',2130,,2752,47,,,0
190011019,'1179678',1000,,2753,47,,,0
190011019,'1179688',1730,,2754,47,,,0
190011019,'1179700',1530,,2755,48,,,0
190011019,'1179709',1030,,2756,47,,,0
