110029,'1178926',1303,,2248,14,,,0
110029,'1179044',903,,2249,14,,,0
110029,'1179118',1103,,2250,14,,,0
110029,'1179173',1203,,2251,14,,,0
110029,'1179459',1703,,2252,14,,,0
110029,'1179534',1403,,2253,14,,,0
110029,'1179542',1603,,2254,14,,,0
110029,'1179690',1003,,2255,14,,,0
110029,'1179707',1503,,2256,14,,,0
160029,'1178957',908,,2375,24,,,0
160029,'1179098',1408,,2376,24,,,0
160029,'1179137',1608,,2377,24,,,0
160029,'1179301',1208,,2378,24,,,0
160029,'1179398',1308,,2379,24,,,0
160029,'1179410',1708,,2380,24,,,0
160029,'1179543',1108,,2381,24,,,0
160029,'1179558',1008,,2382,24,,,0
160029,'1179623',1508,,2383,24,,,0
216019,'1178924',800,,2403,26,,,0
216019,'1178948',630,,2404,26,,,0
216019,'1178963',2130,,2405,26,,,0
216019,'1178968',1230,,2406,26,,,0
216019,'1179019',1800,,2407,26,,,0
216019,'1179021',1600,,2408,26,,,0
216019,'1179029',1430,,2409,26,,,0
216019,'1179050',1530,,2410,26,,,0
216019,'1179070',1430,,2411,26,,,0
216019,'1179075',1830,,2412,26,,,0
216019,'1179116',733,,2413,27,,,0
216019,'1179123',1330,,2414,26,,,0
216019,'1179160',1733,,2415,27,,,0
216019,'1179179',2030,,2416,26,,,0
216019,'1179181',1130,,2417,26,,,0
216019,'1179199',930,,2418,26,,,0
216019,'1179206',1530,,2419,26,,,0
216019,'1179328',1030,,2420,26,,,0
216019,'1179338',1230,,2421,26,,,0
216019,'1179345',830,,2422,26,,,0
216019,'1179368',1703,,2423,27,,,0
216019,'1179369',1030,,2424,26,,,0
216019,'1179374',1633,,2425,27,,,0
216019,'1179421',1830,,2426,26,,,0
216019,'1179431',1130,,2427,26,,,0
216019,'1179458',1930,,2428,26,,,0
216019,'1179488',730,,2429,26,,,0
216019,'1179523',1330,,2430,26,,,0
216019,'1179574',2030,,2431,26,,,0
216019,'1179582',1930,,2432,26,,,0
216019,'1179605',900,,2433,26,,,0
216019,'1179647',1730,,2434,26,,,0
216019,'1179669',830,,2435,26,,,0
216019,'1179695',2130,,2436,26,,,0
216019,'1179712',703,,2437,27,,,0
216019,'1179714',930,,2438,26,,,0
216019,'1179719',1630,,2439,26,,,0
190011019,'1178945',1554,,2709,14,,,0
190011019,'1178950',754,,2710,38,,,0
190011019,'1178970',1924,,2711,38,,,0
190011019,'1179040',2124,,2713,38,,,0
190011019,'1179064',1054,,2714,14,,,0
190011019,'1179145',924,,2715,38,,,0
190011019,'1179146',1154,,2716,14,,,0
190011019,'1179159',1824,,2717,38,,,0
190011019,'1179163',824,,2719,38,,,0
190011019,'1179248',724,,2720,38,,,0
190011019,'1179252',1824,,2721,38,,,0
190011019,'1179276',2024,,2722,38,,,0
190011019,'1179307',724,,2723,38,,,0
190011019,'1179317',1254,,2724,14,,,0
190011019,'1179332',1124,,2725,39,,,0
190011019,'1179340',924,,2726,38,,,0
190011019,'1179367',1754,,2727,38,,,0
190011019,'1179375',1454,,2728,14,,,0
190011019,'1179393',1654,,2729,14,,,0
190011019,'1179394',2224,,2730,38,,,0
190011019,'1179413',1324,,2732,39,,,0
190011019,'1179424',2224,,2733,38,,,0
190011019,'1179426',1424,,2734,39,,,0
190011019,'1179430',1624,,2735,39,,,0
190011019,'1179437',1124,,2736,39,,,0
190011019,'1179438',1624,,2737,39,,,0
190011019,'1179442',1924,,2738,38,,,0
190011019,'1179477',824,,2739,38,,,0
190011019,'1179521',1424,,2740,39,,,0
190011019,'1179528',1224,,2741,39,,,0
190011019,'1179530',654,,2742,14,,,0
190011019,'1179555',2024,,2743,38,,,0
190011019,'1179572',1224,,2744,39,,,0
190011019,'1179590',1524,,2745,39,,,0
190011019,'1179619',1724,,2746,38,,,0
190011019,'1179642',1024,,2747,38,,,0
190011019,'1179650',1324,,2748,39,,,0
190011019,'1179665',624,,2749,17,,,0
190011019,'1179666',854,,2750,38,,,0
190011019,'1179672',1354,,2751,14,,,0
190011019,'1179677',2124,,2752,38,,,0
190011019,'1179678',954,,2753,38,,,0
190011019,'1179688',1724,,2754,38,,,0
190011019,'1179700',1524,,2755,39,,,0
190011019,'1179709',1024,,2756,38,,,0
