110029,'1178926',1321,,2248,32,,,0
110029,'1179044',921,,2249,32,,,0
110029,'1179118',1121,,2250,32,,,0
110029,'1179173',1221,,2251,32,,,0
110029,'1179459',1721,,2252,32,,,0
110029,'1179534',1421,,2253,32,,,0
110029,'1179542',1621,,2254,32,,,0
110029,'1179690',1021,,2255,32,,,0
110029,'1179707',1521,,2256,32,,,0
116019,'1178992',738,,2257,2,,,0
116019,'1178995',738,,2258,2,,,0
116019,'1179088',638,,2259,2,,,0
116019,'1179096',838,,2260,2,,,0
116019,'1179141',1438,,2261,2,,,0
116019,'1179172',1138,,2262,2,,,0
116019,'1179177',838,,2263,2,,,0
116019,'1179190',1608,,2264,2,,,0
116019,'1179215',1038,,2265,2,,,0
116019,'1179228',808,,2266,2,,,0
116019,'1179247',938,,2267,2,,,0
116019,'1179275',1538,,2268,2,,,0
116019,'1179278',1238,,2269,2,,,0
116019,'1179313',1738,,2270,2,,,0
116019,'1179314',2038,,2271,2,,,0
116019,'1179321',1138,,2272,2,,,0
116019,'1179339',708,,2273,2,,,0
116019,'1179343',1938,,2274,2,,,0
116019,'1179365',1638,,2275,2,,,0
116019,'1179381',1838,,2276,2,,,0
116019,'1179418',1638,,2277,2,,,0
116019,'1179432',1708,,2278,2,,,0
116019,'1179434',1938,,2279,2,,,0
116019,'1179439',1338,,2280,2,,,0
116019,'1179441',1438,,2281,2,,,0
116019,'1179476',1038,,2282,2,,,0
116019,'1179500',2138,,2283,2,,,0
116019,'1179515',908,,2284,2,,,0
116019,'1179584',1838,,2285,2,,,0
116019,'1179603',938,,2286,2,,,0
116019,'1179606',1808,,2287,2,,,0
116019,'1179615',1538,,2288,2,,,0
116019,'1179641',1238,,2289,2,,,0
116019,'1179653',1738,,2290,2,,,0
116019,'1179682',1338,,2291,2,,,0
116019,'1179696',2038,,2292,2,,,0
116019,'1179706',2138,,2293,2,,,0
160019,'1178943',1529,,2366,2,,,0
160019,'1178949',929,,2367,2,,,0
160019,'1178951',1329,,2368,2,,,0
160019,'1179047',1429,,2369,2,,,0
160019,'1179060',1729,,2370,2,,,0
160019,'1179205',1129,,2371,2,,,0
160019,'1179319',1229,,2372,2,,,0
160019,'1179451',1629,,2373,2,,,0
160019,'1179697',1029,,2374,2,,,0
200029,'1178971',1126,,2393,30,,,0
200029,'1179034',1726,,2394,30,,,0
200029,'1179043',1326,,2395,30,,,0
200029,'1179091',1526,,2396,30,,,0
200029,'1179144',926,,2397,20,,,0
200029,'1179198',1226,,2398,30,,,0
200029,'1179283',1426,,2400,30,,,0
200029,'1179383',1626,,2401,30,,,0
200029,'1179689',1026,,2402,30,,,0
140010019,'1178914',1109,,2522,2,0,8 21,0
140010019,'1178921',1439,,2523,2,,,0
140010019,'1178922',939,,2524,2,,,0
140010019,'1178936',709,,2525,2,,,0
140010019,'1178946',2239,,2526,2,0,8 21,0
140010019,'1178979',1039,,2527,2,,,0
140010019,'1179012',739,,2528,2,,,0
140010019,'1179037',1939,,2529,2,,,0
140010019,'1179103',1539,,2530,2,,,0
140010019,'1179122',1309,,2531,2,0,8 21,0
140010019,'1179131',1139,,2532,2,,,0
140010019,'1179140',2139,,2533,2,,,0
140010019,'1179147',909,,2534,2,0,8 21,0
140010019,'1179157',639,,2535,2,,,0
140010019,'1179167',1039,,2536,2,,,0
140010019,'1179178',1739,,2537,2,,,0
140010019,'1179180',2139,,2538,2,,,0
140010019,'1179188',1439,,2539,2,,,0
140010019,'1179217',1939,,2540,2,,,0
140010019,'1179232',1509,,2541,2,0,8 21,0
140010019,'1179251',1609,,2542,2,,,0
140010019,'1179253',809,,2543,2,,,0
140010019,'1179268',1709,,2544,2,,,0
140010019,'1179270',1639,,2545,2,,,0
140010019,'1179336',839,,2547,2,,,0
140010019,'1179347',739,,2548,2,,,0
140010019,'1179361',2039,,2549,2,,,0
140010019,'1179396',2039,,2550,2,,,0
140010019,'1179408',2239,,2551,2,0,8 21,0
140010019,'1179415',1139,,2552,2,,,0
140010019,'1179445',1339,,2553,2,,,0
140010019,'1179452',1739,,2554,2,,,0
140010019,'1179453',1339,,2555,2,,,0
140010019,'1179479',1239,,2556,2,,,0
140010019,'1179483',1209,,2557,2,0,8 21,0
140010019,'1179494',1639,,2558,2,,,0
140010019,'1179496',1539,,2559,2,,,0
140010019,'1179498',1409,,2560,2,0,8 21,0
140010019,'1179544',1839,,2561,2,,,0
140010019,'1179548',1009,,2562,2,0,8 21,0
140010019,'1179613',1839,,2563,2,,,0
140010019,'1179620',839,,2564,2,,,0
140010019,'1179629',1809,,2565,2,0,8 21,0
140010019,'1179659',1239,,2566,2,,,0
140010019,'1179692',939,,2567,2,,,0
