120029,'1179032',1557,,2303,37,,,0
120029,'1179055',1357,,2304,37,,,0
120029,'1179056',1657,,2305,37,,,0
120029,'1179099',1810,,2306,37,,,0
120029,'1179153',957,,2307,37,,,0
120029,'1179222',1457,,2308,37,,,0
120029,'1179429',1157,,2309,37,,,0
120029,'1179447',1057,,2310,37,,,0
120029,'1179575',1257,,2311,37,,,0
140012019,'1178913',1227,,2568,41,,,0
140012019,'1178923',1227,,2569,41,,,0
140012019,'1178934',1027,,2570,41,,,0
140012019,'1178935',827,,2571,41,,,0
140012019,'1178953',927,,2572,41,,,0
140012019,'1178981',727,,2573,41,,,0
140012019,'1178986',1457,,2574,41,,,0
140012019,'1179006',1357,,2575,41,,,0
140012019,'1179011',757,,2576,41,,,0
140012019,'1179015',1927,,2577,41,,,0
140012019,'1179046',927,,2578,41,,,0
140012019,'1179102',1627,,2579,41,,,0
140012019,'1179154',1427,,2580,41,,,0
140012019,'1179183',2027,,2581,41,,,0
140012019,'1179185',957,,2582,41,,,0
140012019,'1179230',1027,,2584,41,,,0
140012019,'1179233',1627,,2585,41,,,0
140012019,'1179236',827,,2586,41,,,0
140012019,'1179238',1527,,2587,41,,,0
140012019,'1179244',2127,,2588,41,,,0
140012019,'1179245',1927,,2589,41,,,0
140012019,'1179250',727,,2590,19,,,0
140012019,'1179261',1127,,2592,41,,,0
140012019,'1179316',2027,,2593,41,,,0
140012019,'1179325',857,,2594,41,,,0
140012019,'1179348',1327,,2595,41,,,0
140012019,'1179359',1757,,2596,41,,,0
140012019,'1179372',2227,,2597,41,,,0
140012019,'1179387',1327,,2598,41,,,0
140012019,'1179399',1157,,2599,41,,,0
140012019,'1179425',2127,,2600,41,,,0
140012019,'1179444',1657,,2601,41,,,0
140012019,'1179495',1427,,2602,41,,,0
140012019,'1179499',1557,,2603,41,,,0
140012019,'1179510',1727,,2604,41,,,0
140012019,'1179511',2227,,2605,41,,,0
140012019,'1179526',1827,,2606,41,,,0
140012019,'1179556',1127,,2607,41,,,0
140012019,'1179567',1257,,2608,41,,,0
140012019,'1179644',1827,,2610,41,,,0
140012019,'1179693',1057,,2611,41,,,0
140012019,'1179704',1527,,2612,41,,,0
140012019,'1179715',1727,,2613,41,,,0
