140019,'1178969',1318,,2330,5,,,0
140019,'1178977',1518,,2331,5,,,0
140019,'1179164',1618,,2332,5,,,0
140019,'1179344',1418,,2333,5,,,0
140019,'1179352',918,,2334,5,,,0
140019,'1179462',1218,,2335,5,,,0
140019,'1179512',1118,,2336,5,,,0
140019,'1179518',1018,,2337,5,,,0
140019,'1179634',1718,,2338,5,,,0
190011019,'1178950',718,,2710,5,,,0
190011019,'1178970',1848,,2711,5,,,0
190011019,'1179009',1818,,2712,5,0,8 21,0
190011019,'1179040',2048,,2713,5,,,0
190011019,'1179145',848,,2715,5,,,0
190011019,'1179159',1748,,2717,5,,,0
190011019,'1179162',2243,,2718,5,0,12,0
190011019,'1179163',748,,2719,5,,,0
190011019,'1179248',648,,2720,5,,,0
190011019,'1179252',1748,,2721,5,,,0
190011019,'1179276',1948,,2722,5,,,0
190011019,'1179307',648,,2723,5,,,0
190011019,'1179332',1048,,2725,5,,,0
190011019,'1179340',848,,2726,5,,,0
190011019,'1179367',1718,,2727,5,,,0
190011019,'1179394',2148,,2730,5,,,0
190011019,'1179412',2243,,2731,5,0,12,0
190011019,'1179413',1248,,2732,5,,,0
190011019,'1179424',2148,,2733,5,,,0
190011019,'1179426',1348,,2734,5,,,0
190011019,'1179430',1548,,2735,5,,,0
190011019,'1179437',1048,,2736,5,,,0
190011019,'1179438',1548,,2737,5,,,0
190011019,'1179442',1848,,2738,5,,,0
190011019,'1179477',748,,2739,5,,,0
190011019,'1179521',1348,,2740,5,,,0
190011019,'1179528',1148,,2741,5,,,0
190011019,'1179555',1948,,2743,5,,,0
190011019,'1179572',1148,,2744,5,,,0
190011019,'1179590',1448,,2745,5,,,0
190011019,'1179619',1648,,2746,5,,,0
190011019,'1179642',948,,2747,5,,,0
190011019,'1179650',1248,,2748,5,,,0
190011019,'1179666',818,,2750,5,,,0
190011019,'1179677',2048,,2752,5,,,0
190011019,'1179678',918,,2753,5,,,0
190011019,'1179688',1648,,2754,5,,,0
190011019,'1179700',1448,,2755,5,,,0
190011019,'1179709',948,,2756,5,,,0
