120019,'1178966',1346,,2294,25,,,0
120019,'1178998',1546,,2295,25,,,0
120019,'1179031',1646,,2296,25,,,0
120019,'1179149',1446,,2297,25,,,0
120019,'1179182',1146,,2298,25,,,0
120019,'1179282',946,,2299,25,,,0
120019,'1179296',1759,,2300,25,,,0
120019,'1179596',1046,,2301,25,,,0
120019,'1179628',1246,,2302,25,,,0
140019,'1178969',1344,,2330,29,,,0
140019,'1178977',1544,,2331,29,,,0
140019,'1179164',1644,,2332,29,,,0
140019,'1179344',1444,,2333,29,,,0
140019,'1179352',944,,2334,29,,,0
140019,'1179462',1244,,2335,29,,,0
140019,'1179512',1144,,2336,29,,,0
140019,'1179518',1044,,2337,29,,,0
140019,'1179634',1757,,2338,29,,,0
200019,'1179038',1509,,2384,24,,,0
200019,'1179081',1709,,2385,24,,,0
200019,'1179174',1009,,2386,24,,,0
200019,'1179259',1209,,2387,24,,,0
200019,'1179289',1609,,2388,24,,,0
200019,'1179460',1801,,2389,24,,,0
200019,'1179585',1109,,2390,24,,,0
200019,'1179594',1409,,2391,24,,,0
200019,'1179655',1309,,2392,24,,,0
140016019,'1178912',1720,,2661,26,,,0
140016019,'1178941',820,,2662,26,,,0
140016019,'1179051',2220,,2665,26,,,0
140016019,'1179063',720,,2666,6,,,0
140016019,'1179077',1750,,2667,26,,,0
140016019,'1179112',1920,,2668,26,,,0
140016019,'1179129',1220,,2669,26,,,0
140016019,'1179136',1520,,2670,26,,,0
140016019,'1179158',1320,,2671,26,,,0
140016019,'1179191',920,,2672,26,,,0
140016019,'1179213',1020,,2673,26,,,0
140016019,'1179234',1420,,2675,26,,,0
140016019,'1179256',850,,2677,26,,,0
140016019,'1179267',820,,2678,26,,,0
140016019,'1179284',1920,,2679,26,,,0
140016019,'1179299',2220,,2681,26,,,0
140016019,'1179304',1320,,2682,26,,,0
140016019,'1179312',1620,,2683,26,,,0
140016019,'1179318',1820,,2684,26,,,0
140016019,'1179330',2020,,2685,26,,,0
140016019,'1179333',1420,,2686,26,,,0
140016019,'1179357',1120,,2688,26,,,0
140016019,'1179371',1520,,2689,26,,,0
140016019,'1179389',1650,,2690,26,,,0
140016019,'1179416',1620,,2691,26,,,0
140016019,'1179464',2120,,2693,26,,,0
140016019,'1179475',920,,2694,26,,,0
140016019,'1179481',1720,,2695,26,,,0
140016019,'1179517',1550,,2697,26,,,0
140016019,'1179520',2020,,2698,26,,,0
140016019,'1179536',750,,2699,26,,,0
140016019,'1179538',720,,2700,26,,,0
140016019,'1179601',2120,,2703,26,,,0
140016019,'1179604',1120,,2704,26,,,0
140016019,'1179627',1220,,2705,26,,,0
140016019,'1179663',1020,,2706,26,,,0
140016019,'1179687',1820,,2708,26,,,0
