140019,'1178969',1349,,2330,34,,,0
140019,'1178977',1549,,2331,34,,,0
140019,'1179164',1649,,2332,34,,,0
140019,'1179344',1449,,2333,34,,,0
140019,'1179352',949,,2334,34,,,0
140019,'1179462',1249,,2335,34,,,0
140019,'1179512',1149,,2336,34,,,0
140019,'1179518',1049,,2337,34,,,0
140019,'1179634',1802,,2338,34,,,0
140014019,'1178954',1632,,2614,41,,,0
140014019,'1178955',1202,,2615,41,,,0
140014019,'1178974',1032,,2616,41,,,0
140014019,'1179007',1830,,2617,41,,,0
140014019,'1179027',1532,,2618,41,,,0
140014019,'1179052',830,,2619,41,,,0
140014019,'1179079',802,,2620,41,,,0
140014019,'1179080',1530,,2621,41,,,0
140014019,'1179082',902,,2622,41,,,0
140014019,'1179084',732,,2623,41,,,0
140014019,'1179111',2232,,2624,41,,,0
140014019,'1179143',832,,2625,41,,,0
140014019,'1179200',1302,,2626,41,,,0
140014019,'1179207',1802,,2627,41,,,0
140014019,'1179221',1430,,2628,41,,,0
140014019,'1179271',1232,,2629,41,,,0
140014019,'1179298',1730,,2630,41,,,0
140014019,'1179320',1502,,2631,41,,,0
140014019,'1179323',1030,,2632,41,,,0
140014019,'1179337',630,,2633,13,,,0
140014019,'1179350',930,,2634,41,,,0
140014019,'1179353',1832,,2635,41,,,0
140014019,'1179366',2030,,2636,41,,,0
140014019,'1179392',1630,,2637,41,,,0
140014019,'1179403',1932,,2638,41,,,0
140014019,'1179417',730,,2639,20,,,0
140014019,'1179433',1432,,2640,41,,,0
140014019,'1179443',1002,,2641,41,,,0
140014019,'1179446',1230,,2642,41,,,0
140014019,'1179449',1102,,2643,41,,,0
140014019,'1179493',1132,,2644,41,,,0
140014019,'1179513',632,,2645,13,,,0
140014019,'1179524',1732,,2646,41,,,0
140014019,'1179535',1402,,2647,41,,,0
140014019,'1179547',1330,,2648,41,,,0
140014019,'1179550',702,,2649,20,,,0
140014019,'1179561',1602,,2651,41,,,0
140014019,'1179577',1332,,2652,41,,,0
140014019,'1179598',2132,,2653,41,,,0
140014019,'1179600',2230,,2654,41,,,0
140014019,'1179608',1930,,2655,41,,,0
140014019,'1179636',1702,,2656,41,,,0
140014019,'1179638',932,,2657,41,,,0
140014019,'1179648',2032,,2658,41,,,0
140014019,'1179654',2130,,2659,41,,,0
140014019,'1179662',1130,,2660,41,,,0
