110019,'1178947',939,,2239,14,,,0
110019,'1178964',1439,,2240,14,,,0
110019,'1178973',1739,,2241,14,,,0
110019,'1179028',1539,,2242,14,,,0
110019,'1179105',1639,,2243,14,,,0
110019,'1179114',1039,,2244,14,,,0
110019,'1179176',1239,,2245,14,,,0
110019,'1179184',1339,,2246,14,,,0
110019,'1179290',1139,,2247,14,,,0
140010019,'1178914',1120,,2522,16,0,8 21,0
140010019,'1178921',1450,,2523,16,,,0
140010019,'1178922',950,,2524,16,,,0
140010019,'1178936',720,,2525,16,,,0
140010019,'1178946',2250,,2526,16,0,8 21,0
140010019,'1178979',1050,,2527,16,,,0
140010019,'1179012',750,,2528,16,,,0
140010019,'1179037',1950,,2529,16,,,0
140010019,'1179103',1550,,2530,16,,,0
140010019,'1179122',1320,,2531,16,0,8 21,0
140010019,'1179131',1150,,2532,16,,,0
140010019,'1179140',2150,,2533,16,,,0
140010019,'1179147',920,,2534,16,0,8 21,0
140010019,'1179157',650,,2535,16,,,0
140010019,'1179167',1050,,2536,16,,,0
140010019,'1179178',1750,,2537,16,,,0
140010019,'1179180',2150,,2538,16,,,0
140010019,'1179188',1450,,2539,16,,,0
140010019,'1179217',1950,,2540,16,,,0
140010019,'1179232',1520,,2541,16,0,8 21,0
140010019,'1179251',1620,,2542,16,,,0
140010019,'1179253',820,,2543,16,,,0
140010019,'1179268',1720,,2544,16,,,0
140010019,'1179270',1650,,2545,16,,,0
140010019,'1179336',850,,2547,16,,,0
140010019,'1179347',750,,2548,16,,,0
140010019,'1179361',2050,,2549,16,,,0
140010019,'1179396',2050,,2550,16,,,0
140010019,'1179408',2250,,2551,16,0,8 21,0
140010019,'1179415',1150,,2552,16,,,0
140010019,'1179445',1350,,2553,16,,,0
140010019,'1179452',1750,,2554,16,,,0
140010019,'1179453',1350,,2555,16,,,0
140010019,'1179479',1250,,2556,16,,,0
140010019,'1179483',1220,,2557,16,0,8 21,0
140010019,'1179494',1650,,2558,16,,,0
140010019,'1179496',1550,,2559,16,,,0
140010019,'1179498',1420,,2560,16,0,8 21,0
140010019,'1179544',1850,,2561,16,,,0
140010019,'1179548',1020,,2562,16,0,8 21,0
140010019,'1179613',1850,,2563,16,,,0
140010019,'1179620',850,,2564,16,,,0
140010019,'1179629',1820,,2565,16,0,8 21,0
140010019,'1179659',1250,,2566,16,,,0
140010019,'1179692',950,,2567,16,,,0
