120019,'1178966',1402,,2294,49,,,0
120019,'1178998',1602,,2295,49,,,0
120019,'1179031',1702,,2296,49,,,0
120019,'1179149',1502,,2297,49,,,0
120019,'1179182',1202,,2298,49,,,0
120019,'1179282',1002,,2299,49,,,0
120019,'1179296',1815,,2300,49,,,0
120019,'1179596',1102,,2301,49,,,0
120019,'1179628',1302,,2302,49,,,0
140016019,'1178912',1736,,2661,50,,,0
140016019,'1178941',836,,2662,50,,,0
140016019,'1179005',636,,2663,7,,,0
140016019,'1179051',2236,,2665,50,,,0
140016019,'1179063',736,,2666,30,,,0
140016019,'1179077',1806,,2667,50,,,0
140016019,'1179112',1936,,2668,50,,,0
140016019,'1179129',1236,,2669,50,,,0
140016019,'1179136',1536,,2670,50,,,0
140016019,'1179158',1336,,2671,50,,,0
140016019,'1179191',936,,2672,50,,,0
140016019,'1179213',1036,,2673,50,,,0
140016019,'1179225',706,,2674,7,,,0
140016019,'1179234',1436,,2675,50,,,0
140016019,'1179256',906,,2677,50,,,0
140016019,'1179267',836,,2678,50,,,0
140016019,'1179284',1936,,2679,50,,,0
140016019,'1179286',609,,2680,7,,,0
140016019,'1179299',2236,,2681,50,,,0
140016019,'1179304',1336,,2682,50,,,0
140016019,'1179312',1636,,2683,50,,,0
140016019,'1179318',1836,,2684,50,,,0
140016019,'1179330',2036,,2685,50,,,0
140016019,'1179333',1436,,2686,50,,,0
140016019,'1179357',1136,,2688,50,,,0
140016019,'1179371',1536,,2689,50,,,0
140016019,'1179389',1706,,2690,50,,,0
140016019,'1179416',1636,,2691,50,,,0
140016019,'1179440',636,,2692,7,,,0
140016019,'1179464',2136,,2693,50,,,0
140016019,'1179475',936,,2694,50,,,0
140016019,'1179481',1736,,2695,50,,,0
140016019,'1179517',1606,,2697,50,,,0
140016019,'1179520',2036,,2698,50,,,0
140016019,'1179536',806,,2699,50,,,0
140016019,'1179538',736,,2700,50,,,0
140016019,'1179601',2136,,2703,50,,,0
140016019,'1179604',1136,,2704,50,,,0
140016019,'1179627',1236,,2705,50,,,0
140016019,'1179663',1036,,2706,50,,,0
140016019,'1179687',1836,,2708,50,,,0
