120019,'1178966',1333,,2294,17,,,0
120019,'1178998',1533,,2295,17,,,0
120019,'1179031',1633,,2296,17,,,0
120019,'1179149',1433,,2297,17,,,0
120019,'1179182',1133,,2298,17,,,0
120019,'1179282',933,,2299,17,,,0
120019,'1179296',1733,,2300,17,,,0
120019,'1179596',1033,,2301,17,,,0
120019,'1179628',1233,,2302,17,,,0
190013019,'1178916',1622,,2757,17,,,0
190013019,'1178919',1952,,2758,17,,,0
190013019,'1178920',1122,,2759,17,,,0
190013019,'1178929',752,,2760,17,,,0
190013019,'1178930',1652,,2761,17,,,0
190013019,'1178972',1952,,2762,17,,,0
190013019,'1178983',1222,,2763,17,,,0
190013019,'1178994',2152,,2764,17,,,0
190013019,'1178997',1152,,2765,17,,,0
190013019,'1179048',1522,,2766,17,,,0
190013019,'1179062',1552,,2767,17,,,0
190013019,'1179074',1322,,2768,17,,,0
190013019,'1179087',1252,,2769,17,,,0
190013019,'1179104',1022,,2770,17,,,0
190013019,'1179171',1822,,2771,17,0,8 21,0
190013019,'1179187',852,,2772,17,,,0
190013019,'1179202',1052,,2773,17,,,0
190013019,'1179203',952,,2774,17,,,0
190013019,'1179212',1452,,2775,17,,,0
190013019,'1179219',1252,,2776,17,,,0
190013019,'1179243',752,,2777,17,,,0
190013019,'1179287',2152,,2778,17,,,0
190013019,'1179292',1052,,2779,17,,,0
190013019,'1179300',722,,2780,17,,,0
190013019,'1179373',952,,2782,17,,,0
190013019,'1179380',1352,,2783,17,,,0
190013019,'1179402',1352,,2784,17,,,0
190013019,'1179411',1422,,2785,17,,,0
190013019,'1179457',1852,,2786,17,,,0
190013019,'1179504',652,,2787,17,,,0
190013019,'1179507',922,,2788,17,,,0
190013019,'1179509',1152,,2789,17,,,0
190013019,'1179516',1552,,2790,17,,,0
190013019,'1179531',2052,,2791,17,,,0
190013019,'1179537',852,,2792,17,,,0
190013019,'1179539',1752,,2793,17,,,0
190013019,'1179546',652,,2794,17,,,0
190013019,'1179553',1852,,2795,17,,,0
190013019,'1179591',1652,,2797,17,,,0
190013019,'1179611',1722,,2798,17,,,0
190013019,'1179635',1452,,2799,17,,,0
190013019,'1179694',822,,2800,17,,,0
190013019,'1179701',2052,,2801,17,,,0
190013019,'1179717',1752,,2802,17,,,0
