116019,'1178992',743,,2257,8,,,0
116019,'1178995',743,,2258,8,,,0
116019,'1179088',643,,2259,8,,,0
116019,'1179096',843,,2260,8,,,0
116019,'1179141',1443,,2261,8,,,0
116019,'1179172',1143,,2262,8,,,0
116019,'1179177',843,,2263,8,,,0
116019,'1179190',1613,,2264,8,,,0
116019,'1179215',1043,,2265,8,,,0
116019,'1179228',813,,2266,8,,,0
116019,'1179247',943,,2267,8,,,0
116019,'1179275',1543,,2268,8,,,0
116019,'1179278',1243,,2269,8,,,0
116019,'1179313',1743,,2270,8,,,0
116019,'1179314',2043,,2271,8,,,0
116019,'1179321',1143,,2272,8,,,0
116019,'1179339',713,,2273,8,,,0
116019,'1179343',1943,,2274,8,,,0
116019,'1179365',1643,,2275,8,,,0
116019,'1179381',1843,,2276,8,,,0
116019,'1179418',1643,,2277,8,,,0
116019,'1179432',1713,,2278,8,,,0
116019,'1179434',1943,,2279,8,,,0
116019,'1179439',1343,,2280,8,,,0
116019,'1179441',1443,,2281,8,,,0
116019,'1179476',1043,,2282,8,,,0
116019,'1179500',2143,,2283,8,,,0
116019,'1179515',913,,2284,8,,,0
116019,'1179584',1843,,2285,8,,,0
116019,'1179603',943,,2286,8,,,0
116019,'1179606',1813,,2287,8,,,0
116019,'1179615',1543,,2288,8,,,0
116019,'1179641',1243,,2289,8,,,0
116019,'1179653',1743,,2290,8,,,0
116019,'1179682',1343,,2291,8,,,0
116019,'1179696',2043,,2292,8,,,0
116019,'1179706',2143,,2293,8,,,0
160019,'1178943',1535,,2366,8,,,0
160019,'1178949',935,,2367,8,,,0
160019,'1178951',1335,,2368,8,,,0
160019,'1179047',1435,,2369,8,,,0
160019,'1179060',1735,,2370,8,,,0
160019,'1179205',1135,,2371,8,,,0
160019,'1179319',1235,,2372,8,,,0
160019,'1179451',1635,,2373,8,,,0
160019,'1179697',1035,,2374,8,,,0
