130019,'1179053',1723,,2312,3,,,0
130019,'1179067',1323,,2313,3,,,0
130019,'1179069',1023,,2314,3,,,0
130019,'1179093',1123,,2315,3,,,0
130019,'1179108',1223,,2316,3,,,0
130019,'1179294',1523,,2317,3,,,0
130019,'1179386',1623,,2318,3,,,0
130019,'1179541',923,,2319,3,,,0
130019,'1179675',1423,,2320,3,,,0
300019,'1178918',1151,,2441,6,0,23 24 2 26,0
300019,'1178931',751,,2442,6,0,23 24 2 26,0
300019,'1178939',1351,,2443,6,0,23 24 2 26,0
300019,'1178975',1451,,2445,6,0,23 24 2 26,0
300019,'1178982',1651,,2446,6,0,23 24 2 26,0
300019,'1179001',721,,2449,6,0,23 24 2 26,0
300019,'1179003',1951,,2450,6,0,23 24 2 26,0
300019,'1179008',2151,,2451,6,0,8 9 2 26,0
300019,'1179030',1851,,2452,6,0,23 24 2 26,0
300019,'1179058',1051,,2455,6,0,23 24 2 26,0
300019,'1179066',1751,,2457,6,0,23 24 2 26,0
300019,'1179109',1821,,2459,6,0,8 9 2 26,0
300019,'1179110',951,,2460,6,0,23 24 2 26,0
300019,'1179115',921,,2461,6,0,23 24 2 26,0
300019,'1179121',1751,,2462,6,0,23 24 2 26,0
300019,'1179125',1951,,2463,6,0,23 24 2 26,0
300019,'1179194',821,,2466,6,0,23 24 2 26,0
300019,'1179246',751,,2469,6,0,23 24 2 26,0
300019,'1179279',851,,2472,6,0,23 24 2 26,0
300019,'1179295',2051,,2474,6,0,23 24 2 26,0
300019,'1179331',1251,,2477,6,0,23 24 2 26,0
300019,'1179355',1151,,2479,6,0,23 24 2 26,0
300019,'1179379',2151,,2482,6,0,8 9 2 26,0
300019,'1179390',1451,,2483,6,0,23 24 2 26,0
300019,'1179397',1621,,2484,6,0,23 24 2 26,0
300019,'1179404',2051,,2485,6,0,23 24 2 26,0
300019,'1179435',1551,,2490,6,0,23 24 2 26,0
300019,'1179448',1351,,2491,6,0,23 24 2 26,0
300019,'1179484',1251,,2496,6,0,23 24 2 26,0
300019,'1179490',1051,,2497,6,0,23 24 2 26,0
300019,'1179508',951,,2499,6,0,23 24 2 26,0
300019,'1179549',851,,2502,6,0,23 24 2 26,0
300019,'1179566',1651,,2505,6,0,23 24 2 26,0
300019,'1179568',1851,,2506,6,0,23 24 2 26,0
300019,'1179593',1021,,2510,6,0,8 9 2 26,0
300019,'1179622',1721,,2515,6,0,23 24 2 26,0
300019,'1179649',1551,,2519,6,0,23 24 2 26,0
140012019,'1178913',1146,,2568,3,,,0
140012019,'1178923',1146,,2569,3,,,0
140012019,'1178934',946,,2570,3,,,0
140012019,'1178935',746,,2571,3,,,0
140012019,'1178953',846,,2572,3,,,0
140012019,'1178981',646,,2573,3,,,0
140012019,'1178986',1416,,2574,3,,,0
140012019,'1179006',1316,,2575,3,,,0
140012019,'1179011',716,,2576,3,,,0
140012019,'1179015',1846,,2577,3,,,0
140012019,'1179046',846,,2578,3,,,0
140012019,'1179102',1546,,2579,3,,,0
140012019,'1179154',1346,,2580,3,,,0
140012019,'1179183',1946,,2581,3,,,0
140012019,'1179185',916,,2582,3,,,0
140012019,'1179216',2246,,2583,3,0,8 21,0
140012019,'1179230',946,,2584,3,,,0
140012019,'1179233',1546,,2585,3,,,0
140012019,'1179236',746,,2586,3,,,0
140012019,'1179238',1446,,2587,3,,,0
140012019,'1179244',2046,,2588,3,,,0
140012019,'1179245',1846,,2589,3,,,0
140012019,'1179255',1816,,2591,3,0,8 21,0
140012019,'1179261',1046,,2592,3,,,0
140012019,'1179316',1946,,2593,3,,,0
140012019,'1179325',816,,2594,3,,,0
140012019,'1179348',1246,,2595,3,,,0
140012019,'1179359',1716,,2596,3,,,0
140012019,'1179372',2146,,2597,3,,,0
140012019,'1179387',1246,,2598,3,,,0
140012019,'1179399',1116,,2599,3,,,0
140012019,'1179425',2046,,2600,3,,,0
140012019,'1179444',1616,,2601,3,,,0
140012019,'1179495',1346,,2602,3,,,0
140012019,'1179499',1516,,2603,3,,,0
140012019,'1179510',1646,,2604,3,,,0
140012019,'1179511',2146,,2605,3,,,0
140012019,'1179526',1746,,2606,3,,,0
140012019,'1179556',1046,,2607,3,,,0
140012019,'1179567',1216,,2608,3,,,0
140012019,'1179578',2246,,2609,3,0,8 21,0
140012019,'1179644',1746,,2610,3,,,0
140012019,'1179693',1016,,2611,3,,,0
140012019,'1179704',1446,,2612,3,,,0
140012019,'1179715',1646,,2613,3,,,0
