140019,'1178969',1332,,2330,26,,,0
140019,'1178977',1532,,2331,26,,,0
140019,'1179164',1632,,2332,26,,,0
140019,'1179344',1432,,2333,26,,,0
140019,'1179352',932,,2334,26,,,0
140019,'1179462',1232,,2335,26,,,0
140019,'1179512',1132,,2336,26,,,0
140019,'1179518',1032,,2337,26,,,0
140019,'1179634',1732,,2338,26,,,0
190013019,'1178916',1630,,2757,30,,,0
190013019,'1178919',2000,,2758,30,,,0
190013019,'1178920',1130,,2759,30,,,0
190013019,'1178929',800,,2760,30,,,0
190013019,'1178930',1700,,2761,30,,,0
190013019,'1178972',2000,,2762,30,,,0
190013019,'1178983',1230,,2763,30,,,0
190013019,'1178994',2200,,2764,30,,,0
190013019,'1178997',1200,,2765,30,,,0
190013019,'1179048',1530,,2766,30,,,0
190013019,'1179062',1600,,2767,30,,,0
190013019,'1179074',1330,,2768,30,,,0
190013019,'1179087',1300,,2769,30,,,0
190013019,'1179104',1030,,2770,30,,,0
190013019,'1179171',1830,,2771,30,0,8 21,0
190013019,'1179187',900,,2772,30,,,0
190013019,'1179202',1100,,2773,30,,,0
190013019,'1179203',1000,,2774,30,,,0
190013019,'1179212',1500,,2775,30,,,0
190013019,'1179219',1300,,2776,30,,,0
190013019,'1179243',800,,2777,30,,,0
190013019,'1179287',2200,,2778,30,,,0
190013019,'1179292',1100,,2779,30,,,0
190013019,'1179300',730,,2780,30,,,0
190013019,'1179373',1000,,2782,30,,,0
190013019,'1179380',1400,,2783,30,,,0
190013019,'1179402',1400,,2784,30,,,0
190013019,'1179411',1430,,2785,30,,,0
190013019,'1179457',1900,,2786,30,,,0
190013019,'1179504',700,,2787,30,,,0
190013019,'1179507',930,,2788,30,,,0
190013019,'1179509',1200,,2789,30,,,0
190013019,'1179516',1600,,2790,30,,,0
190013019,'1179531',2100,,2791,30,,,0
190013019,'1179537',900,,2792,30,,,0
190013019,'1179539',1800,,2793,30,,,0
190013019,'1179546',700,,2794,30,,,0
190013019,'1179553',1900,,2795,30,,,0
190013019,'1179591',1700,,2797,30,,,0
190013019,'1179611',1730,,2798,30,,,0
190013019,'1179635',1500,,2799,30,,,0
190013019,'1179694',830,,2800,30,,,0
190013019,'1179701',2100,,2801,30,,,0
190013019,'1179717',1800,,2802,30,,,0
