116019,'1178992',747,,2257,15,,,0
116019,'1178995',747,,2258,15,,,0
116019,'1179088',647,,2259,15,,,0
116019,'1179096',847,,2260,15,,,0
116019,'1179141',1447,,2261,15,,,0
116019,'1179172',1147,,2262,15,,,0
116019,'1179177',847,,2263,15,,,0
116019,'1179190',1617,,2264,15,,,0
116019,'1179215',1047,,2265,15,,,0
116019,'1179228',817,,2266,15,,,0
116019,'1179247',947,,2267,15,,,0
116019,'1179275',1547,,2268,15,,,0
116019,'1179278',1247,,2269,15,,,0
116019,'1179313',1747,,2270,15,,,0
116019,'1179314',2047,,2271,15,,,0
116019,'1179321',1147,,2272,15,,,0
116019,'1179339',717,,2273,15,,,0
116019,'1179343',1947,,2274,15,,,0
116019,'1179365',1647,,2275,15,,,0
116019,'1179381',1847,,2276,15,,,0
116019,'1179418',1647,,2277,15,,,0
116019,'1179432',1717,,2278,15,,,0
116019,'1179434',1947,,2279,15,,,0
116019,'1179439',1347,,2280,15,,,0
116019,'1179441',1447,,2281,15,,,0
116019,'1179476',1047,,2282,15,,,0
116019,'1179500',2147,,2283,15,,,0
116019,'1179515',917,,2284,15,,,0
116019,'1179584',1847,,2285,15,,,0
116019,'1179603',947,,2286,15,,,0
116019,'1179606',1817,,2287,15,,,0
116019,'1179615',1547,,2288,15,,,0
116019,'1179641',1247,,2289,15,,,0
116019,'1179653',1747,,2290,15,,,0
116019,'1179682',1347,,2291,15,,,0
116019,'1179696',2047,,2292,15,,,0
116019,'1179706',2147,,2293,15,,,0
160019,'1178943',1539,,2366,15,,,0
160019,'1178949',939,,2367,15,,,0
160019,'1178951',1339,,2368,15,,,0
160019,'1179047',1439,,2369,15,,,0
160019,'1179060',1739,,2370,15,,,0
160019,'1179205',1139,,2371,15,,,0
160019,'1179319',1239,,2372,15,,,0
160019,'1179451',1639,,2373,15,,,0
160019,'1179697',1039,,2374,15,,,0
