120019,'1178966',1320,,2294,1,,,0
120019,'1178998',1520,,2295,1,,,0
120019,'1179031',1620,,2296,1,,,0
120019,'1179149',1420,,2297,1,,,0
120019,'1179182',1120,,2298,1,,,0
120019,'1179282',920,,2299,1,,,0
120019,'1179296',1720,,2300,1,,,0
120019,'1179596',1020,,2301,1,,,0
120019,'1179628',1220,,2302,1,,,0
120029,'1179032',1606,,2303,47,4,,0
120029,'1179055',1406,,2304,47,4,,0
120029,'1179056',1706,,2305,47,4,,0
120029,'1179099',1819,,2306,47,4,,0
120029,'1179153',1006,,2307,47,4,,0
120029,'1179222',1506,,2308,47,4,,0
120029,'1179429',1206,,2309,47,4,,0
120029,'1179447',1106,,2310,47,4,,0
120029,'1179575',1306,,2311,47,4,,0
140012019,'1178913',1236,,2568,53,4,,0
140012019,'1178923',1236,,2569,53,4,,0
140012019,'1178934',1036,,2570,53,4,,0
140012019,'1178935',836,,2571,53,4,,0
140012019,'1178953',936,,2572,53,4,,0
140012019,'1178981',736,,2573,53,4,,0
140012019,'1178986',1506,,2574,53,4,,0
140012019,'1179006',1406,,2575,53,4,,0
140012019,'1179011',806,,2576,53,4,,0
140012019,'1179015',1936,,2577,53,4,,0
140012019,'1179046',936,,2578,53,4,,0
140012019,'1179102',1636,,2579,53,4,,0
140012019,'1179154',1436,,2580,53,4,,0
140012019,'1179183',2036,,2581,53,4,,0
140012019,'1179185',1006,,2582,53,4,,0
140012019,'1179230',1036,,2584,53,4,,0
140012019,'1179233',1636,,2585,53,4,,0
140012019,'1179236',836,,2586,53,4,,0
140012019,'1179238',1536,,2587,53,4,,0
140012019,'1179244',2136,,2588,53,4,,0
140012019,'1179245',1936,,2589,53,4,,0
140012019,'1179250',736,,2590,31,4,,0
140012019,'1179261',1136,,2592,53,4,,0
140012019,'1179316',2036,,2593,53,4,,0
140012019,'1179325',906,,2594,53,4,,0
140012019,'1179348',1336,,2595,53,4,,0
140012019,'1179359',1806,,2596,53,4,,0
140012019,'1179372',2236,,2597,53,4,,0
140012019,'1179387',1336,,2598,53,4,,0
140012019,'1179399',1206,,2599,53,4,,0
140012019,'1179425',2136,,2600,53,4,,0
140012019,'1179444',1706,,2601,53,4,,0
140012019,'1179495',1436,,2602,53,4,,0
140012019,'1179499',1606,,2603,53,4,,0
140012019,'1179510',1736,,2604,53,4,,0
140012019,'1179511',2236,,2605,53,4,,0
140012019,'1179526',1836,,2606,53,4,,0
140012019,'1179556',1136,,2607,53,4,,0
140012019,'1179567',1306,,2608,53,4,,0
140012019,'1179644',1836,,2610,53,4,,0
140012019,'1179693',1106,,2611,53,4,,0
140012019,'1179704',1536,,2612,53,4,,0
140012019,'1179715',1736,,2613,53,4,,0
190013019,'1178916',1611,,2757,1,,,0
190013019,'1178919',1941,,2758,1,,,0
190013019,'1178920',1111,,2759,1,,,0
190013019,'1178929',741,,2760,1,,,0
190013019,'1178930',1641,,2761,1,,,0
190013019,'1178972',1941,,2762,1,,,0
190013019,'1178983',1211,,2763,1,,,0
190013019,'1178994',2141,,2764,1,,,0
190013019,'1178997',1141,,2765,1,,,0
190013019,'1179048',1511,,2766,1,,,0
190013019,'1179062',1541,,2767,1,,,0
190013019,'1179074',1311,,2768,1,,,0
190013019,'1179087',1241,,2769,1,,,0
190013019,'1179104',1011,,2770,1,,,0
190013019,'1179171',1811,,2771,1,0,8 21,0
190013019,'1179187',841,,2772,1,,,0
190013019,'1179202',1041,,2773,1,,,0
190013019,'1179203',941,,2774,1,,,0
190013019,'1179212',1441,,2775,1,,,0
190013019,'1179219',1241,,2776,1,,,0
190013019,'1179243',741,,2777,1,,,0
190013019,'1179287',2141,,2778,1,,,0
190013019,'1179292',1041,,2779,1,,,0
190013019,'1179300',711,,2780,1,,,0
190013019,'1179373',941,,2782,1,,,0
190013019,'1179380',1341,,2783,1,,,0
190013019,'1179402',1341,,2784,1,,,0
190013019,'1179411',1411,,2785,1,,,0
190013019,'1179457',1841,,2786,1,,,0
190013019,'1179504',641,,2787,1,,,0
190013019,'1179507',911,,2788,1,,,0
190013019,'1179509',1141,,2789,1,,,0
190013019,'1179516',1541,,2790,1,,,0
190013019,'1179531',2041,,2791,1,,,0
190013019,'1179537',841,,2792,1,,,0
190013019,'1179539',1741,,2793,1,,,0
190013019,'1179546',641,,2794,1,,,0
190013019,'1179553',1841,,2795,1,,,0
190013019,'1179591',1641,,2797,1,,,0
190013019,'1179611',1711,,2798,1,,,0
190013019,'1179635',1441,,2799,1,,,0
190013019,'1179694',811,,2800,1,,,0
190013019,'1179701',2041,,2801,1,,,0
190013019,'1179717',1741,,2802,1,,,0
