300019,'1178918',1205,,2441,17,0,23 24 2 26,0
300019,'1178931',805,,2442,17,0,23 24 2 26,0
300019,'1178939',1405,,2443,17,0,23 24 2 26,0
300019,'1178975',1505,,2445,17,0,23 24 2 26,0
300019,'1178982',1705,,2446,17,0,23 24 2 26,0
300019,'1179001',735,,2449,17,0,23 24 2 26,0
300019,'1179003',2005,,2450,17,0,23 24 2 26,0
300019,'1179008',2205,,2451,17,0,8 9 2 26,0
300019,'1179030',1905,,2452,17,0,23 24 2 26,0
300019,'1179058',1105,,2455,17,0,23 24 2 26,0
300019,'1179066',1805,,2457,17,0,23 24 2 26,0
300019,'1179109',1835,,2459,17,0,8 9 2 26,0
300019,'1179110',1005,,2460,17,0,23 24 2 26,0
300019,'1179115',935,,2461,17,0,23 24 2 26,0
300019,'1179121',1805,,2462,17,0,23 24 2 26,0
300019,'1179125',2005,,2463,17,0,23 24 2 26,0
300019,'1179194',835,,2466,17,0,23 24 2 26,0
300019,'1179246',805,,2469,17,0,23 24 2 26,0
300019,'1179279',905,,2472,17,0,23 24 2 26,0
300019,'1179295',2105,,2474,17,0,23 24 2 26,0
300019,'1179331',1305,,2477,17,0,23 24 2 26,0
300019,'1179355',1205,,2479,17,0,23 24 2 26,0
300019,'1179379',2205,,2482,17,0,8 9 2 26,0
300019,'1179390',1505,,2483,17,0,23 24 2 26,0
300019,'1179397',1635,,2484,17,0,23 24 2 26,0
300019,'1179404',2105,,2485,17,0,23 24 2 26,0
300019,'1179435',1605,,2490,17,0,23 24 2 26,0
300019,'1179448',1405,,2491,17,0,23 24 2 26,0
300019,'1179484',1305,,2496,17,0,23 24 2 26,0
300019,'1179490',1105,,2497,17,0,23 24 2 26,0
300019,'1179508',1005,,2499,17,0,23 24 2 26,0
300019,'1179549',905,,2502,17,0,23 24 2 26,0
300019,'1179566',1705,,2505,17,0,23 24 2 26,0
300019,'1179568',1905,,2506,17,0,23 24 2 26,0
300019,'1179593',1035,,2510,17,0,8 9 2 26,0
300019,'1179622',1735,,2515,17,0,23 24 2 26,0
300019,'1179649',1605,,2519,17,0,23 24 2 26,0
