140010019,'1178922',951,,2524,21,,,0
140010019,'1178979',1051,,2527,21,,,0
140010019,'1179012',751,,2528,21,,,0
140010019,'1179103',1551,,2530,21,,,0
140010019,'1179178',1751,,2537,21,,,0
140010019,'1179180',2151,,2538,21,,,0
140010019,'1179188',1451,,2539,21,,,0
140010019,'1179217',1951,,2540,21,,,0
140010019,'1179270',1651,,2545,21,,,0
140010019,'1179396',2051,,2550,21,,,0
140010019,'1179408',2251,,2551,21,0,8 21,0
140010019,'1179415',1151,,2552,21,,,0
140010019,'1179453',1351,,2555,21,,,0
140010019,'1179613',1851,,2563,21,,,0
140010019,'1179620',851,,2564,21,,,0
140010019,'1179659',1251,,2566,21,,,0
