200019,'1179038',1444,,2384,13,,,0
200019,'1179081',1644,,2385,13,,,0
200019,'1179174',944,,2386,13,,,0
200019,'1179259',1144,,2387,13,,,0
200019,'1179289',1544,,2388,13,,,0
200019,'1179460',1744,,2389,13,,,0
200019,'1179585',1044,,2390,13,,,0
200019,'1179594',1344,,2391,13,,,0
200019,'1179655',1244,,2392,13,,,0
140016019,'1178912',1657,,2661,15,,,0
140016019,'1178941',757,,2662,15,,,0
140016019,'1179017',1227,,2664,15,0,8 21,0
140016019,'1179051',2157,,2665,15,,,0
140016019,'1179077',1727,,2667,15,,,0
140016019,'1179112',1857,,2668,15,,,0
140016019,'1179129',1157,,2669,15,,,0
140016019,'1179136',1457,,2670,15,,,0
140016019,'1179158',1257,,2671,15,,,0
140016019,'1179191',857,,2672,15,,,0
140016019,'1179213',957,,2673,15,,,0
140016019,'1179234',1357,,2675,15,,,0
140016019,'1179254',1127,,2676,15,0,8 21,0
140016019,'1179256',827,,2677,15,,,0
140016019,'1179267',757,,2678,15,,,0
140016019,'1179284',1857,,2679,15,,,0
140016019,'1179299',2157,,2681,15,,,0
140016019,'1179304',1257,,2682,15,,,0
140016019,'1179312',1557,,2683,15,,,0
140016019,'1179318',1757,,2684,15,,,0
140016019,'1179330',1957,,2685,15,,,0
140016019,'1179333',1357,,2686,15,,,0
140016019,'1179351',927,,2687,15,0,8 21,0
140016019,'1179357',1057,,2688,15,,,0
140016019,'1179371',1457,,2689,15,,,0
140016019,'1179389',1627,,2690,15,,,0
140016019,'1179416',1557,,2691,15,,,0
140016019,'1179464',2057,,2693,15,,,0
140016019,'1179475',857,,2694,15,,,0
140016019,'1179481',1657,,2695,15,,,0
140016019,'1179503',1427,,2696,15,0,8 21,0
140016019,'1179517',1527,,2697,15,,,0
140016019,'1179520',1957,,2698,15,,,0
140016019,'1179536',727,,2699,15,,,0
140016019,'1179538',657,,2700,15,,,0
140016019,'1179562',1327,,2701,15,0,8 21,0
140016019,'1179569',1827,,2702,15,0,8 21,0
140016019,'1179601',2057,,2703,15,,,0
140016019,'1179604',1057,,2704,15,,,0
140016019,'1179627',1157,,2705,15,,,0
140016019,'1179663',957,,2706,15,,,0
140016019,'1179681',1027,,2707,15,0,8 21,0
140016019,'1179687',1757,,2708,15,,,0
