120019,'1178966',1401,,2294,48,,,0
120019,'1178998',1601,,2295,48,,,0
120019,'1179031',1701,,2296,48,,,0
120019,'1179149',1501,,2297,48,,,0
120019,'1179182',1201,,2298,48,,,0
120019,'1179282',1001,,2299,48,,,0
120019,'1179296',1814,,2300,48,,,0
120019,'1179596',1101,,2301,48,,,0
120019,'1179628',1301,,2302,48,,,0
140016019,'1178912',1735,,2661,49,,,0
140016019,'1178941',835,,2662,49,,,0
140016019,'1179005',635,,2663,6,,,0
140016019,'1179051',2235,,2665,49,,,0
140016019,'1179063',735,,2666,29,,,0
140016019,'1179077',1805,,2667,49,,,0
140016019,'1179112',1935,,2668,49,,,0
140016019,'1179129',1235,,2669,49,,,0
140016019,'1179136',1535,,2670,49,,,0
140016019,'1179158',1335,,2671,49,,,0
140016019,'1179191',935,,2672,49,,,0
140016019,'1179213',1035,,2673,49,,,0
140016019,'1179225',705,,2674,6,,,0
140016019,'1179234',1435,,2675,49,,,0
140016019,'1179256',905,,2677,49,,,0
140016019,'1179267',835,,2678,49,,,0
140016019,'1179284',1935,,2679,49,,,0
140016019,'1179286',608,,2680,6,,,0
140016019,'1179299',2235,,2681,49,,,0
140016019,'1179304',1335,,2682,49,,,0
140016019,'1179312',1635,,2683,49,,,0
140016019,'1179318',1835,,2684,49,,,0
140016019,'1179330',2035,,2685,49,,,0
140016019,'1179333',1435,,2686,49,,,0
140016019,'1179357',1135,,2688,49,,,0
140016019,'1179371',1535,,2689,49,,,0
140016019,'1179389',1705,,2690,49,,,0
140016019,'1179416',1635,,2691,49,,,0
140016019,'1179440',635,,2692,6,,,0
140016019,'1179464',2135,,2693,49,,,0
140016019,'1179475',935,,2694,49,,,0
140016019,'1179481',1735,,2695,49,,,0
140016019,'1179517',1605,,2697,49,,,0
140016019,'1179520',2035,,2698,49,,,0
140016019,'1179536',805,,2699,49,,,0
140016019,'1179538',735,,2700,49,,,0
140016019,'1179601',2135,,2703,49,,,0
140016019,'1179604',1135,,2704,49,,,0
140016019,'1179627',1235,,2705,49,,,0
140016019,'1179663',1035,,2706,49,,,0
140016019,'1179687',1835,,2708,49,,,0
