150029,'1178980',1114,,2357,22,,,0
150029,'1179059',914,,2358,22,,,0
150029,'1179210',1314,,2359,22,,,0
150029,'1179274',1714,,2360,22,,,0
150029,'1179311',1014,,2361,22,,,0
150029,'1179362',1614,,2362,22,,,0
150029,'1179450',1414,,2363,22,,,0
150029,'1179616',1214,,2364,22,,,0
150029,'1179674',1514,,2365,22,,,0
190015019,'1178937',1205,,2803,42,,,0
190015019,'1178958',1035,,2805,42,,,0
190015019,'1178960',1135,,2806,42,,,0
190015019,'1179018',1435,,2808,42,,,0
190015019,'1179054',1335,,2809,42,,,0
190015019,'1179073',1405,,2810,42,,,0
190015019,'1179083',635,,2811,17,,,0
190015019,'1179089',1235,,2812,42,,,0
190015019,'1179095',1735,,2813,42,,,0
190015019,'1179126',1835,,2814,42,,,0
190015019,'1179130',1635,,2815,42,,,0
190015019,'1179152',1005,,2816,42,,,0
190015019,'1179169',1035,,2818,42,,,0
190015019,'1179170',835,,2819,42,,,0
190015019,'1179189',835,,2820,42,,,0
190015019,'1179226',1835,,2821,42,,,0
190015019,'1179257',2135,,2823,42,,,0
190015019,'1179260',1735,,2824,42,,,0
190015019,'1179280',1535,,2826,42,,,0
190015019,'1179329',1705,,2827,42,,,0
190015019,'1179378',2035,,2828,42,,,0
190015019,'1179382',1805,,2829,42,,,0
190015019,'1179400',1935,,2830,42,,,0
190015019,'1179414',1535,,2831,42,,,0
190015019,'1179456',1605,,2832,42,,,0
190015019,'1179465',1635,,2833,42,,,0
190015019,'1179466',935,,2834,42,,,0
190015019,'1179468',2035,,2835,42,,,0
190015019,'1179480',1335,,2836,42,,,0
190015019,'1179489',1305,,2837,42,,,0
190015019,'1179491',1135,,2838,42,,,0
190015019,'1179501',1105,,2839,42,,,0
190015019,'1179525',735,,2840,42,,,0
190015019,'1179560',2135,,2841,42,,,0
190015019,'1179563',1435,,2842,42,,,0
190015019,'1179576',1935,,2843,42,,,0
190015019,'1179602',905,,2844,42,,,0
190015019,'1179633',805,,2845,42,,,0
190015019,'1179637',705,,2846,17,,,0
190015019,'1179652',935,,2847,42,,,0
190015019,'1179679',1505,,2848,42,,,0
190015019,'1179703',1235,,2849,42,,,0
190015019,'1179716',735,,2850,42,,,0
