130019,'1179053',1734,,2312,16,,,0
130019,'1179067',1334,,2313,16,,,0
130019,'1179069',1034,,2314,16,,,0
130019,'1179093',1134,,2315,16,,,0
130019,'1179108',1234,,2316,16,,,0
130019,'1179294',1534,,2317,16,,,0
130019,'1179386',1634,,2318,16,,,0
130019,'1179541',934,,2319,16,,,0
130019,'1179675',1434,,2320,16,,,0
140012019,'1178913',1156,,2568,16,,,0
140012019,'1178923',1156,,2569,16,,,0
140012019,'1178934',956,,2570,16,,,0
140012019,'1178935',756,,2571,16,,,0
140012019,'1178953',856,,2572,16,,,0
140012019,'1178981',656,,2573,16,,,0
140012019,'1178986',1426,,2574,16,,,0
140012019,'1179006',1326,,2575,16,,,0
140012019,'1179011',726,,2576,16,,,0
140012019,'1179015',1856,,2577,16,,,0
140012019,'1179046',856,,2578,16,,,0
140012019,'1179102',1556,,2579,16,,,0
140012019,'1179154',1356,,2580,16,,,0
140012019,'1179183',1956,,2581,16,,,0
140012019,'1179185',926,,2582,16,,,0
140012019,'1179216',2256,,2583,16,0,8 21,0
140012019,'1179230',956,,2584,16,,,0
140012019,'1179233',1556,,2585,16,,,0
140012019,'1179236',756,,2586,16,,,0
140012019,'1179238',1456,,2587,16,,,0
140012019,'1179244',2056,,2588,16,,,0
140012019,'1179245',1856,,2589,16,,,0
140012019,'1179255',1826,,2591,16,0,8 21,0
140012019,'1179261',1056,,2592,16,,,0
140012019,'1179316',1956,,2593,16,,,0
140012019,'1179325',826,,2594,16,,,0
140012019,'1179348',1256,,2595,16,,,0
140012019,'1179359',1726,,2596,16,,,0
140012019,'1179372',2156,,2597,16,,,0
140012019,'1179387',1256,,2598,16,,,0
140012019,'1179399',1126,,2599,16,,,0
140012019,'1179425',2056,,2600,16,,,0
140012019,'1179444',1626,,2601,16,,,0
140012019,'1179495',1356,,2602,16,,,0
140012019,'1179499',1526,,2603,16,,,0
140012019,'1179510',1656,,2604,16,,,0
140012019,'1179511',2156,,2605,16,,,0
140012019,'1179526',1756,,2606,16,,,0
140012019,'1179556',1056,,2607,16,,,0
140012019,'1179567',1226,,2608,16,,,0
140012019,'1179578',2256,,2609,16,0,8 21,0
140012019,'1179644',1756,,2610,16,,,0
140012019,'1179693',1026,,2611,16,,,0
140012019,'1179704',1456,,2612,16,,,0
140012019,'1179715',1656,,2613,16,,,0
