160029,'1178957',914,,2375,30,,,0
160029,'1179098',1414,,2376,30,,,0
160029,'1179137',1614,,2377,30,,,0
160029,'1179301',1214,,2378,30,,,0
160029,'1179398',1314,,2379,30,,,0
160029,'1179410',1714,,2380,30,,,0
160029,'1179543',1114,,2381,30,,,0
160029,'1179558',1014,,2382,30,,,0
160029,'1179623',1514,,2383,30,,,0
216019,'1178924',804,,2403,32,,,0
216019,'1178948',634,,2404,32,,,0
216019,'1178963',2134,,2405,32,,,0
216019,'1178968',1234,,2406,32,,,0
216019,'1179019',1804,,2407,32,,,0
216019,'1179021',1604,,2408,32,,,0
216019,'1179029',1434,,2409,32,,,0
216019,'1179050',1534,,2410,32,,,0
216019,'1179070',1434,,2411,32,,,0
216019,'1179075',1834,,2412,32,,,0
216019,'1179116',736,,2413,33,,,0
216019,'1179123',1334,,2414,32,,,0
216019,'1179160',1736,,2415,33,,,0
216019,'1179179',2034,,2416,32,,,0
216019,'1179181',1134,,2417,32,,,0
216019,'1179199',934,,2418,32,,,0
216019,'1179206',1534,,2419,32,,,0
216019,'1179328',1034,,2420,32,,,0
216019,'1179338',1234,,2421,32,,,0
216019,'1179345',834,,2422,32,,,0
216019,'1179368',1706,,2423,33,,,0
216019,'1179369',1034,,2424,32,,,0
216019,'1179374',1636,,2425,33,,,0
216019,'1179421',1834,,2426,32,,,0
216019,'1179431',1134,,2427,32,,,0
216019,'1179458',1934,,2428,32,,,0
216019,'1179488',734,,2429,32,,,0
216019,'1179523',1334,,2430,32,,,0
216019,'1179574',2034,,2431,32,,,0
216019,'1179582',1934,,2432,32,,,0
216019,'1179605',904,,2433,32,,,0
216019,'1179647',1734,,2434,32,,,0
216019,'1179669',834,,2435,32,,,0
216019,'1179695',2134,,2436,32,,,0
216019,'1179712',706,,2437,33,,,0
216019,'1179714',934,,2438,32,,,0
216019,'1179719',1634,,2439,32,,,0
