130029,'1178925',1509,,2321,20,,,0
130029,'1178989',1409,,2322,20,,,0
130029,'1179023',1609,,2323,20,,,0
130029,'1179120',1709,,2324,20,,,0
130029,'1179168',1309,,2325,20,,,0
130029,'1179423',909,,2326,20,,,0
130029,'1179469',1209,,2327,20,,,0
130029,'1179639',1009,,2328,20,,,0
130029,'1179657',1109,,2329,20,,,0
190013019,'1178916',1700,,2757,52,,,0
190013019,'1178919',2030,,2758,52,,,0
190013019,'1178920',1200,,2759,52,,,0
190013019,'1178929',830,,2760,52,,,0
190013019,'1178930',1730,,2761,52,,,0
190013019,'1178972',2030,,2762,52,,,0
190013019,'1178983',1300,,2763,52,,,0
190013019,'1178994',2230,,2764,52,,,0
190013019,'1178997',1230,,2765,52,,,0
190013019,'1179048',1600,,2766,52,,,0
190013019,'1179062',1630,,2767,52,,,0
190013019,'1179074',1400,,2768,52,,,0
190013019,'1179087',1330,,2769,52,,,0
190013019,'1179104',1100,,2770,52,,,0
190013019,'1179187',930,,2772,52,,,0
190013019,'1179202',1130,,2773,52,,,0
190013019,'1179203',1030,,2774,52,,,0
190013019,'1179212',1530,,2775,52,,,0
190013019,'1179219',1330,,2776,52,,,0
190013019,'1179243',830,,2777,52,,,0
190013019,'1179287',2230,,2778,52,,,0
190013019,'1179292',1130,,2779,52,,,0
190013019,'1179300',800,,2780,52,,,0
190013019,'1179354',630,,2781,20,,,0
190013019,'1179373',1030,,2782,52,,,0
190013019,'1179380',1430,,2783,52,,,0
190013019,'1179402',1430,,2784,52,,,0
190013019,'1179411',1500,,2785,52,,,0
190013019,'1179457',1930,,2786,52,,,0
190013019,'1179504',730,,2787,52,,,0
190013019,'1179507',1000,,2788,52,,,0
190013019,'1179509',1230,,2789,52,,,0
190013019,'1179516',1630,,2790,52,,,0
190013019,'1179531',2130,,2791,52,,,0
190013019,'1179537',930,,2792,52,,,0
190013019,'1179539',1830,,2793,52,,,0
190013019,'1179546',730,,2794,52,,,0
190013019,'1179553',1930,,2795,52,,,0
190013019,'1179581',700,,2796,20,,,0
190013019,'1179591',1730,,2797,52,,,0
190013019,'1179611',1800,,2798,52,,,0
190013019,'1179635',1530,,2799,52,,,0
190013019,'1179694',900,,2800,52,,,0
190013019,'1179701',2130,,2801,52,,,0
190013019,'1179717',1830,,2802,52,,,0
