110029,'1178926',1301,,2248,11,,,0
110029,'1179044',901,,2249,11,,,0
110029,'1179118',1101,,2250,11,,,0
110029,'1179173',1201,,2251,11,,,0
110029,'1179459',1701,,2252,11,,,0
110029,'1179534',1401,,2253,11,,,0
110029,'1179542',1601,,2254,11,,,0
110029,'1179690',1001,,2255,11,,,0
110029,'1179707',1501,,2256,11,,,0
190011019,'1178945',1552,,2709,11,,,0
190011019,'1178950',752,,2710,35,,,0
190011019,'1178970',1922,,2711,35,,,0
190011019,'1179040',2122,,2713,35,,,0
190011019,'1179064',1052,,2714,11,,,0
190011019,'1179145',922,,2715,35,,,0
190011019,'1179146',1152,,2716,11,,,0
190011019,'1179159',1822,,2717,35,,,0
190011019,'1179163',822,,2719,35,,,0
190011019,'1179248',722,,2720,35,,,0
190011019,'1179252',1822,,2721,35,,,0
190011019,'1179276',2022,,2722,35,,,0
190011019,'1179307',722,,2723,35,,,0
190011019,'1179317',1252,,2724,11,,,0
190011019,'1179332',1122,,2725,36,,,0
190011019,'1179340',922,,2726,35,,,0
190011019,'1179367',1752,,2727,35,,,0
190011019,'1179375',1452,,2728,11,,,0
190011019,'1179393',1652,,2729,11,,,0
190011019,'1179394',2222,,2730,35,,,0
190011019,'1179413',1322,,2732,36,,,0
190011019,'1179424',2222,,2733,35,,,0
190011019,'1179426',1422,,2734,36,,,0
190011019,'1179430',1622,,2735,36,,,0
190011019,'1179437',1122,,2736,36,,,0
190011019,'1179438',1622,,2737,36,,,0
190011019,'1179442',1922,,2738,35,,,0
190011019,'1179477',822,,2739,35,,,0
190011019,'1179521',1422,,2740,36,,,0
190011019,'1179528',1222,,2741,36,,,0
190011019,'1179530',652,,2742,11,,,0
190011019,'1179555',2022,,2743,35,,,0
190011019,'1179572',1222,,2744,36,,,0
190011019,'1179590',1522,,2745,36,,,0
190011019,'1179619',1722,,2746,35,,,0
190011019,'1179642',1022,,2747,35,,,0
190011019,'1179650',1322,,2748,36,,,0
190011019,'1179665',622,,2749,14,,,0
190011019,'1179666',852,,2750,35,,,0
190011019,'1179672',1352,,2751,11,,,0
190011019,'1179677',2122,,2752,35,,,0
190011019,'1179678',952,,2753,35,,,0
190011019,'1179688',1722,,2754,35,,,0
190011019,'1179700',1522,,2755,36,,,0
190011019,'1179709',1022,,2756,35,,,0
