160029,'1178957',906,,2375,17,,,0
160029,'1179098',1406,,2376,17,,,0
160029,'1179137',1606,,2377,17,,,0
160029,'1179301',1206,,2378,17,,,0
160029,'1179398',1306,,2379,17,,,0
160029,'1179410',1706,,2380,17,,,0
160029,'1179543',1106,,2381,17,,,0
160029,'1179558',1006,,2382,17,,,0
160029,'1179623',1506,,2383,17,,,0
216019,'1178924',758,,2403,19,,,0
216019,'1178948',628,,2404,19,,,0
216019,'1178963',2128,,2405,19,,,0
216019,'1178968',1228,,2406,19,,,0
216019,'1179019',1758,,2407,19,,,0
216019,'1179021',1558,,2408,19,,,0
216019,'1179029',1428,,2409,19,,,0
216019,'1179050',1528,,2410,19,,,0
216019,'1179070',1428,,2411,19,,,0
216019,'1179075',1828,,2412,19,,,0
216019,'1179116',731,,2413,20,,,0
216019,'1179123',1328,,2414,19,,,0
216019,'1179160',1731,,2415,20,,,0
216019,'1179179',2028,,2416,19,,,0
216019,'1179181',1128,,2417,19,,,0
216019,'1179199',928,,2418,19,,,0
216019,'1179206',1528,,2419,19,,,0
216019,'1179328',1028,,2420,19,,,0
216019,'1179338',1228,,2421,19,,,0
216019,'1179345',828,,2422,19,,,0
216019,'1179368',1701,,2423,20,,,0
216019,'1179369',1028,,2424,19,,,0
216019,'1179374',1631,,2425,20,,,0
216019,'1179421',1828,,2426,19,,,0
216019,'1179431',1128,,2427,19,,,0
216019,'1179458',1928,,2428,19,,,0
216019,'1179488',728,,2429,19,,,0
216019,'1179523',1328,,2430,19,,,0
216019,'1179574',2028,,2431,19,,,0
216019,'1179582',1928,,2432,19,,,0
216019,'1179605',858,,2433,19,,,0
216019,'1179647',1728,,2434,19,,,0
216019,'1179669',828,,2435,19,,,0
216019,'1179695',2128,,2436,19,,,0
216019,'1179712',701,,2437,20,,,0
216019,'1179714',928,,2438,19,,,0
216019,'1179719',1628,,2439,19,,,0
