200029,'1178971',1031,,2393,3,,,0
200029,'1179034',1631,,2394,3,,,0
200029,'1179043',1231,,2395,3,,,0
200029,'1179091',1431,,2396,3,,,0
200029,'1179198',1131,,2398,3,,,0
200029,'1179229',1715,,2399,3,,,0
200029,'1179283',1331,,2400,3,,,0
200029,'1179383',1531,,2401,3,,,0
200029,'1179689',931,,2402,3,,,0
140014019,'1178954',1624,,2614,31,,,0
140014019,'1178955',1154,,2615,31,,,0
140014019,'1178974',1024,,2616,31,,,0
140014019,'1179007',1824,,2617,31,,,0
140014019,'1179027',1524,,2618,31,,,0
140014019,'1179052',824,,2619,31,,,0
140014019,'1179079',754,,2620,31,,,0
140014019,'1179080',1524,,2621,31,,,0
140014019,'1179082',854,,2622,31,,,0
140014019,'1179084',724,,2623,31,,,0
140014019,'1179111',2224,,2624,31,,,0
140014019,'1179143',824,,2625,31,,,0
140014019,'1179200',1254,,2626,31,,,0
140014019,'1179207',1754,,2627,31,,,0
140014019,'1179221',1424,,2628,31,,,0
140014019,'1179271',1224,,2629,31,,,0
140014019,'1179298',1724,,2630,31,,,0
140014019,'1179320',1454,,2631,31,,,0
140014019,'1179323',1024,,2632,31,,,0
140014019,'1179337',624,,2633,3,,,0
140014019,'1179350',924,,2634,31,,,0
140014019,'1179353',1824,,2635,31,,,0
140014019,'1179366',2024,,2636,31,,,0
140014019,'1179392',1624,,2637,31,,,0
140014019,'1179403',1924,,2638,31,,,0
140014019,'1179417',724,,2639,10,,,0
140014019,'1179433',1424,,2640,31,,,0
140014019,'1179443',954,,2641,31,,,0
140014019,'1179446',1224,,2642,31,,,0
140014019,'1179449',1054,,2643,31,,,0
140014019,'1179493',1124,,2644,31,,,0
140014019,'1179513',624,,2645,3,,,0
140014019,'1179524',1724,,2646,31,,,0
140014019,'1179535',1354,,2647,31,,,0
140014019,'1179547',1324,,2648,31,,,0
140014019,'1179550',654,,2649,10,,,0
140014019,'1179561',1554,,2651,31,,,0
140014019,'1179577',1324,,2652,31,,,0
140014019,'1179598',2124,,2653,31,,,0
140014019,'1179600',2224,,2654,31,,,0
140014019,'1179608',1924,,2655,31,,,0
140014019,'1179636',1654,,2656,31,,,0
140014019,'1179638',924,,2657,31,,,0
140014019,'1179648',2024,,2658,31,,,0
140014019,'1179654',2124,,2659,31,,,0
140014019,'1179662',1124,,2660,31,,,0
