130029,'1178925',1503,,2321,12,,,0
130029,'1178989',1403,,2322,12,,,0
130029,'1179023',1603,,2323,12,,,0
130029,'1179120',1703,,2324,12,,,0
130029,'1179168',1303,,2325,12,,,0
130029,'1179423',903,,2326,12,,,0
130029,'1179469',1203,,2327,12,,,0
130029,'1179639',1003,,2328,12,,,0
130029,'1179657',1103,,2329,12,,,0
190013019,'1178916',1654,,2757,44,,,0
190013019,'1178919',2024,,2758,44,,,0
190013019,'1178920',1154,,2759,44,,,0
190013019,'1178929',824,,2760,44,,,0
190013019,'1178930',1724,,2761,44,,,0
190013019,'1178972',2024,,2762,44,,,0
190013019,'1178983',1254,,2763,44,,,0
190013019,'1178994',2224,,2764,44,,,0
190013019,'1178997',1224,,2765,44,,,0
190013019,'1179048',1554,,2766,44,,,0
190013019,'1179062',1624,,2767,44,,,0
190013019,'1179074',1354,,2768,44,,,0
190013019,'1179087',1324,,2769,44,,,0
190013019,'1179104',1054,,2770,44,,,0
190013019,'1179187',924,,2772,44,,,0
190013019,'1179202',1124,,2773,44,,,0
190013019,'1179203',1024,,2774,44,,,0
190013019,'1179212',1524,,2775,44,,,0
190013019,'1179219',1324,,2776,44,,,0
190013019,'1179243',824,,2777,44,,,0
190013019,'1179287',2224,,2778,44,,,0
190013019,'1179292',1124,,2779,44,,,0
190013019,'1179300',754,,2780,44,,,0
190013019,'1179354',624,,2781,12,,,0
190013019,'1179373',1024,,2782,44,,,0
190013019,'1179380',1424,,2783,44,,,0
190013019,'1179402',1424,,2784,44,,,0
190013019,'1179411',1454,,2785,44,,,0
190013019,'1179457',1924,,2786,44,,,0
190013019,'1179504',724,,2787,44,,,0
190013019,'1179507',954,,2788,44,,,0
190013019,'1179509',1224,,2789,44,,,0
190013019,'1179516',1624,,2790,44,,,0
190013019,'1179531',2124,,2791,44,,,0
190013019,'1179537',924,,2792,44,,,0
190013019,'1179539',1824,,2793,44,,,0
190013019,'1179546',724,,2794,44,,,0
190013019,'1179553',1924,,2795,44,,,0
190013019,'1179581',654,,2796,12,,,0
190013019,'1179591',1724,,2797,44,,,0
190013019,'1179611',1754,,2798,44,,,0
190013019,'1179635',1524,,2799,44,,,0
190013019,'1179694',854,,2800,44,,,0
190013019,'1179701',2124,,2801,44,,,0
190013019,'1179717',1824,,2802,44,,,0
