110019,'1178947',950,,2239,31,4,,0
110019,'1178964',1450,,2240,31,4,,0
110019,'1178973',1750,,2241,31,4,,0
110019,'1179028',1550,,2242,31,4,,0
110019,'1179105',1650,,2243,31,4,,0
110019,'1179114',1050,,2244,31,4,,0
110019,'1179176',1250,,2245,31,4,,0
110019,'1179184',1350,,2246,31,4,,0
110019,'1179290',1150,,2247,31,4,,0
110029,'1178926',1255,,2248,1,,,0
110029,'1179044',855,,2249,1,,,0
110029,'1179118',1055,,2250,1,,,0
110029,'1179173',1155,,2251,1,,,0
110029,'1179459',1655,,2252,1,,,0
110029,'1179534',1355,,2253,1,,,0
110029,'1179542',1555,,2254,1,,,0
110029,'1179690',955,,2255,1,,,0
110029,'1179707',1455,,2256,1,,,0
116019,'1178992',805,,2257,36,4,,0
116019,'1178995',805,,2258,36,4,,0
116019,'1179088',705,,2259,37,4,,0
116019,'1179096',905,,2260,36,4,,0
116019,'1179141',1505,,2261,36,4,,0
116019,'1179172',1205,,2262,36,4,,0
116019,'1179177',905,,2263,36,4,,0
116019,'1179190',1635,,2264,36,4,,0
116019,'1179215',1105,,2265,36,4,,0
116019,'1179228',835,,2266,36,4,,0
116019,'1179247',1005,,2267,36,4,,0
116019,'1179275',1605,,2268,36,4,,0
116019,'1179278',1305,,2269,36,4,,0
116019,'1179313',1805,,2270,36,4,,0
116019,'1179314',2105,,2271,36,4,,0
116019,'1179321',1205,,2272,36,4,,0
116019,'1179339',735,,2273,37,4,,0
116019,'1179343',2005,,2274,36,4,,0
116019,'1179365',1705,,2275,36,4,,0
116019,'1179381',1905,,2276,36,4,,0
116019,'1179418',1705,,2277,37,4,,0
116019,'1179432',1735,,2278,37,4,,0
116019,'1179434',2005,,2279,36,4,,0
116019,'1179439',1405,,2280,36,4,,0
116019,'1179441',1505,,2281,36,4,,0
116019,'1179476',1105,,2282,36,4,,0
116019,'1179500',2205,,2283,36,4,,0
116019,'1179515',935,,2284,36,4,,0
116019,'1179584',1905,,2285,36,4,,0
116019,'1179603',1005,,2286,36,4,,0
116019,'1179606',1840,,2287,36,4,,0
116019,'1179615',1605,,2288,36,4,,0
116019,'1179641',1305,,2289,36,4,,0
116019,'1179653',1805,,2290,36,4,,0
116019,'1179682',1405,,2291,36,4,,0
116019,'1179696',2105,,2292,36,4,,0
116019,'1179706',2205,,2293,36,4,,0
130019,'1179053',1741,,2312,23,4,,0
130019,'1179067',1341,,2313,23,4,,0
130019,'1179069',1041,,2314,23,4,,0
130019,'1179093',1141,,2315,23,4,,0
130019,'1179108',1241,,2316,23,4,,0
130019,'1179294',1541,,2317,23,4,,0
130019,'1179386',1641,,2318,23,4,,0
130019,'1179541',941,,2319,23,4,,0
130019,'1179675',1441,,2320,23,4,,0
130029,'1178925',1455,,2321,1,,,0
130029,'1178989',1355,,2322,1,,,0
130029,'1179023',1555,,2323,1,,,0
130029,'1179120',1655,,2324,1,,,0
130029,'1179168',1255,,2325,1,,,0
130029,'1179423',855,,2326,1,,,0
130029,'1179469',1155,,2327,1,,,0
130029,'1179639',955,,2328,1,,,0
130029,'1179657',1055,,2329,1,,,0
150019,'1178942',1744,,2348,12,4,,0
150019,'1178956',1344,,2349,12,4,,0
150019,'1178976',1644,,2350,12,4,,0
150019,'1179117',1244,,2351,12,4,,0
150019,'1179150',1544,,2352,12,4,,0
150019,'1179341',944,,2353,12,4,,0
150019,'1179473',1144,,2354,12,4,,0
150019,'1179559',1444,,2355,12,4,,0
150019,'1179673',1044,,2356,12,4,,0
150029,'1178980',1055,,2357,1,,,0
150029,'1179059',855,,2358,1,,,0
150029,'1179210',1255,,2359,1,,,0
150029,'1179274',1655,,2360,1,,,0
150029,'1179311',955,,2361,1,,,0
150029,'1179362',1555,,2362,1,,,0
150029,'1179450',1355,,2363,1,,,0
150029,'1179616',1155,,2364,1,,,0
150029,'1179674',1455,,2365,1,,,0
160019,'1178943',1549,,2366,34,4,,0
160019,'1178949',949,,2367,34,4,,0
160019,'1178951',1349,,2368,34,4,,0
160019,'1179047',1449,,2369,34,4,,0
160019,'1179060',1749,,2370,34,4,,0
160019,'1179205',1149,,2371,34,4,,0
160019,'1179319',1249,,2372,34,4,,0
160019,'1179451',1649,,2373,34,4,,0
160019,'1179697',1049,,2374,34,4,,0
160029,'1178957',855,,2375,1,,,0
160029,'1179098',1355,,2376,1,,,0
160029,'1179137',1555,,2377,1,,,0
160029,'1179301',1155,,2378,1,,,0
160029,'1179398',1255,,2379,1,,,0
160029,'1179410',1655,,2380,1,,,0
160029,'1179543',1055,,2381,1,,,0
160029,'1179558',955,,2382,1,,,0
160029,'1179623',1455,,2383,1,,,0
200019,'1179038',1500,51,2384,19,,,0
200019,'1179081',1700,51,2385,19,,,0
200019,'1179174',1000,51,2386,19,,,0
200019,'1179259',1200,51,2387,19,,,0
200019,'1179289',1600,51,2388,19,,,0
200019,'1179460',1752,3,2389,19,,,0
200019,'1179585',1100,51,2390,19,,,0
200019,'1179594',1400,51,2391,19,,,0
200019,'1179655',1300,51,2392,19,,,0
200029,'1178971',1055,6,2393,12,,,0
200029,'1179034',1655,6,2394,12,,,0
200029,'1179043',1255,6,2395,12,,,0
200029,'1179091',1455,6,2396,12,,,0
200029,'1179144',855,6,2397,2,,,0
200029,'1179198',1155,6,2398,12,,,0
200029,'1179229',1746,,2399,12,4,,0
200029,'1179283',1355,6,2400,12,,,0
200029,'1179383',1555,6,2401,12,,,0
200029,'1179689',955,6,2402,12,,,0
216019,'1178924',745,,2403,1,,,0
216019,'1178948',615,,2404,1,,,0
216019,'1178963',2115,,2405,1,,,0
216019,'1178968',1215,,2406,1,,,0
216019,'1179019',1745,,2407,1,,,0
216019,'1179021',1545,,2408,1,,,0
216019,'1179029',1415,,2409,1,,,0
216019,'1179050',1515,,2410,1,,,0
216019,'1179070',1415,,2411,1,,,0
216019,'1179075',1815,,2412,1,,,0
216019,'1179116',715,,2413,1,,,0
216019,'1179123',1315,,2414,1,,,0
216019,'1179160',1715,,2415,1,,,0
216019,'1179179',2015,,2416,1,,,0
216019,'1179181',1115,,2417,1,,,0
216019,'1179199',915,,2418,1,,,0
216019,'1179206',1515,,2419,1,,,0
216019,'1179328',1015,,2420,1,,,0
216019,'1179338',1215,,2421,1,,,0
216019,'1179345',815,,2422,1,,,0
216019,'1179368',1645,,2423,1,,,0
216019,'1179369',1015,,2424,1,,,0
216019,'1179374',1615,,2425,1,,,0
216019,'1179421',1815,,2426,1,,,0
216019,'1179431',1115,,2427,1,,,0
216019,'1179458',1915,,2428,1,,,0
216019,'1179488',715,,2429,1,,,0
216019,'1179523',1315,,2430,1,,,0
216019,'1179574',2015,,2431,1,,,0
216019,'1179582',1915,,2432,1,,,0
216019,'1179605',845,,2433,1,,,0
216019,'1179647',1715,,2434,1,,,0
216019,'1179669',815,,2435,1,,,0
216019,'1179695',2115,,2436,1,,,0
216019,'1179712',645,,2437,1,,,0
216019,'1179714',915,,2438,1,,,0
216019,'1179719',1615,,2439,1,,,0
300019,'1178915',945,3,2440,2,0,23 24 2 25,0
300019,'1178918',1216,2,2441,22,0,23 24 2 26,0
300019,'1178931',816,2,2442,22,0,23 24 2 26,0
300019,'1178939',1416,2,2443,22,0,23 24 2 26,0
300019,'1178962',646,,2444,1,0,23 24 2 26,0
300019,'1178975',1516,2,2445,22,0,23 24 2 26,0
300019,'1178982',1716,2,2446,22,0,23 24 2 26,0
300019,'1178996',1815,3,2447,2,0,23 24 2 25,0
300019,'1178999',715,3,2448,2,0,23 24 2 25,0
300019,'1179001',746,2,2449,22,0,23 24 2 26,0
300019,'1179003',2016,2,2450,22,0,23 24 2 26,0
300019,'1179008',2214,,2451,22,4,,0
300019,'1179030',1916,2,2452,22,0,23 24 2 26,0
300019,'1179042',745,3,2453,2,0,23 24 2 25,0
300019,'1179049',716,,2454,1,0,23 24 2 26,0
300019,'1179058',1116,2,2455,22,0,23 24 2 26,0
300019,'1179065',1115,3,2456,2,0,23 24 2 25,0
300019,'1179066',1816,2,2457,22,0,23 24 2 26,0
300019,'1179094',715,,2458,1,0,23 24 2 25,0
300019,'1179109',1844,,2459,22,4,,0
300019,'1179110',1016,2,2460,22,0,23 24 2 26,0
300019,'1179115',946,2,2461,22,0,23 24 2 26,0
300019,'1179121',1816,2,2462,22,0,23 24 2 26,0
300019,'1179125',2016,2,2463,22,0,23 24 2 26,0
300019,'1179132',1215,3,2464,2,0,23 24 2 25,0
300019,'1179142',1515,3,2465,2,0,23 24 2 25,0
300019,'1179194',846,2,2466,22,0,23 24 2 26,0
300019,'1179211',1715,3,2467,2,0,23 24 2 25,0
300019,'1179220',1015,3,2468,2,0,23 24 2 25,0
300019,'1179246',816,2,2469,22,0,23 24 2 26,0
300019,'1179258',1815,3,2470,2,0,23 24 2 25,0
300019,'1179264',1315,3,2471,2,0,23 24 2 25,0
300019,'1179279',916,2,2472,22,0,23 24 2 26,0
300019,'1179288',1715,3,2473,2,0,23 24 2 25,0
300019,'1179295',2116,2,2474,22,0,23 24 2 26,0
300019,'1179297',2212,,2475,2,4,,0
300019,'1179310',1842,,2476,2,4,,0
300019,'1179331',1316,2,2477,22,0,23 24 2 26,0
300019,'1179349',1515,3,2478,2,0,23 24 2 25,0
300019,'1179355',1216,2,2479,22,0,23 24 2 26,0
300019,'1179356',1615,3,2480,2,0,23 24 2 25,0
300019,'1179360',2115,3,2481,2,0,23 24 2 25,0
300019,'1179379',2214,,2482,22,4,,0
300019,'1179390',1516,2,2483,22,0,23 24 2 26,0
300019,'1179397',1646,2,2484,22,0,23 24 2 26,0
300019,'1179404',2116,2,2485,22,0,23 24 2 26,0
300019,'1179405',1215,3,2486,2,0,23 24 2 25,0
300019,'1179406',1015,3,2487,2,0,23 24 2 25,0
300019,'1179409',1545,3,2488,2,0,23 24 2 25,0
300019,'1179420',1315,3,2489,2,0,23 24 2 25,0
300019,'1179435',1616,2,2490,22,0,23 24 2 26,0
300019,'1179448',1416,2,2491,22,0,23 24 2 26,0
300019,'1179454',1415,3,2492,2,0,23 24 2 25,0
300019,'1179463',915,3,2493,2,0,23 24 2 25,0
300019,'1179467',815,3,2494,2,0,23 24 2 25,0
300019,'1179470',1115,3,2495,2,0,23 24 2 25,0
300019,'1179484',1316,2,2496,22,0,23 24 2 26,0
300019,'1179490',1116,2,2497,22,0,23 24 2 26,0
300019,'1179502',2015,3,2498,2,0,23 24 2 25,0
300019,'1179508',1016,2,2499,22,0,23 24 2 26,0
300019,'1179527',1915,3,2500,2,0,23 24 2 25,0
300019,'1179532',815,3,2501,2,0,23 24 2 25,0
300019,'1179549',916,2,2502,22,0,23 24 2 26,0
300019,'1179551',1546,,2503,1,0,23 24 2 26,0
300019,'1179554',2115,3,2504,2,0,23 24 2 25,0
300019,'1179566',1716,2,2505,22,0,23 24 2 26,0
300019,'1179568',1916,2,2506,22,0,23 24 2 26,0
300019,'1179570',1615,3,2507,2,0,23 24 2 25,0
300019,'1179580',1915,3,2508,2,0,23 24 2 25,0
300019,'1179588',1042,,2509,2,4,,0
300019,'1179593',1044,,2510,22,4,,0
300019,'1179597',845,3,2511,2,0,23 24 2 25,0
300019,'1179607',645,,2512,1,0,23 24 2 25,0
300019,'1179614',1415,3,2513,2,0,23 24 2 25,0
300019,'1179617',1745,3,2514,2,0,23 24 2 25,0
300019,'1179622',1746,2,2515,22,0,23 24 2 26,0
300019,'1179624',1645,3,2516,2,0,23 24 2 25,0
300019,'1179640',2212,,2517,2,4,,0
300019,'1179643',2015,3,2518,2,0,23 24 2 25,0
300019,'1179649',1616,2,2519,22,0,23 24 2 26,0
300019,'1179671',718,,2520,1,0,23 24 2 26,0
300019,'1179713',915,3,2521,2,0,23 24 2 25,0
140010019,'1178914',1130,,2522,33,4,,0
140010019,'1178921',1515,14,2523,33,,,0
140010019,'1178922',1015,14,2524,34,,,0
140010019,'1178936',745,15,2525,33,,,0
140010019,'1178946',2300,,2526,33,4,,0
140010019,'1178979',1115,14,2527,34,,,0
140010019,'1179012',815,15,2528,34,,,0
140010019,'1179037',2015,15,2529,33,,,0
140010019,'1179103',1615,15,2530,34,,,0
140010019,'1179122',1330,,2531,33,4,,0
140010019,'1179131',1215,14,2532,33,,,0
140010019,'1179140',2215,15,2533,33,,,0
140010019,'1179147',930,,2534,33,4,,0
140010019,'1179157',715,15,2535,33,,,0
140010019,'1179167',1115,14,2536,33,,,0
140010019,'1179178',1815,15,2537,34,,,0
140010019,'1179180',2215,15,2538,34,,,0
140010019,'1179188',1515,14,2539,34,,,0
140010019,'1179217',2015,15,2540,34,,,0
140010019,'1179232',1530,,2541,33,4,,0
140010019,'1179251',1645,15,2542,33,,,0
140010019,'1179253',845,15,2543,33,,,0
140010019,'1179268',1745,15,2544,33,,,0
140010019,'1179270',1715,15,2545,34,,,0
140010019,'1179302',715,,2546,1,,,0
140010019,'1179336',915,15,2547,33,,,0
140010019,'1179347',815,15,2548,33,,,0
140010019,'1179361',2115,15,2549,33,,,0
140010019,'1179396',2115,15,2550,34,,,0
140010019,'1179408',2300,,2551,34,4,,0
140010019,'1179415',1215,14,2552,34,,,0
140010019,'1179445',1415,14,2553,33,,,0
140010019,'1179452',1815,15,2554,33,,,0
140010019,'1179453',1415,14,2555,34,,,0
140010019,'1179479',1315,14,2556,33,,,0
140010019,'1179483',1230,,2557,33,4,,0
140010019,'1179494',1715,15,2558,33,,,0
140010019,'1179496',1615,15,2559,33,,,0
140010019,'1179498',1430,,2560,33,4,,0
140010019,'1179544',1915,15,2561,33,,,0
140010019,'1179548',1030,,2562,33,4,,0
140010019,'1179613',1915,15,2563,34,,,0
140010019,'1179620',915,15,2564,34,,,0
140010019,'1179629',1830,,2565,33,4,,0
140010019,'1179659',1315,14,2566,34,,,0
140010019,'1179692',1015,14,2567,33,,,0
140012019,'1178913',1215,10,2568,23,,,0
140012019,'1178923',1215,10,2569,23,,,0
140012019,'1178934',1015,10,2570,23,,,0
140012019,'1178935',815,10,2571,23,,,0
140012019,'1178953',915,10,2572,23,,,0
140012019,'1178981',715,10,2573,23,,,0
140012019,'1178986',1445,10,2574,23,,,0
140012019,'1179006',1345,10,2575,23,,,0
140012019,'1179011',745,10,2576,23,,,0
140012019,'1179015',1915,10,2577,23,,,0
140012019,'1179046',915,10,2578,23,,,0
140012019,'1179102',1615,10,2579,23,,,0
140012019,'1179154',1415,10,2580,23,,,0
140012019,'1179183',2015,10,2581,23,,,0
140012019,'1179185',945,10,2582,23,,,0
140012019,'1179216',2305,,2583,23,4,,0
140012019,'1179230',1015,10,2584,23,,,0
140012019,'1179233',1615,10,2585,23,,,0
140012019,'1179236',815,10,2586,23,,,0
140012019,'1179238',1515,10,2587,23,,,0
140012019,'1179244',2115,10,2588,23,,,0
140012019,'1179245',1915,10,2589,23,,,0
140012019,'1179250',715,,2590,1,,,0
140012019,'1179255',1835,,2591,23,4,,0
140012019,'1179261',1115,10,2592,23,,,0
140012019,'1179316',2015,10,2593,23,,,0
140012019,'1179325',845,10,2594,23,,,0
140012019,'1179348',1315,10,2595,23,,,0
140012019,'1179359',1745,10,2596,23,,,0
140012019,'1179372',2215,10,2597,23,,,0
140012019,'1179387',1315,10,2598,23,,,0
140012019,'1179399',1145,10,2599,23,,,0
140012019,'1179425',2115,10,2600,23,,,0
140012019,'1179444',1645,10,2601,23,,,0
140012019,'1179495',1415,10,2602,23,,,0
140012019,'1179499',1545,10,2603,23,,,0
140012019,'1179510',1715,10,2604,23,,,0
140012019,'1179511',2215,10,2605,23,,,0
140012019,'1179526',1815,10,2606,23,,,0
140012019,'1179556',1115,10,2607,23,,,0
140012019,'1179567',1245,10,2608,23,,,0
140012019,'1179578',2305,,2609,23,4,,0
140012019,'1179644',1815,10,2610,23,,,0
140012019,'1179693',1045,10,2611,23,,,0
140012019,'1179704',1515,10,2612,23,,,0
140012019,'1179715',1715,10,2613,23,,,0
140014019,'1178954',1615,10,2614,22,,,0
140014019,'1178955',1145,10,2615,22,,,0
140014019,'1178974',1015,10,2616,22,,,0
140014019,'1179007',1815,10,2617,22,,,0
140014019,'1179027',1515,10,2618,22,,,0
140014019,'1179052',815,10,2619,22,,,0
140014019,'1179079',745,10,2620,22,,,0
140014019,'1179080',1515,10,2621,22,,,0
140014019,'1179082',845,10,2622,22,,,0
140014019,'1179084',715,10,2623,22,,,0
140014019,'1179111',2215,10,2624,22,,,0
140014019,'1179143',815,10,2625,22,,,0
140014019,'1179200',1245,10,2626,22,,,0
140014019,'1179207',1745,10,2627,22,,,0
140014019,'1179221',1415,10,2628,22,,,0
140014019,'1179271',1215,10,2629,22,,,0
140014019,'1179298',1715,10,2630,22,,,0
140014019,'1179320',1445,10,2631,22,,,0
140014019,'1179323',1015,10,2632,22,,,0
140014019,'1179350',915,10,2634,22,,,0
140014019,'1179353',1815,10,2635,22,,,0
140014019,'1179366',2015,10,2636,22,,,0
140014019,'1179392',1615,10,2637,22,,,0
140014019,'1179403',1915,10,2638,22,,,0
140014019,'1179417',715,,2639,1,,,0
140014019,'1179433',1415,10,2640,22,,,0
140014019,'1179443',945,10,2641,22,,,0
140014019,'1179446',1215,10,2642,22,,,0
140014019,'1179449',1045,10,2643,22,,,0
140014019,'1179493',1115,10,2644,22,,,0
140014019,'1179524',1715,10,2646,22,,,0
140014019,'1179535',1345,10,2647,22,,,0
140014019,'1179547',1315,10,2648,22,,,0
140014019,'1179550',645,,2649,1,,,0
140014019,'1179557',1835,,2650,22,4,,0
140014019,'1179561',1545,10,2651,22,,,0
140014019,'1179577',1315,10,2652,22,,,0
140014019,'1179598',2115,10,2653,22,,,0
140014019,'1179600',2215,10,2654,22,,,0
140014019,'1179608',1915,10,2655,22,,,0
140014019,'1179636',1645,10,2656,22,,,0
140014019,'1179638',915,10,2657,22,,,0
140014019,'1179648',2015,10,2658,22,,,0
140014019,'1179654',2115,10,2659,22,,,0
140014019,'1179662',1115,10,2660,22,,,0
140016019,'1178912',1715,10,2661,21,,,0
140016019,'1178941',815,10,2662,21,,,0
140016019,'1179017',1235,,2664,21,4,,0
140016019,'1179051',2215,10,2665,21,,,0
140016019,'1179063',715,,2666,1,,,0
140016019,'1179077',1745,10,2667,21,,,0
140016019,'1179112',1915,10,2668,21,,,0
140016019,'1179129',1215,10,2669,21,,,0
140016019,'1179136',1515,10,2670,21,,,0
140016019,'1179158',1315,10,2671,21,,,0
140016019,'1179191',915,10,2672,21,,,0
140016019,'1179213',1015,10,2673,21,,,0
140016019,'1179234',1415,10,2675,21,,,0
140016019,'1179254',1135,,2676,21,4,,0
140016019,'1179256',845,10,2677,21,,,0
140016019,'1179267',815,10,2678,21,,,0
140016019,'1179284',1915,10,2679,21,,,0
140016019,'1179299',2215,10,2681,21,,,0
140016019,'1179304',1315,10,2682,21,,,0
140016019,'1179312',1615,10,2683,21,,,0
140016019,'1179318',1815,10,2684,21,,,0
140016019,'1179330',2015,10,2685,21,,,0
140016019,'1179333',1415,10,2686,21,,,0
140016019,'1179351',935,,2687,21,4,,0
140016019,'1179357',1115,10,2688,21,,,0
140016019,'1179371',1515,10,2689,21,,,0
140016019,'1179389',1645,10,2690,21,,,0
140016019,'1179416',1615,10,2691,21,,,0
140016019,'1179464',2115,10,2693,21,,,0
140016019,'1179475',915,10,2694,21,,,0
140016019,'1179481',1715,10,2695,21,,,0
140016019,'1179503',1435,,2696,21,4,,0
140016019,'1179517',1545,10,2697,21,,,0
140016019,'1179520',2015,10,2698,21,,,0
140016019,'1179536',745,10,2699,21,,,0
140016019,'1179538',715,10,2700,21,,,0
140016019,'1179562',1335,,2701,21,4,,0
140016019,'1179569',1835,,2702,21,4,,0
140016019,'1179601',2115,10,2703,21,,,0
140016019,'1179604',1115,10,2704,21,,,0
140016019,'1179627',1215,10,2705,21,,,0
140016019,'1179663',1015,10,2706,21,,,0
140016019,'1179681',1035,,2707,21,4,,0
140016019,'1179687',1815,10,2708,21,,,0
190011019,'1178945',1545,,2709,1,,,0
190011019,'1178950',745,5,2710,25,,,0
190011019,'1178970',1915,5,2711,25,,,0
190011019,'1179009',1840,,2712,25,4,,0
190011019,'1179040',2115,5,2713,25,,,0
190011019,'1179064',1045,,2714,1,,,0
190011019,'1179145',915,5,2715,25,,,0
190011019,'1179146',1145,,2716,1,,,0
190011019,'1179159',1815,5,2717,25,,,0
190011019,'1179163',815,5,2719,25,,,0
190011019,'1179248',715,5,2720,25,,,0
190011019,'1179252',1815,5,2721,25,,,0
190011019,'1179276',2015,5,2722,25,,,0
190011019,'1179307',715,5,2723,25,,,0
190011019,'1179317',1245,,2724,1,,,0
190011019,'1179332',1115,8,2725,26,,,0
190011019,'1179340',915,5,2726,25,,,0
190011019,'1179367',1745,5,2727,25,,,0
190011019,'1179375',1445,,2728,1,,,0
190011019,'1179393',1645,,2729,1,,,0
190011019,'1179394',2215,5,2730,25,,,0
190011019,'1179413',1315,8,2732,26,,,0
190011019,'1179424',2215,5,2733,25,,,0
190011019,'1179426',1415,8,2734,26,,,0
190011019,'1179430',1615,8,2735,26,,,0
190011019,'1179437',1115,8,2736,26,,,0
190011019,'1179438',1615,8,2737,26,,,0
190011019,'1179442',1915,5,2738,25,,,0
190011019,'1179477',815,5,2739,25,,,0
190011019,'1179521',1415,8,2740,26,,,0
190011019,'1179528',1215,8,2741,26,,,0
190011019,'1179530',645,,2742,1,,,0
190011019,'1179555',2015,5,2743,25,,,0
190011019,'1179572',1215,8,2744,26,,,0
190011019,'1179590',1515,8,2745,26,,,0
190011019,'1179619',1715,5,2746,25,,,0
190011019,'1179642',1015,5,2747,25,,,0
190011019,'1179650',1315,8,2748,26,,,0
190011019,'1179665',615,2,2749,4,,,0
190011019,'1179666',845,5,2750,25,,,0
190011019,'1179672',1345,,2751,1,,,0
190011019,'1179677',2115,5,2752,25,,,0
190011019,'1179678',945,5,2753,25,,,0
190011019,'1179688',1715,5,2754,25,,,0
190011019,'1179700',1515,8,2755,26,,,0
190011019,'1179709',1015,5,2756,25,,,0
190013019,'1178916',1645,5,2757,33,,,0
190013019,'1178919',2015,5,2758,33,,,0
190013019,'1178920',1145,5,2759,33,,,0
190013019,'1178929',815,5,2760,33,,,0
190013019,'1178930',1715,5,2761,33,,,0
190013019,'1178972',2015,5,2762,33,,,0
190013019,'1178983',1245,5,2763,33,,,0
190013019,'1178994',2215,5,2764,33,,,0
190013019,'1178997',1215,5,2765,33,,,0
190013019,'1179048',1545,5,2766,33,,,0
190013019,'1179062',1615,5,2767,33,,,0
190013019,'1179074',1345,5,2768,33,,,0
190013019,'1179087',1315,5,2769,33,,,0
190013019,'1179104',1045,5,2770,33,,,0
190013019,'1179171',1840,,2771,33,4,,0
190013019,'1179187',915,5,2772,33,,,0
190013019,'1179202',1115,5,2773,33,,,0
190013019,'1179203',1015,5,2774,33,,,0
190013019,'1179212',1515,5,2775,33,,,0
190013019,'1179219',1315,5,2776,33,,,0
190013019,'1179243',815,5,2777,33,,,0
190013019,'1179287',2215,5,2778,33,,,0
190013019,'1179292',1115,5,2779,33,,,0
190013019,'1179300',745,5,2780,33,,,0
190013019,'1179354',615,,2781,1,,,0
190013019,'1179373',1015,5,2782,33,,,0
190013019,'1179380',1415,5,2783,33,,,0
190013019,'1179402',1415,5,2784,33,,,0
190013019,'1179411',1445,5,2785,33,,,0
190013019,'1179457',1915,5,2786,33,,,0
190013019,'1179504',715,5,2787,33,,,0
190013019,'1179507',945,5,2788,33,,,0
190013019,'1179509',1215,5,2789,33,,,0
190013019,'1179516',1615,5,2790,33,,,0
190013019,'1179531',2115,5,2791,33,,,0
190013019,'1179537',915,5,2792,33,,,0
190013019,'1179539',1815,5,2793,33,,,0
190013019,'1179546',715,5,2794,33,,,0
190013019,'1179553',1915,5,2795,33,,,0
190013019,'1179581',645,,2796,1,,,0
190013019,'1179591',1715,5,2797,33,,,0
190013019,'1179611',1745,5,2798,33,,,0
190013019,'1179635',1515,5,2799,33,,,0
190013019,'1179694',845,5,2800,33,,,0
190013019,'1179701',2115,5,2801,33,,,0
190013019,'1179717',1815,5,2802,33,,,0
190015019,'1178937',1145,10,2803,26,,,0
190015019,'1178958',1015,10,2805,26,,,0
190015019,'1178960',1115,10,2806,26,,,0
190015019,'1179018',1415,10,2808,26,,,0
190015019,'1179054',1315,10,2809,26,,,0
190015019,'1179073',1345,10,2810,26,,,0
190015019,'1179083',615,,2811,1,,,0
190015019,'1179089',1215,10,2812,26,,,0
190015019,'1179095',1715,10,2813,26,,,0
190015019,'1179126',1815,10,2814,26,,,0
190015019,'1179130',1615,10,2815,26,,,0
190015019,'1179152',945,10,2816,26,,,0
190015019,'1179169',1015,10,2818,26,,,0
190015019,'1179170',815,10,2819,26,,,0
190015019,'1179189',815,10,2820,26,,,0
190015019,'1179226',1815,10,2821,26,,,0
190015019,'1179241',1835,,2822,26,4,,0
190015019,'1179257',2115,10,2823,26,,,0
190015019,'1179260',1715,10,2824,26,,,0
190015019,'1179280',1515,10,2826,26,,,0
190015019,'1179329',1645,10,2827,26,,,0
190015019,'1179378',2015,10,2828,26,,,0
190015019,'1179382',1745,10,2829,26,,,0
190015019,'1179400',1915,10,2830,26,,,0
190015019,'1179414',1515,10,2831,26,,,0
190015019,'1179456',1545,10,2832,26,,,0
190015019,'1179465',1615,10,2833,26,,,0
190015019,'1179466',915,10,2834,26,,,0
190015019,'1179468',2015,10,2835,26,,,0
190015019,'1179480',1315,10,2836,26,,,0
190015019,'1179489',1245,10,2837,26,,,0
190015019,'1179491',1115,10,2838,26,,,0
190015019,'1179501',1045,10,2839,26,,,0
190015019,'1179525',715,10,2840,26,,,0
190015019,'1179560',2115,10,2841,26,,,0
190015019,'1179563',1415,10,2842,26,,,0
190015019,'1179576',1915,10,2843,26,,,0
190015019,'1179602',845,10,2844,26,,,0
190015019,'1179633',745,10,2845,26,,,0
190015019,'1179637',645,,2846,1,,,0
190015019,'1179652',915,10,2847,26,,,0
190015019,'1179679',1445,10,2848,26,,,0
190015019,'1179703',1215,10,2849,26,,,0
190015019,'1179716',715,10,2850,26,,,0
190017019,'1178928',1715,10,2851,34,,,0
190017019,'1178932',945,10,2852,34,,,0
190017019,'1178967',1445,,2853,1,,,0
190017019,'1179000',2205,,2854,34,4,,0
190017019,'1179014',1835,,2855,34,4,,0
190017019,'1179016',645,10,2856,34,,,0
190017019,'1179057',2305,,2857,34,4,,0
190017019,'1179076',615,,2858,1,,,0
190017019,'1179092',715,10,2859,34,,,0
190017019,'1179124',1615,10,2860,34,,,0
190017019,'1179128',1115,10,2861,34,,,0
190017019,'1179133',2205,,2862,34,4,,0
190017019,'1179151',1915,10,2863,34,,,0
190017019,'1179161',1745,10,2864,34,,,0
190017019,'1179166',1015,10,2865,34,,,0
190017019,'1179196',715,10,2866,34,,,0
190017019,'1179242',1215,10,2867,34,,,0
190017019,'1179273',2115,10,2868,34,,,0
190017019,'1179277',845,10,2869,34,,,0
190017019,'1179293',1315,10,2870,34,,,0
190017019,'1179306',1915,10,2871,34,,,0
190017019,'1179309',1345,,2872,1,,,0
190017019,'1179327',1515,10,2873,34,,,0
190017019,'1179377',1545,,2874,1,,,0
190017019,'1179384',1245,,2875,1,,,0
190017019,'1179385',815,10,2876,34,,,0
190017019,'1179401',2015,10,2877,34,,,0
190017019,'1179427',1315,10,2878,34,,,0
190017019,'1179455',1415,10,2879,34,,,0
190017019,'1179492',1145,,2880,1,,,0
190017019,'1179519',1815,10,2881,34,,,0
190017019,'1179529',2305,,2882,34,4,,0
190017019,'1179533',745,10,2883,34,,,0
190017019,'1179565',1045,,2884,1,,,0
190017019,'1179573',1215,10,2885,34,,,0
190017019,'1179579',1115,10,2886,34,,,0
190017019,'1179599',2115,10,2887,34,,,0
190017019,'1179610',2015,10,2888,34,,,0
190017019,'1179621',915,10,2889,34,,,0
190017019,'1179625',1415,10,2890,34,,,0
190017019,'1179626',1645,10,2891,34,,,0
190017019,'1179631',1815,10,2892,34,,,0
190017019,'1179667',815,10,2893,34,,,0
190017019,'1179680',1615,10,2894,34,,,0
190017019,'1179683',915,10,2895,34,,,0
190017019,'1179686',1515,10,2896,34,,,0
190017019,'1179699',1015,10,2897,34,,,0
190017019,'1179710',1715,10,2898,34,,,0
