116019,'1178992',750,,2257,23,,,0
116019,'1178995',750,,2258,23,,,0
116019,'1179088',654,,2259,24,,,0
116019,'1179096',850,,2260,23,,,0
116019,'1179141',1450,,2261,23,,,0
116019,'1179172',1150,,2262,23,,,0
116019,'1179177',850,,2263,23,,,0
116019,'1179190',1620,,2264,23,,,0
116019,'1179215',1050,,2265,23,,,0
116019,'1179228',820,,2266,23,,,0
116019,'1179247',950,,2267,23,,,0
116019,'1179275',1550,,2268,23,,,0
116019,'1179278',1250,,2269,23,,,0
116019,'1179313',1750,,2270,23,,,0
116019,'1179314',2050,,2271,23,,,0
116019,'1179321',1150,,2272,23,,,0
116019,'1179339',724,,2273,24,,,0
116019,'1179343',1950,,2274,23,,,0
116019,'1179365',1650,,2275,23,,,0
116019,'1179381',1850,,2276,23,,,0
116019,'1179418',1654,,2277,24,,,0
116019,'1179432',1724,,2278,24,,,0
116019,'1179434',1950,,2279,23,,,0
116019,'1179439',1350,,2280,23,,,0
116019,'1179441',1450,,2281,23,,,0
116019,'1179476',1050,,2282,23,,,0
116019,'1179500',2150,,2283,23,,,0
116019,'1179515',920,,2284,23,,,0
116019,'1179584',1850,,2285,23,,,0
116019,'1179603',950,,2286,23,,,0
116019,'1179606',1820,,2287,23,,,0
116019,'1179615',1550,,2288,23,,,0
116019,'1179641',1250,,2289,23,,,0
116019,'1179653',1750,,2290,23,,,0
116019,'1179682',1350,,2291,23,,,0
116019,'1179696',2050,,2292,23,,,0
116019,'1179706',2150,,2293,23,,,0
160019,'1178943',1541,,2366,21,,,0
160019,'1178949',941,,2367,21,,,0
160019,'1178951',1341,,2368,21,,,0
160019,'1179047',1441,,2369,21,,,0
160019,'1179060',1741,,2370,21,,,0
160019,'1179205',1141,,2371,21,,,0
160019,'1179319',1241,,2372,21,,,0
160019,'1179451',1641,,2373,21,,,0
160019,'1179697',1041,,2374,21,,,0
