140019,'1178969',1326,,2330,17,,,0
140019,'1178977',1526,,2331,17,,,0
140019,'1179164',1626,,2332,17,,,0
140019,'1179344',1426,,2333,17,,,0
140019,'1179352',926,,2334,17,,,0
140019,'1179462',1226,,2335,17,,,0
140019,'1179512',1126,,2336,17,,,0
140019,'1179518',1026,,2337,17,,,0
140019,'1179634',1726,,2338,17,,,0
190013019,'1178916',1625,,2757,21,,,0
190013019,'1178919',1955,,2758,21,,,0
190013019,'1178920',1125,,2759,21,,,0
190013019,'1178929',755,,2760,21,,,0
190013019,'1178930',1655,,2761,21,,,0
190013019,'1178972',1955,,2762,21,,,0
190013019,'1178983',1225,,2763,21,,,0
190013019,'1178994',2155,,2764,21,,,0
190013019,'1178997',1155,,2765,21,,,0
190013019,'1179048',1525,,2766,21,,,0
190013019,'1179062',1555,,2767,21,,,0
190013019,'1179074',1325,,2768,21,,,0
190013019,'1179087',1255,,2769,21,,,0
190013019,'1179104',1025,,2770,21,,,0
190013019,'1179171',1825,,2771,21,0,8 21,0
190013019,'1179187',855,,2772,21,,,0
190013019,'1179202',1055,,2773,21,,,0
190013019,'1179203',955,,2774,21,,,0
190013019,'1179212',1455,,2775,21,,,0
190013019,'1179219',1255,,2776,21,,,0
190013019,'1179243',755,,2777,21,,,0
190013019,'1179287',2155,,2778,21,,,0
190013019,'1179292',1055,,2779,21,,,0
190013019,'1179300',725,,2780,21,,,0
190013019,'1179373',955,,2782,21,,,0
190013019,'1179380',1355,,2783,21,,,0
190013019,'1179402',1355,,2784,21,,,0
190013019,'1179411',1425,,2785,21,,,0
190013019,'1179457',1855,,2786,21,,,0
190013019,'1179504',655,,2787,21,,,0
190013019,'1179507',925,,2788,21,,,0
190013019,'1179509',1155,,2789,21,,,0
190013019,'1179516',1555,,2790,21,,,0
190013019,'1179531',2055,,2791,21,,,0
190013019,'1179537',855,,2792,21,,,0
190013019,'1179539',1755,,2793,21,,,0
190013019,'1179546',655,,2794,21,,,0
190013019,'1179553',1855,,2795,21,,,0
190013019,'1179591',1655,,2797,21,,,0
190013019,'1179611',1725,,2798,21,,,0
190013019,'1179635',1455,,2799,21,,,0
190013019,'1179694',825,,2800,21,,,0
190013019,'1179701',2055,,2801,21,,,0
190013019,'1179717',1755,,2802,21,,,0
