110029,'1178926',1310,,2248,28,,,0
110029,'1179044',910,,2249,28,,,0
110029,'1179118',1110,,2250,28,,,0
110029,'1179173',1210,,2251,28,,,0
110029,'1179459',1710,,2252,28,,,0
110029,'1179534',1410,,2253,28,,,0
110029,'1179542',1610,,2254,28,,,0
110029,'1179690',1010,,2255,28,,,0
110029,'1179707',1510,,2256,28,,,0
200029,'1178971',1115,,2393,26,,,0
200029,'1179034',1715,,2394,26,,,0
200029,'1179043',1315,,2395,26,,,0
200029,'1179091',1515,,2396,26,,,0
200029,'1179144',915,,2397,16,,,0
200029,'1179198',1215,,2398,26,,,0
200029,'1179283',1415,,2400,26,,,0
200029,'1179383',1615,,2401,26,,,0
200029,'1179689',1015,,2402,26,,,0
190011019,'1178945',1603,,2709,28,,,0
190011019,'1178950',803,,2710,52,,,0
190011019,'1178970',1933,,2711,52,,,0
190011019,'1179040',2133,,2713,52,,,0
190011019,'1179064',1103,,2714,28,,,0
190011019,'1179145',933,,2715,52,,,0
190011019,'1179146',1203,,2716,28,,,0
190011019,'1179159',1833,,2717,52,,,0
190011019,'1179163',833,,2719,52,,,0
190011019,'1179248',733,,2720,52,,,0
190011019,'1179252',1833,,2721,52,,,0
190011019,'1179276',2033,,2722,52,,,0
190011019,'1179307',733,,2723,52,,,0
190011019,'1179317',1303,,2724,28,,,0
190011019,'1179332',1133,,2725,53,,,0
190011019,'1179340',933,,2726,52,,,0
190011019,'1179367',1803,,2727,52,,,0
190011019,'1179375',1503,,2728,28,,,0
190011019,'1179393',1703,,2729,28,,,0
190011019,'1179394',2233,,2730,52,,,0
190011019,'1179413',1333,,2732,53,,,0
190011019,'1179424',2233,,2733,52,,,0
190011019,'1179426',1433,,2734,53,,,0
190011019,'1179430',1633,,2735,53,,,0
190011019,'1179437',1133,,2736,53,,,0
190011019,'1179438',1633,,2737,53,,,0
190011019,'1179442',1933,,2738,52,,,0
190011019,'1179477',833,,2739,52,,,0
190011019,'1179521',1433,,2740,53,,,0
190011019,'1179528',1233,,2741,53,,,0
190011019,'1179530',703,,2742,28,,,0
190011019,'1179555',2033,,2743,52,,,0
190011019,'1179572',1233,,2744,53,,,0
190011019,'1179590',1533,,2745,53,,,0
190011019,'1179619',1733,,2746,52,,,0
190011019,'1179642',1033,,2747,52,,,0
190011019,'1179650',1333,,2748,53,,,0
190011019,'1179665',633,,2749,31,,,0
190011019,'1179666',903,,2750,52,,,0
190011019,'1179672',1403,,2751,28,,,0
190011019,'1179677',2133,,2752,52,,,0
190011019,'1179678',1003,,2753,52,,,0
190011019,'1179688',1733,,2754,52,,,0
190011019,'1179700',1533,,2755,53,,,0
190011019,'1179709',1033,,2756,52,,,0
190017019,'1178928',1729,,2851,48,,,0
190017019,'1178932',959,,2852,48,,,0
190017019,'1178967',1459,,2853,15,,,0
190017019,'1179016',659,,2856,48,,,0
190017019,'1179076',629,,2858,15,,,0
190017019,'1179092',729,,2859,48,,,0
190017019,'1179124',1629,,2860,48,,,0
190017019,'1179128',1129,,2861,48,,,0
190017019,'1179151',1929,,2863,48,,,0
190017019,'1179161',1759,,2864,48,,,0
190017019,'1179166',1029,,2865,48,,,0
190017019,'1179196',729,,2866,48,,,0
190017019,'1179242',1229,,2867,48,,,0
190017019,'1179273',2129,,2868,48,,,0
190017019,'1179277',859,,2869,48,,,0
190017019,'1179293',1329,,2870,48,,,0
190017019,'1179306',1929,,2871,48,,,0
190017019,'1179309',1359,,2872,15,,,0
190017019,'1179327',1529,,2873,48,,,0
190017019,'1179377',1559,,2874,15,,,0
190017019,'1179384',1259,,2875,15,,,0
190017019,'1179385',829,,2876,48,,,0
190017019,'1179401',2029,,2877,48,,,0
190017019,'1179427',1329,,2878,48,,,0
190017019,'1179455',1429,,2879,48,,,0
190017019,'1179492',1159,,2880,15,,,0
190017019,'1179519',1829,,2881,48,,,0
190017019,'1179533',759,,2883,48,,,0
190017019,'1179565',1059,,2884,15,,,0
190017019,'1179573',1229,,2885,48,,,0
190017019,'1179579',1129,,2886,48,,,0
190017019,'1179599',2129,,2887,48,,,0
190017019,'1179610',2029,,2888,48,,,0
190017019,'1179621',929,,2889,48,,,0
190017019,'1179625',1429,,2890,48,,,0
190017019,'1179626',1659,,2891,48,,,0
190017019,'1179631',1829,,2892,48,,,0
190017019,'1179667',829,,2893,48,,,0
190017019,'1179680',1629,,2894,48,,,0
190017019,'1179683',929,,2895,48,,,0
190017019,'1179686',1529,,2896,48,,,0
190017019,'1179699',1029,,2897,48,,,0
190017019,'1179710',1729,,2898,48,,,0
