140029,'1178990',1450,,2339,27,,,0
140029,'1179039',1150,,2340,27,,,0
140029,'1179106',1050,,2341,27,,,0
140029,'1179281',1350,,2342,27,,,0
140029,'1179335',1650,,2343,27,,,0
140029,'1179461',1803,,2344,27,,,0
140029,'1179478',1550,,2345,27,,,0
140029,'1179522',1250,,2346,27,,,0
140029,'1179651',950,,2347,27,,,0
140012019,'1178913',1225,,2568,37,,,0
140012019,'1178923',1225,,2569,37,,,0
140012019,'1178934',1025,,2570,37,,,0
140012019,'1178935',825,,2571,37,,,0
140012019,'1178953',925,,2572,37,,,0
140012019,'1178981',725,,2573,37,,,0
140012019,'1178986',1455,,2574,37,,,0
140012019,'1179006',1355,,2575,37,,,0
140012019,'1179011',755,,2576,37,,,0
140012019,'1179015',1925,,2577,37,,,0
140012019,'1179046',925,,2578,37,,,0
140012019,'1179102',1625,,2579,37,,,0
140012019,'1179154',1425,,2580,37,,,0
140012019,'1179183',2025,,2581,37,,,0
140012019,'1179185',955,,2582,37,,,0
140012019,'1179230',1025,,2584,37,,,0
140012019,'1179233',1625,,2585,37,,,0
140012019,'1179236',825,,2586,37,,,0
140012019,'1179238',1525,,2587,37,,,0
140012019,'1179244',2125,,2588,37,,,0
140012019,'1179245',1925,,2589,37,,,0
140012019,'1179250',725,,2590,15,,,0
140012019,'1179261',1125,,2592,37,,,0
140012019,'1179316',2025,,2593,37,,,0
140012019,'1179325',855,,2594,37,,,0
140012019,'1179348',1325,,2595,37,,,0
140012019,'1179359',1755,,2596,37,,,0
140012019,'1179372',2225,,2597,37,,,0
140012019,'1179387',1325,,2598,37,,,0
140012019,'1179399',1155,,2599,37,,,0
140012019,'1179425',2125,,2600,37,,,0
140012019,'1179444',1655,,2601,37,,,0
140012019,'1179495',1425,,2602,37,,,0
140012019,'1179499',1555,,2603,37,,,0
140012019,'1179510',1725,,2604,37,,,0
140012019,'1179511',2225,,2605,37,,,0
140012019,'1179526',1825,,2606,37,,,0
140012019,'1179556',1125,,2607,37,,,0
140012019,'1179567',1255,,2608,37,,,0
140012019,'1179644',1825,,2610,37,,,0
140012019,'1179693',1055,,2611,37,,,0
140012019,'1179704',1525,,2612,37,,,0
140012019,'1179715',1725,,2613,37,,,0
