200019,'1179038',1510,,2384,28,,,0
200019,'1179081',1710,,2385,28,,,0
200019,'1179174',1010,,2386,28,,,0
200019,'1179259',1210,,2387,28,,,0
200019,'1179289',1610,,2388,28,,,0
200019,'1179460',1802,,2389,28,,,0
200019,'1179585',1110,,2390,28,,,0
200019,'1179594',1410,,2391,28,,,0
200019,'1179655',1310,,2392,28,,,0
190015019,'1178937',1124,,2803,15,,,0
190015019,'1178938',2254,,2804,15,0,12,0
190015019,'1178958',954,,2805,15,,,0
190015019,'1178960',1054,,2806,15,,,0
190015019,'1178991',2154,,2807,15,0,12,0
190015019,'1179018',1354,,2808,15,,,0
190015019,'1179054',1254,,2809,15,,,0
190015019,'1179073',1324,,2810,15,,,0
190015019,'1179089',1154,,2812,15,,,0
190015019,'1179095',1654,,2813,15,,,0
190015019,'1179126',1754,,2814,15,,,0
190015019,'1179130',1554,,2815,15,,,0
190015019,'1179152',924,,2816,15,,,0
190015019,'1179165',2154,,2817,15,0,12,0
190015019,'1179169',954,,2818,15,,,0
190015019,'1179170',754,,2819,15,,,0
190015019,'1179189',754,,2820,15,,,0
190015019,'1179226',1754,,2821,15,,,0
190015019,'1179241',1824,,2822,15,0,12,0
190015019,'1179257',2054,,2823,15,,,0
190015019,'1179260',1654,,2824,15,,,0
190015019,'1179269',2254,,2825,15,0,12,0
190015019,'1179280',1454,,2826,15,,,0
190015019,'1179329',1624,,2827,15,,,0
190015019,'1179378',1954,,2828,15,,,0
190015019,'1179382',1724,,2829,15,,,0
190015019,'1179400',1854,,2830,15,,,0
190015019,'1179414',1454,,2831,15,,,0
190015019,'1179456',1524,,2832,15,,,0
190015019,'1179465',1554,,2833,15,,,0
190015019,'1179466',854,,2834,15,,,0
190015019,'1179468',1954,,2835,15,,,0
190015019,'1179480',1254,,2836,15,,,0
190015019,'1179489',1224,,2837,15,,,0
190015019,'1179491',1054,,2838,15,,,0
190015019,'1179501',1024,,2839,15,,,0
190015019,'1179525',654,,2840,15,,,0
190015019,'1179560',2054,,2841,15,,,0
190015019,'1179563',1354,,2842,15,,,0
190015019,'1179576',1854,,2843,15,,,0
190015019,'1179602',824,,2844,15,,,0
190015019,'1179633',724,,2845,15,,,0
190015019,'1179652',854,,2847,15,,,0
190015019,'1179679',1424,,2848,15,,,0
190015019,'1179703',1154,,2849,15,,,0
190015019,'1179716',654,,2850,15,,,0
