130019,'1179053',1735,,2312,17,,,0
130019,'1179067',1335,,2313,17,,,0
130019,'1179069',1035,,2314,17,,,0
130019,'1179093',1135,,2315,17,,,0
130019,'1179108',1235,,2316,17,,,0
130019,'1179294',1535,,2317,17,,,0
130019,'1179386',1635,,2318,17,,,0
130019,'1179541',935,,2319,17,,,0
130019,'1179675',1435,,2320,17,,,0
140012019,'1178913',1156,,2568,17,,,0
140012019,'1178923',1156,,2569,17,,,0
140012019,'1178934',956,,2570,17,,,0
140012019,'1178935',756,,2571,17,,,0
140012019,'1178953',856,,2572,17,,,0
140012019,'1178981',656,,2573,17,,,0
140012019,'1178986',1426,,2574,17,,,0
140012019,'1179006',1326,,2575,17,,,0
140012019,'1179011',726,,2576,17,,,0
140012019,'1179015',1856,,2577,17,,,0
140012019,'1179046',856,,2578,17,,,0
140012019,'1179102',1556,,2579,17,,,0
140012019,'1179154',1356,,2580,17,,,0
140012019,'1179183',1956,,2581,17,,,0
140012019,'1179185',926,,2582,17,,,0
140012019,'1179216',2256,,2583,17,0,8 21,0
140012019,'1179230',956,,2584,17,,,0
140012019,'1179233',1556,,2585,17,,,0
140012019,'1179236',756,,2586,17,,,0
140012019,'1179238',1456,,2587,17,,,0
140012019,'1179244',2056,,2588,17,,,0
140012019,'1179245',1856,,2589,17,,,0
140012019,'1179255',1826,,2591,17,0,8 21,0
140012019,'1179261',1056,,2592,17,,,0
140012019,'1179316',1956,,2593,17,,,0
140012019,'1179325',826,,2594,17,,,0
140012019,'1179348',1256,,2595,17,,,0
140012019,'1179359',1726,,2596,17,,,0
140012019,'1179372',2156,,2597,17,,,0
140012019,'1179387',1256,,2598,17,,,0
140012019,'1179399',1126,,2599,17,,,0
140012019,'1179425',2056,,2600,17,,,0
140012019,'1179444',1626,,2601,17,,,0
140012019,'1179495',1356,,2602,17,,,0
140012019,'1179499',1526,,2603,17,,,0
140012019,'1179510',1656,,2604,17,,,0
140012019,'1179511',2156,,2605,17,,,0
140012019,'1179526',1756,,2606,17,,,0
140012019,'1179556',1056,,2607,17,,,0
140012019,'1179567',1226,,2608,17,,,0
140012019,'1179578',2256,,2609,17,0,8 21,0
140012019,'1179644',1756,,2610,17,,,0
140012019,'1179693',1026,,2611,17,,,0
140012019,'1179704',1456,,2612,17,,,0
140012019,'1179715',1656,,2613,17,,,0
