140012019,'1178913',1231,,2568,46,,,0
140012019,'1178923',1231,,2569,46,,,0
140012019,'1178934',1031,,2570,46,,,0
140012019,'1178935',831,,2571,46,,,0
140012019,'1178953',931,,2572,46,,,0
140012019,'1178981',731,,2573,46,,,0
140012019,'1178986',1501,,2574,46,,,0
140012019,'1179006',1401,,2575,46,,,0
140012019,'1179011',801,,2576,46,,,0
140012019,'1179015',1931,,2577,46,,,0
140012019,'1179046',931,,2578,46,,,0
140012019,'1179102',1631,,2579,46,,,0
140012019,'1179154',1431,,2580,46,,,0
140012019,'1179183',2031,,2581,46,,,0
140012019,'1179185',1001,,2582,46,,,0
140012019,'1179230',1031,,2584,46,,,0
140012019,'1179233',1631,,2585,46,,,0
140012019,'1179236',831,,2586,46,,,0
140012019,'1179238',1531,,2587,46,,,0
140012019,'1179244',2131,,2588,46,,,0
140012019,'1179245',1931,,2589,46,,,0
140012019,'1179250',731,,2590,24,,,0
140012019,'1179261',1131,,2592,46,,,0
140012019,'1179316',2031,,2593,46,,,0
140012019,'1179325',901,,2594,46,,,0
140012019,'1179348',1331,,2595,46,,,0
140012019,'1179359',1801,,2596,46,,,0
140012019,'1179372',2231,,2597,46,,,0
140012019,'1179387',1331,,2598,46,,,0
140012019,'1179399',1201,,2599,46,,,0
140012019,'1179425',2131,,2600,46,,,0
140012019,'1179444',1701,,2601,46,,,0
140012019,'1179495',1431,,2602,46,,,0
140012019,'1179499',1601,,2603,46,,,0
140012019,'1179510',1731,,2604,46,,,0
140012019,'1179511',2231,,2605,46,,,0
140012019,'1179526',1831,,2606,46,,,0
140012019,'1179556',1131,,2607,46,,,0
140012019,'1179567',1301,,2608,46,,,0
140012019,'1179644',1831,,2610,46,,,0
140012019,'1179693',1101,,2611,46,,,0
140012019,'1179704',1531,,2612,46,,,0
140012019,'1179715',1731,,2613,46,,,0
