140029,'1178990',1429,,2339,9,,,0
140029,'1179039',1129,,2340,9,,,0
140029,'1179106',1029,,2341,9,,,0
140029,'1179281',1329,,2342,9,,,0
140029,'1179335',1629,,2343,9,,,0
140029,'1179461',1729,,2344,9,,,0
140029,'1179478',1529,,2345,9,,,0
140029,'1179522',1229,,2346,9,,,0
140029,'1179651',929,,2347,9,,,0
190015019,'1178937',1119,,2803,8,,,0
190015019,'1178938',2249,,2804,8,0,12,0
190015019,'1178958',949,,2805,8,,,0
190015019,'1178960',1049,,2806,8,,,0
190015019,'1178991',2149,,2807,8,0,12,0
190015019,'1179018',1349,,2808,8,,,0
190015019,'1179054',1249,,2809,8,,,0
190015019,'1179073',1319,,2810,8,,,0
190015019,'1179089',1149,,2812,8,,,0
190015019,'1179095',1649,,2813,8,,,0
190015019,'1179126',1749,,2814,8,,,0
190015019,'1179130',1549,,2815,8,,,0
190015019,'1179152',919,,2816,8,,,0
190015019,'1179165',2149,,2817,8,0,12,0
190015019,'1179169',949,,2818,8,,,0
190015019,'1179170',749,,2819,8,,,0
190015019,'1179189',749,,2820,8,,,0
190015019,'1179226',1749,,2821,8,,,0
190015019,'1179241',1819,,2822,8,0,12,0
190015019,'1179257',2049,,2823,8,,,0
190015019,'1179260',1649,,2824,8,,,0
190015019,'1179269',2249,,2825,8,0,12,0
190015019,'1179280',1449,,2826,8,,,0
190015019,'1179329',1619,,2827,8,,,0
190015019,'1179378',1949,,2828,8,,,0
190015019,'1179382',1719,,2829,8,,,0
190015019,'1179400',1849,,2830,8,,,0
190015019,'1179414',1449,,2831,8,,,0
190015019,'1179456',1519,,2832,8,,,0
190015019,'1179465',1549,,2833,8,,,0
190015019,'1179466',849,,2834,8,,,0
190015019,'1179468',1949,,2835,8,,,0
190015019,'1179480',1249,,2836,8,,,0
190015019,'1179489',1219,,2837,8,,,0
190015019,'1179491',1049,,2838,8,,,0
190015019,'1179501',1019,,2839,8,,,0
190015019,'1179525',649,,2840,8,,,0
190015019,'1179560',2049,,2841,8,,,0
190015019,'1179563',1349,,2842,8,,,0
190015019,'1179576',1849,,2843,8,,,0
190015019,'1179602',819,,2844,8,,,0
190015019,'1179633',719,,2845,8,,,0
190015019,'1179652',849,,2847,8,,,0
190015019,'1179679',1419,,2848,8,,,0
190015019,'1179703',1149,,2849,8,,,0
190015019,'1179716',649,,2850,8,,,0
