120029,'1179032',1530,,2303,26,,,0
120029,'1179055',1330,,2304,26,,,0
120029,'1179056',1630,,2305,26,,,0
120029,'1179099',1730,,2306,26,,,0
120029,'1179153',930,,2307,26,,,0
120029,'1179222',1430,,2308,26,,,0
120029,'1179429',1130,,2309,26,,,0
120029,'1179447',1030,,2310,26,,,0
120029,'1179575',1230,,2311,26,,,0
190017019,'1178928',1657,,2851,27,,,0
190017019,'1178932',927,,2852,27,,,0
190017019,'1179000',2157,,2854,27,0,8 21,0
190017019,'1179014',1827,,2855,27,0,8 21,0
190017019,'1179016',627,,2856,27,,,0
190017019,'1179057',2257,,2857,27,0,8 21,0
190017019,'1179092',657,,2859,27,,,0
190017019,'1179124',1557,,2860,27,,,0
190017019,'1179128',1057,,2861,27,,,0
190017019,'1179133',2157,,2862,27,0,8 21,0
190017019,'1179151',1857,,2863,27,,,0
190017019,'1179161',1727,,2864,27,,,0
190017019,'1179166',957,,2865,27,,,0
190017019,'1179196',657,,2866,27,,,0
190017019,'1179242',1157,,2867,27,,,0
190017019,'1179273',2057,,2868,27,,,0
190017019,'1179277',827,,2869,27,,,0
190017019,'1179293',1257,,2870,27,,,0
190017019,'1179306',1857,,2871,27,,,0
190017019,'1179327',1457,,2873,27,,,0
190017019,'1179385',757,,2876,27,,,0
190017019,'1179401',1957,,2877,27,,,0
190017019,'1179427',1257,,2878,27,,,0
190017019,'1179455',1357,,2879,27,,,0
190017019,'1179519',1757,,2881,27,,,0
190017019,'1179529',2257,,2882,27,0,8 21,0
190017019,'1179533',727,,2883,27,,,0
190017019,'1179573',1157,,2885,27,,,0
190017019,'1179579',1057,,2886,27,,,0
190017019,'1179599',2057,,2887,27,,,0
190017019,'1179610',1957,,2888,27,,,0
190017019,'1179621',857,,2889,27,,,0
190017019,'1179625',1357,,2890,27,,,0
190017019,'1179626',1627,,2891,27,,,0
190017019,'1179631',1757,,2892,27,,,0
190017019,'1179667',757,,2893,27,,,0
190017019,'1179680',1557,,2894,27,,,0
190017019,'1179683',857,,2895,27,,,0
190017019,'1179686',1457,,2896,27,,,0
190017019,'1179699',957,,2897,27,,,0
190017019,'1179710',1657,,2898,27,,,0
