120029,'1179032',1605,,2303,45,,,0
120029,'1179055',1405,,2304,45,,,0
120029,'1179056',1705,,2305,45,,,0
120029,'1179099',1818,,2306,45,,,0
120029,'1179153',1005,,2307,45,,,0
120029,'1179222',1505,,2308,45,,,0
120029,'1179429',1205,,2309,45,,,0
120029,'1179447',1105,,2310,45,,,0
120029,'1179575',1305,,2311,45,,,0
140012019,'1178913',1235,,2568,51,,,0
140012019,'1178923',1235,,2569,51,,,0
140012019,'1178934',1035,,2570,51,,,0
140012019,'1178935',835,,2571,51,,,0
140012019,'1178953',935,,2572,51,,,0
140012019,'1178981',735,,2573,51,,,0
140012019,'1178986',1505,,2574,51,,,0
140012019,'1179006',1405,,2575,51,,,0
140012019,'1179011',805,,2576,51,,,0
140012019,'1179015',1935,,2577,51,,,0
140012019,'1179046',935,,2578,51,,,0
140012019,'1179102',1635,,2579,51,,,0
140012019,'1179154',1435,,2580,51,,,0
140012019,'1179183',2035,,2581,51,,,0
140012019,'1179185',1005,,2582,51,,,0
140012019,'1179230',1035,,2584,51,,,0
140012019,'1179233',1635,,2585,51,,,0
140012019,'1179236',835,,2586,51,,,0
140012019,'1179238',1535,,2587,51,,,0
140012019,'1179244',2135,,2588,51,,,0
140012019,'1179245',1935,,2589,51,,,0
140012019,'1179250',735,,2590,29,,,0
140012019,'1179261',1135,,2592,51,,,0
140012019,'1179316',2035,,2593,51,,,0
140012019,'1179325',905,,2594,51,,,0
140012019,'1179348',1335,,2595,51,,,0
140012019,'1179359',1805,,2596,51,,,0
140012019,'1179372',2235,,2597,51,,,0
140012019,'1179387',1335,,2598,51,,,0
140012019,'1179399',1205,,2599,51,,,0
140012019,'1179425',2135,,2600,51,,,0
140012019,'1179444',1705,,2601,51,,,0
140012019,'1179495',1435,,2602,51,,,0
140012019,'1179499',1605,,2603,51,,,0
140012019,'1179510',1735,,2604,51,,,0
140012019,'1179511',2235,,2605,51,,,0
140012019,'1179526',1835,,2606,51,,,0
140012019,'1179556',1135,,2607,51,,,0
140012019,'1179567',1305,,2608,51,,,0
140012019,'1179644',1835,,2610,51,,,0
140012019,'1179693',1105,,2611,51,,,0
140012019,'1179704',1535,,2612,51,,,0
140012019,'1179715',1735,,2613,51,,,0
