140029,'1178990',1500,,2339,37,,,0
140029,'1179039',1200,,2340,37,,,0
140029,'1179106',1100,,2341,37,,,0
140029,'1179281',1400,,2342,37,,,0
140029,'1179335',1700,,2343,37,,,0
140029,'1179461',1813,,2344,37,,,0
140029,'1179478',1600,,2345,37,,,0
140029,'1179522',1300,,2346,37,,,0
140029,'1179651',1000,,2347,37,,,0
140010019,'1178921',1526,,2523,52,,,0
140010019,'1178922',1029,,2524,53,,,0
140010019,'1178936',801,,2525,51,,,0
140010019,'1178979',1129,,2527,53,,,0
140010019,'1179012',831,,2528,52,,,0
140010019,'1179037',2031,,2529,51,,,0
140010019,'1179103',1631,,2530,52,,,0
140010019,'1179131',1226,,2532,52,,,0
140010019,'1179140',2231,,2533,51,,,0
140010019,'1179157',731,,2535,51,,,0
140010019,'1179167',1126,,2536,52,,,0
140010019,'1179178',1831,,2537,52,,,0
140010019,'1179180',2231,,2538,52,,,0
140010019,'1179188',1529,,2539,53,,,0
140010019,'1179217',2031,,2540,52,,,0
140010019,'1179251',1701,,2542,51,,,0
140010019,'1179253',901,,2543,51,,,0
140010019,'1179268',1801,,2544,51,,,0
140010019,'1179270',1731,,2545,52,,,0
140010019,'1179302',731,,2546,19,,,0
140010019,'1179336',931,,2547,51,,,0
140010019,'1179347',831,,2548,51,,,0
140010019,'1179361',2131,,2549,51,,,0
140010019,'1179396',2131,,2550,52,,,0
140010019,'1179415',1229,,2552,53,,,0
140010019,'1179445',1426,,2553,52,,,0
140010019,'1179452',1831,,2554,51,,,0
140010019,'1179453',1429,,2555,53,,,0
140010019,'1179479',1326,,2556,52,,,0
140010019,'1179494',1731,,2558,51,,,0
140010019,'1179496',1631,,2559,51,,,0
140010019,'1179544',1931,,2561,51,,,0
140010019,'1179613',1931,,2563,52,,,0
140010019,'1179620',931,,2564,52,,,0
140010019,'1179659',1329,,2566,53,,,0
140010019,'1179692',1026,,2567,52,,,0
