160029,'1178957',907,,2375,20,,,0
160029,'1179098',1407,,2376,20,,,0
160029,'1179137',1607,,2377,20,,,0
160029,'1179301',1207,,2378,20,,,0
160029,'1179398',1307,,2379,20,,,0
160029,'1179410',1707,,2380,20,,,0
160029,'1179543',1107,,2381,20,,,0
160029,'1179558',1007,,2382,20,,,0
160029,'1179623',1507,,2383,20,,,0
216019,'1178924',759,,2403,22,,,0
216019,'1178948',629,,2404,22,,,0
216019,'1178963',2129,,2405,22,,,0
216019,'1178968',1229,,2406,22,,,0
216019,'1179019',1759,,2407,22,,,0
216019,'1179021',1559,,2408,22,,,0
216019,'1179029',1429,,2409,22,,,0
216019,'1179050',1529,,2410,22,,,0
216019,'1179070',1429,,2411,22,,,0
216019,'1179075',1829,,2412,22,,,0
216019,'1179116',732,,2413,23,,,0
216019,'1179123',1329,,2414,22,,,0
216019,'1179160',1732,,2415,23,,,0
216019,'1179179',2029,,2416,22,,,0
216019,'1179181',1129,,2417,22,,,0
216019,'1179199',929,,2418,22,,,0
216019,'1179206',1529,,2419,22,,,0
216019,'1179328',1029,,2420,22,,,0
216019,'1179338',1229,,2421,22,,,0
216019,'1179345',829,,2422,22,,,0
216019,'1179368',1702,,2423,23,,,0
216019,'1179369',1029,,2424,22,,,0
216019,'1179374',1632,,2425,23,,,0
216019,'1179421',1829,,2426,22,,,0
216019,'1179431',1129,,2427,22,,,0
216019,'1179458',1929,,2428,22,,,0
216019,'1179488',729,,2429,22,,,0
216019,'1179523',1329,,2430,22,,,0
216019,'1179574',2029,,2431,22,,,0
216019,'1179582',1929,,2432,22,,,0
216019,'1179605',859,,2433,22,,,0
216019,'1179647',1729,,2434,22,,,0
216019,'1179669',829,,2435,22,,,0
216019,'1179695',2129,,2436,22,,,0
216019,'1179712',702,,2437,23,,,0
216019,'1179714',929,,2438,22,,,0
216019,'1179719',1629,,2439,22,,,0
