110019,'1178947',948,,2239,28,,,0
110019,'1178964',1448,,2240,28,,,0
110019,'1178973',1748,,2241,28,,,0
110019,'1179028',1548,,2242,28,,,0
110019,'1179105',1648,,2243,28,,,0
110019,'1179114',1048,,2244,28,,,0
110019,'1179176',1248,,2245,28,,,0
110019,'1179184',1348,,2246,28,,,0
110019,'1179290',1148,,2247,28,,,0
200019,'1179038',1447,,2384,16,,,0
200019,'1179081',1647,,2385,16,,,0
200019,'1179174',947,,2386,16,,,0
200019,'1179259',1147,,2387,16,,,0
200019,'1179289',1547,,2388,16,,,0
200019,'1179460',1747,,2389,16,,,0
200019,'1179585',1047,,2390,16,,,0
200019,'1179594',1347,,2391,16,,,0
200019,'1179655',1247,,2392,16,,,0
140010019,'1178914',1128,,2522,30,0,8 21,0
140010019,'1178921',1459,,2523,30,,,0
140010019,'1178922',959,,2524,31,,,0
140010019,'1178936',728,,2525,30,,,0
140010019,'1178946',2258,,2526,30,0,8 21,0
140010019,'1178979',1059,,2527,31,,,0
140010019,'1179012',758,,2528,31,,,0
140010019,'1179037',1958,,2529,30,,,0
140010019,'1179103',1558,,2530,31,,,0
140010019,'1179122',1328,,2531,30,0,8 21,0
140010019,'1179131',1159,,2532,30,,,0
140010019,'1179140',2158,,2533,30,,,0
140010019,'1179147',928,,2534,30,0,8 21,0
140010019,'1179157',658,,2535,30,,,0
140010019,'1179167',1059,,2536,30,,,0
140010019,'1179178',1758,,2537,31,,,0
140010019,'1179180',2158,,2538,31,,,0
140010019,'1179188',1459,,2539,31,,,0
140010019,'1179217',1958,,2540,31,,,0
140010019,'1179232',1528,,2541,30,0,8 21,0
140010019,'1179251',1628,,2542,30,,,0
140010019,'1179253',828,,2543,30,,,0
140010019,'1179268',1728,,2544,30,,,0
140010019,'1179270',1658,,2545,31,,,0
140010019,'1179336',858,,2547,30,,,0
140010019,'1179347',758,,2548,30,,,0
140010019,'1179361',2058,,2549,30,,,0
140010019,'1179396',2058,,2550,31,,,0
140010019,'1179408',2258,,2551,31,0,8 21,0
140010019,'1179415',1159,,2552,31,,,0
140010019,'1179445',1359,,2553,30,,,0
140010019,'1179452',1758,,2554,30,,,0
140010019,'1179453',1359,,2555,31,,,0
140010019,'1179479',1259,,2556,30,,,0
140010019,'1179483',1228,,2557,30,0,8 21,0
140010019,'1179494',1658,,2558,30,,,0
140010019,'1179496',1558,,2559,30,,,0
140010019,'1179498',1428,,2560,30,0,8 21,0
140010019,'1179544',1858,,2561,30,,,0
140010019,'1179548',1028,,2562,30,0,8 21,0
140010019,'1179613',1858,,2563,31,,,0
140010019,'1179620',858,,2564,31,,,0
140010019,'1179629',1828,,2565,30,0,8 21,0
140010019,'1179659',1259,,2566,31,,,0
140010019,'1179692',959,,2567,30,,,0
140016019,'1178912',1702,,2661,18,,,0
140016019,'1178941',802,,2662,18,,,0
140016019,'1179017',1232,,2664,18,0,8 21,0
140016019,'1179051',2202,,2665,18,,,0
140016019,'1179077',1732,,2667,18,,,0
140016019,'1179112',1902,,2668,18,,,0
140016019,'1179129',1202,,2669,18,,,0
140016019,'1179136',1502,,2670,18,,,0
140016019,'1179158',1302,,2671,18,,,0
140016019,'1179191',902,,2672,18,,,0
140016019,'1179213',1002,,2673,18,,,0
140016019,'1179234',1402,,2675,18,,,0
140016019,'1179254',1132,,2676,18,0,8 21,0
140016019,'1179256',832,,2677,18,,,0
140016019,'1179267',802,,2678,18,,,0
140016019,'1179284',1902,,2679,18,,,0
140016019,'1179299',2202,,2681,18,,,0
140016019,'1179304',1302,,2682,18,,,0
140016019,'1179312',1602,,2683,18,,,0
140016019,'1179318',1802,,2684,18,,,0
140016019,'1179330',2002,,2685,18,,,0
140016019,'1179333',1402,,2686,18,,,0
140016019,'1179351',932,,2687,18,0,8 21,0
140016019,'1179357',1102,,2688,18,,,0
140016019,'1179371',1502,,2689,18,,,0
140016019,'1179389',1632,,2690,18,,,0
140016019,'1179416',1602,,2691,18,,,0
140016019,'1179464',2102,,2693,18,,,0
140016019,'1179475',902,,2694,18,,,0
140016019,'1179481',1702,,2695,18,,,0
140016019,'1179503',1432,,2696,18,0,8 21,0
140016019,'1179517',1532,,2697,18,,,0
140016019,'1179520',2002,,2698,18,,,0
140016019,'1179536',732,,2699,18,,,0
140016019,'1179538',702,,2700,18,,,0
140016019,'1179562',1332,,2701,18,0,8 21,0
140016019,'1179569',1832,,2702,18,0,8 21,0
140016019,'1179601',2102,,2703,18,,,0
140016019,'1179604',1102,,2704,18,,,0
140016019,'1179627',1202,,2705,18,,,0
140016019,'1179663',1002,,2706,18,,,0
140016019,'1179681',1032,,2707,18,0,8 21,0
140016019,'1179687',1802,,2708,18,,,0
