140019,'1178969',1319,,2330,8,,,0
140019,'1178977',1519,,2331,8,,,0
140019,'1179164',1619,,2332,8,,,0
140019,'1179344',1419,,2333,8,,,0
140019,'1179352',919,,2334,8,,,0
140019,'1179462',1219,,2335,8,,,0
140019,'1179512',1119,,2336,8,,,0
140019,'1179518',1019,,2337,8,,,0
140019,'1179634',1719,,2338,8,,,0
190011019,'1178950',719,,2710,8,,,0
190011019,'1178970',1849,,2711,8,,,0
190011019,'1179009',1819,,2712,8,0,8 21,0
190011019,'1179040',2049,,2713,8,,,0
190011019,'1179145',849,,2715,8,,,0
190011019,'1179159',1749,,2717,8,,,0
190011019,'1179162',2244,,2718,8,0,12,0
190011019,'1179163',749,,2719,8,,,0
190011019,'1179248',649,,2720,8,,,0
190011019,'1179252',1749,,2721,8,,,0
190011019,'1179276',1949,,2722,8,,,0
190011019,'1179307',649,,2723,8,,,0
190011019,'1179332',1049,,2725,8,,,0
190011019,'1179340',849,,2726,8,,,0
190011019,'1179367',1719,,2727,8,,,0
190011019,'1179394',2149,,2730,8,,,0
190011019,'1179412',2244,,2731,8,0,12,0
190011019,'1179413',1249,,2732,8,,,0
190011019,'1179424',2149,,2733,8,,,0
190011019,'1179426',1349,,2734,8,,,0
190011019,'1179430',1549,,2735,8,,,0
190011019,'1179437',1049,,2736,8,,,0
190011019,'1179438',1549,,2737,8,,,0
190011019,'1179442',1849,,2738,8,,,0
190011019,'1179477',749,,2739,8,,,0
190011019,'1179521',1349,,2740,8,,,0
190011019,'1179528',1149,,2741,8,,,0
190011019,'1179555',1949,,2743,8,,,0
190011019,'1179572',1149,,2744,8,,,0
190011019,'1179590',1449,,2745,8,,,0
190011019,'1179619',1649,,2746,8,,,0
190011019,'1179642',949,,2747,8,,,0
190011019,'1179650',1249,,2748,8,,,0
190011019,'1179666',819,,2750,8,,,0
190011019,'1179677',2049,,2752,8,,,0
190011019,'1179678',919,,2753,8,,,0
190011019,'1179688',1649,,2754,8,,,0
190011019,'1179700',1449,,2755,8,,,0
190011019,'1179709',949,,2756,8,,,0
