140019,'1178969',1414,,2330,41,,,0
140019,'1178977',1614,,2331,41,,,0
140019,'1179164',1714,,2332,41,,,0
140019,'1179344',1514,,2333,41,,,0
140019,'1179352',1014,,2334,41,,,0
140019,'1179462',1314,,2335,41,,,0
140019,'1179512',1214,,2336,41,,,0
140019,'1179518',1114,,2337,41,,,0
140019,'1179634',1813,,2338,41,,,0
140014019,'1178954',1641,,2614,48,,,0
140014019,'1178955',1211,,2615,48,,,0
140014019,'1178974',1041,,2616,48,,,0
140014019,'1179007',1839,,2617,48,,,0
140014019,'1179027',1541,,2618,48,,,0
140014019,'1179052',839,,2619,48,,,0
140014019,'1179079',811,,2620,48,,,0
140014019,'1179080',1539,,2621,48,,,0
140014019,'1179082',911,,2622,48,,,0
140014019,'1179084',741,,2623,48,,,0
140014019,'1179111',2241,,2624,48,,,0
140014019,'1179143',841,,2625,48,,,0
140014019,'1179200',1311,,2626,48,,,0
140014019,'1179207',1811,,2627,48,,,0
140014019,'1179221',1439,,2628,48,,,0
140014019,'1179271',1241,,2629,48,,,0
140014019,'1179298',1739,,2630,48,,,0
140014019,'1179320',1511,,2631,48,,,0
140014019,'1179323',1039,,2632,48,,,0
140014019,'1179337',639,,2633,20,,,0
140014019,'1179350',939,,2634,48,,,0
140014019,'1179353',1841,,2635,48,,,0
140014019,'1179366',2039,,2636,48,,,0
140014019,'1179392',1639,,2637,48,,,0
140014019,'1179403',1941,,2638,48,,,0
140014019,'1179417',739,,2639,27,,,0
140014019,'1179433',1441,,2640,48,,,0
140014019,'1179443',1011,,2641,48,,,0
140014019,'1179446',1239,,2642,48,,,0
140014019,'1179449',1111,,2643,48,,,0
140014019,'1179493',1141,,2644,48,,,0
140014019,'1179513',641,,2645,20,,,0
140014019,'1179524',1741,,2646,48,,,0
140014019,'1179535',1411,,2647,48,,,0
140014019,'1179547',1339,,2648,48,,,0
140014019,'1179550',711,,2649,27,,,0
140014019,'1179561',1611,,2651,48,,,0
140014019,'1179577',1341,,2652,48,,,0
140014019,'1179598',2141,,2653,48,,,0
140014019,'1179600',2239,,2654,48,,,0
140014019,'1179608',1939,,2655,48,,,0
140014019,'1179636',1711,,2656,48,,,0
140014019,'1179638',941,,2657,48,,,0
140014019,'1179648',2041,,2658,48,,,0
140014019,'1179654',2139,,2659,48,,,0
140014019,'1179662',1139,,2660,48,,,0
