140019,'1178969',1317,,2330,4,,,0
140019,'1178977',1517,,2331,4,,,0
140019,'1179164',1617,,2332,4,,,0
140019,'1179344',1417,,2333,4,,,0
140019,'1179352',917,,2334,4,,,0
140019,'1179462',1217,,2335,4,,,0
140019,'1179512',1117,,2336,4,,,0
140019,'1179518',1017,,2337,4,,,0
140019,'1179634',1717,,2338,4,,,0
190011019,'1178950',717,,2710,4,,,0
190011019,'1178970',1847,,2711,4,,,0
190011019,'1179009',1817,,2712,4,0,8 21,0
190011019,'1179040',2047,,2713,4,,,0
190011019,'1179145',847,,2715,4,,,0
190011019,'1179159',1747,,2717,4,,,0
190011019,'1179162',2242,,2718,4,0,12,0
190011019,'1179163',747,,2719,4,,,0
190011019,'1179248',647,,2720,4,,,0
190011019,'1179252',1747,,2721,4,,,0
190011019,'1179276',1947,,2722,4,,,0
190011019,'1179307',647,,2723,4,,,0
190011019,'1179332',1047,,2725,4,,,0
190011019,'1179340',847,,2726,4,,,0
190011019,'1179367',1717,,2727,4,,,0
190011019,'1179394',2147,,2730,4,,,0
190011019,'1179412',2242,,2731,4,0,12,0
190011019,'1179413',1247,,2732,4,,,0
190011019,'1179424',2147,,2733,4,,,0
190011019,'1179426',1347,,2734,4,,,0
190011019,'1179430',1547,,2735,4,,,0
190011019,'1179437',1047,,2736,4,,,0
190011019,'1179438',1547,,2737,4,,,0
190011019,'1179442',1847,,2738,4,,,0
190011019,'1179477',747,,2739,4,,,0
190011019,'1179521',1347,,2740,4,,,0
190011019,'1179528',1147,,2741,4,,,0
190011019,'1179555',1947,,2743,4,,,0
190011019,'1179572',1147,,2744,4,,,0
190011019,'1179590',1447,,2745,4,,,0
190011019,'1179619',1647,,2746,4,,,0
190011019,'1179642',947,,2747,4,,,0
190011019,'1179650',1247,,2748,4,,,0
190011019,'1179666',817,,2750,4,,,0
190011019,'1179677',2047,,2752,4,,,0
190011019,'1179678',917,,2753,4,,,0
190011019,'1179688',1647,,2754,4,,,0
190011019,'1179700',1447,,2755,4,,,0
190011019,'1179709',947,,2756,4,,,0
