140019,'1178969',1324,,2330,13,,,0
140019,'1178977',1524,,2331,13,,,0
140019,'1179164',1624,,2332,13,,,0
140019,'1179344',1424,,2333,13,,,0
140019,'1179352',924,,2334,13,,,0
140019,'1179462',1224,,2335,13,,,0
140019,'1179512',1124,,2336,13,,,0
140019,'1179518',1024,,2337,13,,,0
140019,'1179634',1724,,2338,13,,,0
190011019,'1178950',723,,2710,14,,,0
190011019,'1178970',1853,,2711,14,,,0
190011019,'1179009',1823,,2712,14,0,8 21,0
190011019,'1179040',2053,,2713,14,,,0
190011019,'1179145',853,,2715,14,,,0
190011019,'1179159',1753,,2717,14,,,0
190011019,'1179162',2248,,2718,14,0,12,0
190011019,'1179163',753,,2719,14,,,0
190011019,'1179248',653,,2720,14,,,0
190011019,'1179252',1753,,2721,14,,,0
190011019,'1179276',1953,,2722,14,,,0
190011019,'1179307',653,,2723,14,,,0
190011019,'1179332',1053,,2725,14,,,0
190011019,'1179340',853,,2726,14,,,0
190011019,'1179367',1723,,2727,14,,,0
190011019,'1179394',2153,,2730,14,,,0
190011019,'1179412',2248,,2731,14,0,12,0
190011019,'1179413',1253,,2732,14,,,0
190011019,'1179424',2153,,2733,14,,,0
190011019,'1179426',1353,,2734,14,,,0
190011019,'1179430',1553,,2735,14,,,0
190011019,'1179437',1053,,2736,14,,,0
190011019,'1179438',1553,,2737,14,,,0
190011019,'1179442',1853,,2738,14,,,0
190011019,'1179477',753,,2739,14,,,0
190011019,'1179521',1353,,2740,14,,,0
190011019,'1179528',1153,,2741,14,,,0
190011019,'1179555',1953,,2743,14,,,0
190011019,'1179572',1153,,2744,14,,,0
190011019,'1179590',1453,,2745,14,,,0
190011019,'1179619',1653,,2746,14,,,0
190011019,'1179642',953,,2747,14,,,0
190011019,'1179650',1253,,2748,14,,,0
190011019,'1179666',823,,2750,14,,,0
190011019,'1179677',2053,,2752,14,,,0
190011019,'1179678',923,,2753,14,,,0
190011019,'1179688',1653,,2754,14,,,0
190011019,'1179700',1453,,2755,14,,,0
190011019,'1179709',953,,2756,14,,,0
