140019,'1178969',1326,,2330,16,,,0
140019,'1178977',1526,,2331,16,,,0
140019,'1179164',1626,,2332,16,,,0
140019,'1179344',1426,,2333,16,,,0
140019,'1179352',926,,2334,16,,,0
140019,'1179462',1226,,2335,16,,,0
140019,'1179512',1126,,2336,16,,,0
140019,'1179518',1026,,2337,16,,,0
140019,'1179634',1726,,2338,16,,,0
190013019,'1178916',1625,,2757,20,,,0
190013019,'1178919',1955,,2758,20,,,0
190013019,'1178920',1125,,2759,20,,,0
190013019,'1178929',755,,2760,20,,,0
190013019,'1178930',1655,,2761,20,,,0
190013019,'1178972',1955,,2762,20,,,0
190013019,'1178983',1225,,2763,20,,,0
190013019,'1178994',2155,,2764,20,,,0
190013019,'1178997',1155,,2765,20,,,0
190013019,'1179048',1525,,2766,20,,,0
190013019,'1179062',1555,,2767,20,,,0
190013019,'1179074',1325,,2768,20,,,0
190013019,'1179087',1255,,2769,20,,,0
190013019,'1179104',1025,,2770,20,,,0
190013019,'1179171',1825,,2771,20,0,8 21,0
190013019,'1179187',855,,2772,20,,,0
190013019,'1179202',1055,,2773,20,,,0
190013019,'1179203',955,,2774,20,,,0
190013019,'1179212',1455,,2775,20,,,0
190013019,'1179219',1255,,2776,20,,,0
190013019,'1179243',755,,2777,20,,,0
190013019,'1179287',2155,,2778,20,,,0
190013019,'1179292',1055,,2779,20,,,0
190013019,'1179300',725,,2780,20,,,0
190013019,'1179373',955,,2782,20,,,0
190013019,'1179380',1355,,2783,20,,,0
190013019,'1179402',1355,,2784,20,,,0
190013019,'1179411',1425,,2785,20,,,0
190013019,'1179457',1855,,2786,20,,,0
190013019,'1179504',655,,2787,20,,,0
190013019,'1179507',925,,2788,20,,,0
190013019,'1179509',1155,,2789,20,,,0
190013019,'1179516',1555,,2790,20,,,0
190013019,'1179531',2055,,2791,20,,,0
190013019,'1179537',855,,2792,20,,,0
190013019,'1179539',1755,,2793,20,,,0
190013019,'1179546',655,,2794,20,,,0
190013019,'1179553',1855,,2795,20,,,0
190013019,'1179591',1655,,2797,20,,,0
190013019,'1179611',1725,,2798,20,,,0
190013019,'1179635',1455,,2799,20,,,0
190013019,'1179694',825,,2800,20,,,0
190013019,'1179701',2055,,2801,20,,,0
190013019,'1179717',1755,,2802,20,,,0
