140029,'1178990',1424,,2339,4,,,0
140029,'1179039',1124,,2340,4,,,0
140029,'1179106',1024,,2341,4,,,0
140029,'1179281',1324,,2342,4,,,0
140029,'1179335',1624,,2343,4,,,0
140029,'1179461',1724,,2344,4,,,0
140029,'1179478',1524,,2345,4,,,0
140029,'1179522',1224,,2346,4,,,0
140029,'1179651',924,,2347,4,,,0
190015019,'1178937',1116,,2803,3,,,0
190015019,'1178938',2246,,2804,3,0,12,0
190015019,'1178958',946,,2805,3,,,0
190015019,'1178960',1046,,2806,3,,,0
190015019,'1178991',2146,,2807,3,0,12,0
190015019,'1179018',1346,,2808,3,,,0
190015019,'1179054',1246,,2809,3,,,0
190015019,'1179073',1316,,2810,3,,,0
190015019,'1179089',1146,,2812,3,,,0
190015019,'1179095',1646,,2813,3,,,0
190015019,'1179126',1746,,2814,3,,,0
190015019,'1179130',1546,,2815,3,,,0
190015019,'1179152',916,,2816,3,,,0
190015019,'1179165',2146,,2817,3,0,12,0
190015019,'1179169',946,,2818,3,,,0
190015019,'1179170',746,,2819,3,,,0
190015019,'1179189',746,,2820,3,,,0
190015019,'1179226',1746,,2821,3,,,0
190015019,'1179241',1816,,2822,3,0,12,0
190015019,'1179257',2046,,2823,3,,,0
190015019,'1179260',1646,,2824,3,,,0
190015019,'1179269',2246,,2825,3,0,12,0
190015019,'1179280',1446,,2826,3,,,0
190015019,'1179329',1616,,2827,3,,,0
190015019,'1179378',1946,,2828,3,,,0
190015019,'1179382',1716,,2829,3,,,0
190015019,'1179400',1846,,2830,3,,,0
190015019,'1179414',1446,,2831,3,,,0
190015019,'1179456',1516,,2832,3,,,0
190015019,'1179465',1546,,2833,3,,,0
190015019,'1179466',846,,2834,3,,,0
190015019,'1179468',1946,,2835,3,,,0
190015019,'1179480',1246,,2836,3,,,0
190015019,'1179489',1216,,2837,3,,,0
190015019,'1179491',1046,,2838,3,,,0
190015019,'1179501',1016,,2839,3,,,0
190015019,'1179525',646,,2840,3,,,0
190015019,'1179560',2046,,2841,3,,,0
190015019,'1179563',1346,,2842,3,,,0
190015019,'1179576',1846,,2843,3,,,0
190015019,'1179602',816,,2844,3,,,0
190015019,'1179633',716,,2845,3,,,0
190015019,'1179652',846,,2847,3,,,0
190015019,'1179679',1416,,2848,3,,,0
190015019,'1179703',1146,,2849,3,,,0
190015019,'1179716',646,,2850,3,,,0
