110019,'1178947',946,,2239,26,,,0
110019,'1178964',1446,,2240,26,,,0
110019,'1178973',1746,,2241,26,,,0
110019,'1179028',1546,,2242,26,,,0
110019,'1179105',1646,,2243,26,,,0
110019,'1179114',1046,,2244,26,,,0
110019,'1179176',1246,,2245,26,,,0
110019,'1179184',1346,,2246,26,,,0
110019,'1179290',1146,,2247,26,,,0
140010019,'1178914',1126,,2522,28,0,8 21,0
140010019,'1178921',1457,,2523,28,,,0
140010019,'1178922',957,,2524,29,,,0
140010019,'1178936',726,,2525,28,,,0
140010019,'1178946',2256,,2526,28,0,8 21,0
140010019,'1178979',1057,,2527,29,,,0
140010019,'1179012',756,,2528,29,,,0
140010019,'1179037',1956,,2529,28,,,0
140010019,'1179103',1556,,2530,29,,,0
140010019,'1179122',1326,,2531,28,0,8 21,0
140010019,'1179131',1157,,2532,28,,,0
140010019,'1179140',2156,,2533,28,,,0
140010019,'1179147',926,,2534,28,0,8 21,0
140010019,'1179157',656,,2535,28,,,0
140010019,'1179167',1057,,2536,28,,,0
140010019,'1179178',1756,,2537,29,,,0
140010019,'1179180',2156,,2538,29,,,0
140010019,'1179188',1457,,2539,29,,,0
140010019,'1179217',1956,,2540,29,,,0
140010019,'1179232',1526,,2541,28,0,8 21,0
140010019,'1179251',1626,,2542,28,,,0
140010019,'1179253',826,,2543,28,,,0
140010019,'1179268',1726,,2544,28,,,0
140010019,'1179270',1656,,2545,29,,,0
140010019,'1179336',856,,2547,28,,,0
140010019,'1179347',756,,2548,28,,,0
140010019,'1179361',2056,,2549,28,,,0
140010019,'1179396',2056,,2550,29,,,0
140010019,'1179408',2256,,2551,29,0,8 21,0
140010019,'1179415',1157,,2552,29,,,0
140010019,'1179445',1357,,2553,28,,,0
140010019,'1179452',1756,,2554,28,,,0
140010019,'1179453',1357,,2555,29,,,0
140010019,'1179479',1257,,2556,28,,,0
140010019,'1179483',1226,,2557,28,0,8 21,0
140010019,'1179494',1656,,2558,28,,,0
140010019,'1179496',1556,,2559,28,,,0
140010019,'1179498',1426,,2560,28,0,8 21,0
140010019,'1179544',1856,,2561,28,,,0
140010019,'1179548',1026,,2562,28,0,8 21,0
140010019,'1179613',1856,,2563,29,,,0
140010019,'1179620',856,,2564,29,,,0
140010019,'1179629',1826,,2565,28,0,8 21,0
140010019,'1179659',1257,,2566,29,,,0
140010019,'1179692',957,,2567,28,,,0
