130029,'1178925',1504,,2321,13,,,0
130029,'1178989',1404,,2322,13,,,0
130029,'1179023',1604,,2323,13,,,0
130029,'1179120',1704,,2324,13,,,0
130029,'1179168',1304,,2325,13,,,0
130029,'1179423',904,,2326,13,,,0
130029,'1179469',1204,,2327,13,,,0
130029,'1179639',1004,,2328,13,,,0
130029,'1179657',1104,,2329,13,,,0
190013019,'1178916',1655,,2757,45,,,0
190013019,'1178919',2025,,2758,45,,,0
190013019,'1178920',1155,,2759,45,,,0
190013019,'1178929',825,,2760,45,,,0
190013019,'1178930',1725,,2761,45,,,0
190013019,'1178972',2025,,2762,45,,,0
190013019,'1178983',1255,,2763,45,,,0
190013019,'1178994',2225,,2764,45,,,0
190013019,'1178997',1225,,2765,45,,,0
190013019,'1179048',1555,,2766,45,,,0
190013019,'1179062',1625,,2767,45,,,0
190013019,'1179074',1355,,2768,45,,,0
190013019,'1179087',1325,,2769,45,,,0
190013019,'1179104',1055,,2770,45,,,0
190013019,'1179187',925,,2772,45,,,0
190013019,'1179202',1125,,2773,45,,,0
190013019,'1179203',1025,,2774,45,,,0
190013019,'1179212',1525,,2775,45,,,0
190013019,'1179219',1325,,2776,45,,,0
190013019,'1179243',825,,2777,45,,,0
190013019,'1179287',2225,,2778,45,,,0
190013019,'1179292',1125,,2779,45,,,0
190013019,'1179300',755,,2780,45,,,0
190013019,'1179354',625,,2781,13,,,0
190013019,'1179373',1025,,2782,45,,,0
190013019,'1179380',1425,,2783,45,,,0
190013019,'1179402',1425,,2784,45,,,0
190013019,'1179411',1455,,2785,45,,,0
190013019,'1179457',1925,,2786,45,,,0
190013019,'1179504',725,,2787,45,,,0
190013019,'1179507',955,,2788,45,,,0
190013019,'1179509',1225,,2789,45,,,0
190013019,'1179516',1625,,2790,45,,,0
190013019,'1179531',2125,,2791,45,,,0
190013019,'1179537',925,,2792,45,,,0
190013019,'1179539',1825,,2793,45,,,0
190013019,'1179546',725,,2794,45,,,0
190013019,'1179553',1925,,2795,45,,,0
190013019,'1179581',655,,2796,13,,,0
190013019,'1179591',1725,,2797,45,,,0
190013019,'1179611',1755,,2798,45,,,0
190013019,'1179635',1525,,2799,45,,,0
190013019,'1179694',855,,2800,45,,,0
190013019,'1179701',2125,,2801,45,,,0
190013019,'1179717',1825,,2802,45,,,0
