150029,'1178980',1102,,2357,7,,,0
150029,'1179059',902,,2358,7,,,0
150029,'1179210',1302,,2359,7,,,0
150029,'1179274',1702,,2360,7,,,0
150029,'1179311',1002,,2361,7,,,0
150029,'1179362',1602,,2362,7,,,0
150029,'1179450',1402,,2363,7,,,0
150029,'1179616',1202,,2364,7,,,0
150029,'1179674',1502,,2365,7,,,0
190015019,'1178937',1149,,2803,32,,,0
190015019,'1178958',1019,,2805,32,,,0
190015019,'1178960',1119,,2806,32,,,0
190015019,'1179018',1419,,2808,32,,,0
190015019,'1179054',1319,,2809,32,,,0
190015019,'1179073',1349,,2810,32,,,0
190015019,'1179083',619,,2811,7,,,0
190015019,'1179089',1219,,2812,32,,,0
190015019,'1179095',1719,,2813,32,,,0
190015019,'1179126',1819,,2814,32,,,0
190015019,'1179130',1619,,2815,32,,,0
190015019,'1179152',949,,2816,32,,,0
190015019,'1179169',1019,,2818,32,,,0
190015019,'1179170',819,,2819,32,,,0
190015019,'1179189',819,,2820,32,,,0
190015019,'1179226',1819,,2821,32,,,0
190015019,'1179257',2119,,2823,32,,,0
190015019,'1179260',1719,,2824,32,,,0
190015019,'1179280',1519,,2826,32,,,0
190015019,'1179329',1649,,2827,32,,,0
190015019,'1179378',2019,,2828,32,,,0
190015019,'1179382',1749,,2829,32,,,0
190015019,'1179400',1919,,2830,32,,,0
190015019,'1179414',1519,,2831,32,,,0
190015019,'1179456',1549,,2832,32,,,0
190015019,'1179465',1619,,2833,32,,,0
190015019,'1179466',919,,2834,32,,,0
190015019,'1179468',2019,,2835,32,,,0
190015019,'1179480',1319,,2836,32,,,0
190015019,'1179489',1249,,2837,32,,,0
190015019,'1179491',1119,,2838,32,,,0
190015019,'1179501',1049,,2839,32,,,0
190015019,'1179525',719,,2840,32,,,0
190015019,'1179560',2119,,2841,32,,,0
190015019,'1179563',1419,,2842,32,,,0
190015019,'1179576',1919,,2843,32,,,0
190015019,'1179602',849,,2844,32,,,0
190015019,'1179633',749,,2845,32,,,0
190015019,'1179637',649,,2846,7,,,0
190015019,'1179652',919,,2847,32,,,0
190015019,'1179679',1449,,2848,32,,,0
190015019,'1179703',1219,,2849,32,,,0
190015019,'1179716',719,,2850,32,,,0
