130019,'1179053',1729,,2312,11,,,0
130019,'1179067',1329,,2313,11,,,0
130019,'1179069',1029,,2314,11,,,0
130019,'1179093',1129,,2315,11,,,0
130019,'1179108',1229,,2316,11,,,0
130019,'1179294',1529,,2317,11,,,0
130019,'1179386',1629,,2318,11,,,0
130019,'1179541',929,,2319,11,,,0
130019,'1179675',1429,,2320,11,,,0
140012019,'1178913',1153,,2568,11,,,0
140012019,'1178923',1153,,2569,11,,,0
140012019,'1178934',953,,2570,11,,,0
140012019,'1178935',753,,2571,11,,,0
140012019,'1178953',853,,2572,11,,,0
140012019,'1178981',653,,2573,11,,,0
140012019,'1178986',1423,,2574,11,,,0
140012019,'1179006',1323,,2575,11,,,0
140012019,'1179011',723,,2576,11,,,0
140012019,'1179015',1853,,2577,11,,,0
140012019,'1179046',853,,2578,11,,,0
140012019,'1179102',1553,,2579,11,,,0
140012019,'1179154',1353,,2580,11,,,0
140012019,'1179183',1953,,2581,11,,,0
140012019,'1179185',923,,2582,11,,,0
140012019,'1179216',2253,,2583,11,0,8 21,0
140012019,'1179230',953,,2584,11,,,0
140012019,'1179233',1553,,2585,11,,,0
140012019,'1179236',753,,2586,11,,,0
140012019,'1179238',1453,,2587,11,,,0
140012019,'1179244',2053,,2588,11,,,0
140012019,'1179245',1853,,2589,11,,,0
140012019,'1179255',1823,,2591,11,0,8 21,0
140012019,'1179261',1053,,2592,11,,,0
140012019,'1179316',1953,,2593,11,,,0
140012019,'1179325',823,,2594,11,,,0
140012019,'1179348',1253,,2595,11,,,0
140012019,'1179359',1723,,2596,11,,,0
140012019,'1179372',2153,,2597,11,,,0
140012019,'1179387',1253,,2598,11,,,0
140012019,'1179399',1123,,2599,11,,,0
140012019,'1179425',2053,,2600,11,,,0
140012019,'1179444',1623,,2601,11,,,0
140012019,'1179495',1353,,2602,11,,,0
140012019,'1179499',1523,,2603,11,,,0
140012019,'1179510',1653,,2604,11,,,0
140012019,'1179511',2153,,2605,11,,,0
140012019,'1179526',1753,,2606,11,,,0
140012019,'1179556',1053,,2607,11,,,0
140012019,'1179567',1223,,2608,11,,,0
140012019,'1179578',2253,,2609,11,0,8 21,0
140012019,'1179644',1753,,2610,11,,,0
140012019,'1179693',1023,,2611,11,,,0
140012019,'1179704',1453,,2612,11,,,0
140012019,'1179715',1653,,2613,11,,,0
