130029,'1178925',1500,,2321,9,,,0
130029,'1178989',1400,,2322,9,,,0
130029,'1179023',1600,,2323,9,,,0
130029,'1179120',1700,,2324,9,,,0
130029,'1179168',1300,,2325,9,,,0
130029,'1179423',900,,2326,9,,,0
130029,'1179469',1200,,2327,9,,,0
130029,'1179639',1000,,2328,9,,,0
130029,'1179657',1100,,2329,9,,,0
190013019,'1178916',1651,,2757,41,,,0
190013019,'1178919',2021,,2758,41,,,0
190013019,'1178920',1151,,2759,41,,,0
190013019,'1178929',821,,2760,41,,,0
190013019,'1178930',1721,,2761,41,,,0
190013019,'1178972',2021,,2762,41,,,0
190013019,'1178983',1251,,2763,41,,,0
190013019,'1178994',2221,,2764,41,,,0
190013019,'1178997',1221,,2765,41,,,0
190013019,'1179048',1551,,2766,41,,,0
190013019,'1179062',1621,,2767,41,,,0
190013019,'1179074',1351,,2768,41,,,0
190013019,'1179087',1321,,2769,41,,,0
190013019,'1179104',1051,,2770,41,,,0
190013019,'1179187',921,,2772,41,,,0
190013019,'1179202',1121,,2773,41,,,0
190013019,'1179203',1021,,2774,41,,,0
190013019,'1179212',1521,,2775,41,,,0
190013019,'1179219',1321,,2776,41,,,0
190013019,'1179243',821,,2777,41,,,0
190013019,'1179287',2221,,2778,41,,,0
190013019,'1179292',1121,,2779,41,,,0
190013019,'1179300',751,,2780,41,,,0
190013019,'1179354',621,,2781,9,,,0
190013019,'1179373',1021,,2782,41,,,0
190013019,'1179380',1421,,2783,41,,,0
190013019,'1179402',1421,,2784,41,,,0
190013019,'1179411',1451,,2785,41,,,0
190013019,'1179457',1921,,2786,41,,,0
190013019,'1179504',721,,2787,41,,,0
190013019,'1179507',951,,2788,41,,,0
190013019,'1179509',1221,,2789,41,,,0
190013019,'1179516',1621,,2790,41,,,0
190013019,'1179531',2121,,2791,41,,,0
190013019,'1179537',921,,2792,41,,,0
190013019,'1179539',1821,,2793,41,,,0
190013019,'1179546',721,,2794,41,,,0
190013019,'1179553',1921,,2795,41,,,0
190013019,'1179581',651,,2796,9,,,0
190013019,'1179591',1721,,2797,41,,,0
190013019,'1179611',1751,,2798,41,,,0
190013019,'1179635',1521,,2799,41,,,0
190013019,'1179694',851,,2800,41,,,0
190013019,'1179701',2121,,2801,41,,,0
190013019,'1179717',1821,,2802,41,,,0
