110029,'1178926',1259,,2248,7,,,0
110029,'1179044',859,,2249,7,,,0
110029,'1179118',1059,,2250,7,,,0
110029,'1179173',1159,,2251,7,,,0
110029,'1179459',1659,,2252,7,,,0
110029,'1179534',1359,,2253,7,,,0
110029,'1179542',1559,,2254,7,,,0
110029,'1179690',959,,2255,7,,,0
110029,'1179707',1459,,2256,7,,,0
160029,'1178957',901,,2375,9,,,0
160029,'1179098',1401,,2376,9,,,0
160029,'1179137',1601,,2377,9,,,0
160029,'1179301',1201,,2378,9,,,0
160029,'1179398',1301,,2379,9,,,0
160029,'1179410',1701,,2380,9,,,0
160029,'1179543',1101,,2381,9,,,0
160029,'1179558',1001,,2382,9,,,0
160029,'1179623',1501,,2383,9,,,0
216019,'1178924',751,,2403,9,,,0
216019,'1178948',621,,2404,9,,,0
216019,'1178963',2121,,2405,9,,,0
216019,'1178968',1221,,2406,9,,,0
216019,'1179019',1751,,2407,9,,,0
216019,'1179021',1551,,2408,9,,,0
216019,'1179029',1421,,2409,9,,,0
216019,'1179050',1521,,2410,9,,,0
216019,'1179070',1421,,2411,9,,,0
216019,'1179075',1821,,2412,9,,,0
216019,'1179116',721,,2413,9,,,0
216019,'1179123',1321,,2414,9,,,0
216019,'1179160',1721,,2415,9,,,0
216019,'1179179',2021,,2416,9,,,0
216019,'1179181',1121,,2417,9,,,0
216019,'1179199',921,,2418,9,,,0
216019,'1179206',1521,,2419,9,,,0
216019,'1179328',1021,,2420,9,,,0
216019,'1179338',1221,,2421,9,,,0
216019,'1179345',821,,2422,9,,,0
216019,'1179368',1651,,2423,9,,,0
216019,'1179369',1021,,2424,9,,,0
216019,'1179374',1621,,2425,9,,,0
216019,'1179421',1821,,2426,9,,,0
216019,'1179431',1121,,2427,9,,,0
216019,'1179458',1921,,2428,9,,,0
216019,'1179488',721,,2429,9,,,0
216019,'1179523',1321,,2430,9,,,0
216019,'1179574',2021,,2431,9,,,0
216019,'1179582',1921,,2432,9,,,0
216019,'1179605',851,,2433,9,,,0
216019,'1179647',1721,,2434,9,,,0
216019,'1179669',821,,2435,9,,,0
216019,'1179695',2121,,2436,9,,,0
216019,'1179712',651,,2437,9,,,0
216019,'1179714',921,,2438,9,,,0
216019,'1179719',1621,,2439,9,,,0
190011019,'1178945',1549,,2709,7,,,0
190011019,'1178950',749,,2710,31,,,0
190011019,'1178970',1919,,2711,31,,,0
190011019,'1179040',2119,,2713,31,,,0
190011019,'1179064',1049,,2714,7,,,0
190011019,'1179145',919,,2715,31,,,0
190011019,'1179146',1149,,2716,7,,,0
190011019,'1179159',1819,,2717,31,,,0
190011019,'1179163',819,,2719,31,,,0
190011019,'1179248',719,,2720,31,,,0
190011019,'1179252',1819,,2721,31,,,0
190011019,'1179276',2019,,2722,31,,,0
190011019,'1179307',719,,2723,31,,,0
190011019,'1179317',1249,,2724,7,,,0
190011019,'1179332',1119,,2725,32,,,0
190011019,'1179340',919,,2726,31,,,0
190011019,'1179367',1749,,2727,31,,,0
190011019,'1179375',1449,,2728,7,,,0
190011019,'1179393',1649,,2729,7,,,0
190011019,'1179394',2219,,2730,31,,,0
190011019,'1179413',1319,,2732,32,,,0
190011019,'1179424',2219,,2733,31,,,0
190011019,'1179426',1419,,2734,32,,,0
190011019,'1179430',1619,,2735,32,,,0
190011019,'1179437',1119,,2736,32,,,0
190011019,'1179438',1619,,2737,32,,,0
190011019,'1179442',1919,,2738,31,,,0
190011019,'1179477',819,,2739,31,,,0
190011019,'1179521',1419,,2740,32,,,0
190011019,'1179528',1219,,2741,32,,,0
190011019,'1179530',649,,2742,7,,,0
190011019,'1179555',2019,,2743,31,,,0
190011019,'1179572',1219,,2744,32,,,0
190011019,'1179590',1519,,2745,32,,,0
190011019,'1179619',1719,,2746,31,,,0
190011019,'1179642',1019,,2747,31,,,0
190011019,'1179650',1319,,2748,32,,,0
190011019,'1179665',619,,2749,10,,,0
190011019,'1179666',849,,2750,31,,,0
190011019,'1179672',1349,,2751,7,,,0
190011019,'1179677',2119,,2752,31,,,0
190011019,'1179678',949,,2753,31,,,0
190011019,'1179688',1719,,2754,31,,,0
190011019,'1179700',1519,,2755,32,,,0
190011019,'1179709',1019,,2756,31,,,0
