116019,'1178992',759,,2257,34,,,0
116019,'1178995',759,,2258,34,,,0
116019,'1179088',701,,2259,35,,,0
116019,'1179096',859,,2260,34,,,0
116019,'1179141',1459,,2261,34,,,0
116019,'1179172',1159,,2262,34,,,0
116019,'1179177',859,,2263,34,,,0
116019,'1179190',1629,,2264,34,,,0
116019,'1179215',1059,,2265,34,,,0
116019,'1179228',829,,2266,34,,,0
116019,'1179247',959,,2267,34,,,0
116019,'1179275',1559,,2268,34,,,0
116019,'1179278',1259,,2269,34,,,0
116019,'1179313',1759,,2270,34,,,0
116019,'1179314',2059,,2271,34,,,0
116019,'1179321',1159,,2272,34,,,0
116019,'1179339',731,,2273,35,,,0
116019,'1179343',1959,,2274,34,,,0
116019,'1179365',1659,,2275,34,,,0
116019,'1179381',1859,,2276,34,,,0
116019,'1179418',1701,,2277,35,,,0
116019,'1179432',1731,,2278,35,,,0
116019,'1179434',1959,,2279,34,,,0
116019,'1179439',1359,,2280,34,,,0
116019,'1179441',1459,,2281,34,,,0
116019,'1179476',1059,,2282,34,,,0
116019,'1179500',2159,,2283,34,,,0
116019,'1179515',929,,2284,34,,,0
116019,'1179584',1859,,2285,34,,,0
116019,'1179603',959,,2286,34,,,0
116019,'1179606',1831,,2287,34,,,0
116019,'1179615',1559,,2288,34,,,0
116019,'1179641',1259,,2289,34,,,0
116019,'1179653',1759,,2290,34,,,0
116019,'1179682',1359,,2291,34,,,0
116019,'1179696',2059,,2292,34,,,0
116019,'1179706',2159,,2293,34,,,0
160019,'1178943',1546,,2366,32,,,0
160019,'1178949',946,,2367,32,,,0
160019,'1178951',1346,,2368,32,,,0
160019,'1179047',1446,,2369,32,,,0
160019,'1179060',1746,,2370,32,,,0
160019,'1179205',1146,,2371,32,,,0
160019,'1179319',1246,,2372,32,,,0
160019,'1179451',1646,,2373,32,,,0
160019,'1179697',1046,,2374,32,,,0
