110019,'1178947',936,,2239,6,,,0
110019,'1178964',1436,,2240,6,,,0
110019,'1178973',1736,,2241,6,,,0
110019,'1179028',1536,,2242,6,,,0
110019,'1179105',1636,,2243,6,,,0
110019,'1179114',1036,,2244,6,,,0
110019,'1179176',1236,,2245,6,,,0
110019,'1179184',1336,,2246,6,,,0
110019,'1179290',1136,,2247,6,,,0
140010019,'1178914',1116,,2522,8,0,8 21,0
140010019,'1178921',1446,,2523,8,,,0
140010019,'1178922',946,,2524,8,,,0
140010019,'1178936',716,,2525,8,,,0
140010019,'1178946',2246,,2526,8,0,8 21,0
140010019,'1178979',1046,,2527,8,,,0
140010019,'1179012',746,,2528,8,,,0
140010019,'1179037',1946,,2529,8,,,0
140010019,'1179103',1546,,2530,8,,,0
140010019,'1179122',1316,,2531,8,0,8 21,0
140010019,'1179131',1146,,2532,8,,,0
140010019,'1179140',2146,,2533,8,,,0
140010019,'1179147',916,,2534,8,0,8 21,0
140010019,'1179157',646,,2535,8,,,0
140010019,'1179167',1046,,2536,8,,,0
140010019,'1179178',1746,,2537,8,,,0
140010019,'1179180',2146,,2538,8,,,0
140010019,'1179188',1446,,2539,8,,,0
140010019,'1179217',1946,,2540,8,,,0
140010019,'1179232',1516,,2541,8,0,8 21,0
140010019,'1179251',1616,,2542,8,,,0
140010019,'1179253',816,,2543,8,,,0
140010019,'1179268',1716,,2544,8,,,0
140010019,'1179270',1646,,2545,8,,,0
140010019,'1179336',846,,2547,8,,,0
140010019,'1179347',746,,2548,8,,,0
140010019,'1179361',2046,,2549,8,,,0
140010019,'1179396',2046,,2550,8,,,0
140010019,'1179408',2246,,2551,8,0,8 21,0
140010019,'1179415',1146,,2552,8,,,0
140010019,'1179445',1346,,2553,8,,,0
140010019,'1179452',1746,,2554,8,,,0
140010019,'1179453',1346,,2555,8,,,0
140010019,'1179479',1246,,2556,8,,,0
140010019,'1179483',1216,,2557,8,0,8 21,0
140010019,'1179494',1646,,2558,8,,,0
140010019,'1179496',1546,,2559,8,,,0
140010019,'1179498',1416,,2560,8,0,8 21,0
140010019,'1179544',1846,,2561,8,,,0
140010019,'1179548',1016,,2562,8,0,8 21,0
140010019,'1179613',1846,,2563,8,,,0
140010019,'1179620',846,,2564,8,,,0
140010019,'1179629',1816,,2565,8,0,8 21,0
140010019,'1179659',1246,,2566,8,,,0
140010019,'1179692',946,,2567,8,,,0
