120029,'1179032',1521,,2303,8,,,0
120029,'1179055',1321,,2304,8,,,0
120029,'1179056',1621,,2305,8,,,0
120029,'1179099',1721,,2306,8,,,0
120029,'1179153',921,,2307,8,,,0
120029,'1179222',1421,,2308,8,,,0
120029,'1179429',1121,,2309,8,,,0
120029,'1179447',1021,,2310,8,,,0
120029,'1179575',1221,,2311,8,,,0
190017019,'1178928',1646,,2851,8,,,0
190017019,'1178932',916,,2852,8,,,0
190017019,'1179000',2146,,2854,8,0,8 21,0
190017019,'1179014',1816,,2855,8,0,8 21,0
190017019,'1179016',616,,2856,8,,,0
190017019,'1179057',2246,,2857,8,0,8 21,0
190017019,'1179092',646,,2859,8,,,0
190017019,'1179124',1546,,2860,8,,,0
190017019,'1179128',1046,,2861,8,,,0
190017019,'1179133',2146,,2862,8,0,8 21,0
190017019,'1179151',1846,,2863,8,,,0
190017019,'1179161',1716,,2864,8,,,0
190017019,'1179166',946,,2865,8,,,0
190017019,'1179196',646,,2866,8,,,0
190017019,'1179242',1146,,2867,8,,,0
190017019,'1179273',2046,,2868,8,,,0
190017019,'1179277',816,,2869,8,,,0
190017019,'1179293',1246,,2870,8,,,0
190017019,'1179306',1846,,2871,8,,,0
190017019,'1179327',1446,,2873,8,,,0
190017019,'1179385',746,,2876,8,,,0
190017019,'1179401',1946,,2877,8,,,0
190017019,'1179427',1246,,2878,8,,,0
190017019,'1179455',1346,,2879,8,,,0
190017019,'1179519',1746,,2881,8,,,0
190017019,'1179529',2246,,2882,8,0,8 21,0
190017019,'1179533',716,,2883,8,,,0
190017019,'1179573',1146,,2885,8,,,0
190017019,'1179579',1046,,2886,8,,,0
190017019,'1179599',2046,,2887,8,,,0
190017019,'1179610',1946,,2888,8,,,0
190017019,'1179621',846,,2889,8,,,0
190017019,'1179625',1346,,2890,8,,,0
190017019,'1179626',1616,,2891,8,,,0
190017019,'1179631',1746,,2892,8,,,0
190017019,'1179667',746,,2893,8,,,0
190017019,'1179680',1546,,2894,8,,,0
190017019,'1179683',846,,2895,8,,,0
190017019,'1179686',1446,,2896,8,,,0
190017019,'1179699',946,,2897,8,,,0
190017019,'1179710',1646,,2898,8,,,0
