120029,'1179032',1602,,2303,42,,,0
120029,'1179055',1402,,2304,42,,,0
120029,'1179056',1702,,2305,42,,,0
120029,'1179099',1815,,2306,42,,,0
120029,'1179153',1002,,2307,42,,,0
120029,'1179222',1502,,2308,42,,,0
120029,'1179429',1202,,2309,42,,,0
120029,'1179447',1102,,2310,42,,,0
120029,'1179575',1302,,2311,42,,,0
140012019,'1178913',1232,,2568,47,,,0
140012019,'1178923',1232,,2569,47,,,0
140012019,'1178934',1032,,2570,47,,,0
140012019,'1178935',832,,2571,47,,,0
140012019,'1178953',932,,2572,47,,,0
140012019,'1178981',732,,2573,47,,,0
140012019,'1178986',1502,,2574,47,,,0
140012019,'1179006',1402,,2575,47,,,0
140012019,'1179011',802,,2576,47,,,0
140012019,'1179015',1932,,2577,47,,,0
140012019,'1179046',932,,2578,47,,,0
140012019,'1179102',1632,,2579,47,,,0
140012019,'1179154',1432,,2580,47,,,0
140012019,'1179183',2032,,2581,47,,,0
140012019,'1179185',1002,,2582,47,,,0
140012019,'1179230',1032,,2584,47,,,0
140012019,'1179233',1632,,2585,47,,,0
140012019,'1179236',832,,2586,47,,,0
140012019,'1179238',1532,,2587,47,,,0
140012019,'1179244',2132,,2588,47,,,0
140012019,'1179245',1932,,2589,47,,,0
140012019,'1179250',732,,2590,25,,,0
140012019,'1179261',1132,,2592,47,,,0
140012019,'1179316',2032,,2593,47,,,0
140012019,'1179325',902,,2594,47,,,0
140012019,'1179348',1332,,2595,47,,,0
140012019,'1179359',1802,,2596,47,,,0
140012019,'1179372',2232,,2597,47,,,0
140012019,'1179387',1332,,2598,47,,,0
140012019,'1179399',1202,,2599,47,,,0
140012019,'1179425',2132,,2600,47,,,0
140012019,'1179444',1702,,2601,47,,,0
140012019,'1179495',1432,,2602,47,,,0
140012019,'1179499',1602,,2603,47,,,0
140012019,'1179510',1732,,2604,47,,,0
140012019,'1179511',2232,,2605,47,,,0
140012019,'1179526',1832,,2606,47,,,0
140012019,'1179556',1132,,2607,47,,,0
140012019,'1179567',1302,,2608,47,,,0
140012019,'1179644',1832,,2610,47,,,0
140012019,'1179693',1102,,2611,47,,,0
140012019,'1179704',1532,,2612,47,,,0
140012019,'1179715',1732,,2613,47,,,0
