120019,'1178966',1324,,2294,9,,,0
120019,'1178998',1524,,2295,9,,,0
120019,'1179031',1624,,2296,9,,,0
120019,'1179149',1424,,2297,9,,,0
120019,'1179182',1124,,2298,9,,,0
120019,'1179282',924,,2299,9,,,0
120019,'1179296',1724,,2300,9,,,0
120019,'1179596',1024,,2301,9,,,0
120019,'1179628',1224,,2302,9,,,0
190013019,'1178916',1615,,2757,9,,,0
190013019,'1178919',1945,,2758,9,,,0
190013019,'1178920',1115,,2759,9,,,0
190013019,'1178929',745,,2760,9,,,0
190013019,'1178930',1645,,2761,9,,,0
190013019,'1178972',1945,,2762,9,,,0
190013019,'1178983',1215,,2763,9,,,0
190013019,'1178994',2145,,2764,9,,,0
190013019,'1178997',1145,,2765,9,,,0
190013019,'1179048',1515,,2766,9,,,0
190013019,'1179062',1545,,2767,9,,,0
190013019,'1179074',1315,,2768,9,,,0
190013019,'1179087',1245,,2769,9,,,0
190013019,'1179104',1015,,2770,9,,,0
190013019,'1179171',1815,,2771,9,0,8 21,0
190013019,'1179187',845,,2772,9,,,0
190013019,'1179202',1045,,2773,9,,,0
190013019,'1179203',945,,2774,9,,,0
190013019,'1179212',1445,,2775,9,,,0
190013019,'1179219',1245,,2776,9,,,0
190013019,'1179243',745,,2777,9,,,0
190013019,'1179287',2145,,2778,9,,,0
190013019,'1179292',1045,,2779,9,,,0
190013019,'1179300',715,,2780,9,,,0
190013019,'1179373',945,,2782,9,,,0
190013019,'1179380',1345,,2783,9,,,0
190013019,'1179402',1345,,2784,9,,,0
190013019,'1179411',1415,,2785,9,,,0
190013019,'1179457',1845,,2786,9,,,0
190013019,'1179504',645,,2787,9,,,0
190013019,'1179507',915,,2788,9,,,0
190013019,'1179509',1145,,2789,9,,,0
190013019,'1179516',1545,,2790,9,,,0
190013019,'1179531',2045,,2791,9,,,0
190013019,'1179537',845,,2792,9,,,0
190013019,'1179539',1745,,2793,9,,,0
190013019,'1179546',645,,2794,9,,,0
190013019,'1179553',1845,,2795,9,,,0
190013019,'1179591',1645,,2797,9,,,0
190013019,'1179611',1715,,2798,9,,,0
190013019,'1179635',1445,,2799,9,,,0
190013019,'1179694',815,,2800,9,,,0
190013019,'1179701',2045,,2801,9,,,0
190013019,'1179717',1745,,2802,9,,,0
