130029,'1178925',1456,,2321,4,,,0
130029,'1178989',1356,,2322,4,,,0
130029,'1179023',1556,,2323,4,,,0
130029,'1179120',1656,,2324,4,,,0
130029,'1179168',1256,,2325,4,,,0
130029,'1179423',856,,2326,4,,,0
130029,'1179469',1156,,2327,4,,,0
130029,'1179639',956,,2328,4,,,0
130029,'1179657',1056,,2329,4,,,0
190011019,'1178950',737,,2710,23,,,0
190011019,'1178970',1907,,2711,23,,,0
190011019,'1179009',1837,,2712,23,0,8 21,0
190011019,'1179040',2107,,2713,23,,,0
190011019,'1179145',907,,2715,23,,,0
190011019,'1179159',1807,,2717,23,,,0
190011019,'1179163',807,,2719,23,,,0
190011019,'1179248',707,,2720,23,,,0
190011019,'1179252',1807,,2721,23,,,0
190011019,'1179276',2007,,2722,23,,,0
190011019,'1179307',707,,2723,23,,,0
190011019,'1179332',1106,,2725,24,,,0
190011019,'1179340',907,,2726,23,,,0
190011019,'1179367',1737,,2727,23,,,0
190011019,'1179394',2207,,2730,23,,,0
190011019,'1179413',1306,,2732,24,,,0
190011019,'1179424',2207,,2733,23,,,0
190011019,'1179426',1406,,2734,24,,,0
190011019,'1179430',1606,,2735,24,,,0
190011019,'1179437',1106,,2736,24,,,0
190011019,'1179438',1606,,2737,24,,,0
190011019,'1179442',1907,,2738,23,,,0
190011019,'1179477',807,,2739,23,,,0
190011019,'1179521',1406,,2740,24,,,0
190011019,'1179528',1206,,2741,24,,,0
190011019,'1179555',2007,,2743,23,,,0
190011019,'1179572',1206,,2744,24,,,0
190011019,'1179590',1506,,2745,24,,,0
190011019,'1179619',1707,,2746,23,,,0
190011019,'1179642',1007,,2747,23,,,0
190011019,'1179650',1306,,2748,24,,,0
190011019,'1179665',611,,2749,2,,,0
190011019,'1179666',837,,2750,23,,,0
190011019,'1179677',2107,,2752,23,,,0
190011019,'1179678',937,,2753,23,,,0
190011019,'1179688',1707,,2754,23,,,0
190011019,'1179700',1506,,2755,24,,,0
190011019,'1179709',1007,,2756,23,,,0
190013019,'1178916',1637,,2757,31,,,0,10,,2757,36,,,0
190013019,'1178919',2007,,2758,31,,,0,10,,2758,36,,,0
190013019,'1178920',1137,,2759,31,,,0,10,,2759,36,,,0
190013019,'1178929',807,,2760,31,,,0,10,,2760,36,,,0
190013019,'1178930',1707,,2761,31,,,0,10,,2761,36,,,0
190013019,'1178972',2007,,2762,31,,,0,10,,2762,36,,,0
190013019,'1178983',1237,,2763,31,,,0,10,,2763,36,,,0
190013019,'1178994',2207,,2764,31,,,0,10,,2764,36,,,0
190013019,'1178997',1207,,2765,31,,,0,10,,2765,36,,,0
190013019,'1179048',1537,,2766,31,,,0,10,,2766,36,,,0
190013019,'1179062',1607,,2767,31,,,0,10,,2767,36,,,0
190013019,'1179074',1337,,2768,31,,,0,10,,2768,36,,,0
190013019,'1179087',1307,,2769,31,,,0,10,,2769,36,,,0
190013019,'1179104',1037,,2770,31,,,0,10,,2770,36,,,0
190013019,'1179171',1837,,2771,31,0,8 21,0
190013019,'1179187',907,,2772,31,,,0,10,,2772,36,,,0
190013019,'1179202',1107,,2773,31,,,0,10,,2773,36,,,0
190013019,'1179203',1007,,2774,31,,,0,10,,2774,36,,,0
190013019,'1179212',1507,,2775,31,,,0,10,,2775,36,,,0
190013019,'1179219',1307,,2776,31,,,0,10,,2776,36,,,0
190013019,'1179243',807,,2777,31,,,0,10,,2777,36,,,0
190013019,'1179287',2207,,2778,31,,,0,10,,2778,36,,,0
190013019,'1179292',1107,,2779,31,,,0,10,,2779,36,,,0
190013019,'1179300',737,,2780,31,,,0,10,,2780,36,,,0
190013019,'1179354',617,,2781,4,,,0
190013019,'1179373',1007,,2782,31,,,0,10,,2782,36,,,0
190013019,'1179380',1407,,2783,31,,,0,10,,2783,36,,,0
190013019,'1179402',1407,,2784,31,,,0,10,,2784,36,,,0
190013019,'1179411',1437,,2785,31,,,0,10,,2785,36,,,0
190013019,'1179457',1907,,2786,31,,,0,10,,2786,36,,,0
190013019,'1179504',707,,2787,31,,,0,10,,2787,36,,,0
190013019,'1179507',937,,2788,31,,,0,10,,2788,36,,,0
190013019,'1179509',1207,,2789,31,,,0,10,,2789,36,,,0
190013019,'1179516',1607,,2790,31,,,0,10,,2790,36,,,0
190013019,'1179531',2107,,2791,31,,,0,10,,2791,36,,,0
190013019,'1179537',907,,2792,31,,,0,10,,2792,36,,,0
190013019,'1179539',1807,,2793,31,,,0,10,,2793,36,,,0
190013019,'1179546',707,,2794,31,,,0,10,,2794,36,,,0
190013019,'1179553',1907,,2795,31,,,0,10,,2795,36,,,0
190013019,'1179581',647,,2796,4,,,0
190013019,'1179591',1707,,2797,31,,,0,10,,2797,36,,,0
190013019,'1179611',1737,,2798,31,,,0,10,,2798,36,,,0
190013019,'1179635',1507,,2799,31,,,0,10,,2799,36,,,0
190013019,'1179694',837,,2800,31,,,0,10,,2800,36,,,0
190013019,'1179701',2107,,2801,31,,,0,10,,2801,36,,,0
190013019,'1179717',1807,,2802,31,,,0,10,,2802,36,,,0
190015019,'1178937',1134,,2803,24,,,0
190015019,'1178958',1004,,2805,24,,,0
190015019,'1178960',1104,,2806,24,,,0
190015019,'1179018',1404,,2808,24,,,0
190015019,'1179054',1304,,2809,24,,,0
190015019,'1179073',1334,,2810,24,,,0
190015019,'1179089',1204,,2812,24,,,0
190015019,'1179095',1704,,2813,24,,,0
190015019,'1179126',1804,,2814,24,,,0
190015019,'1179130',1604,,2815,24,,,0
190015019,'1179152',934,,2816,24,,,0
190015019,'1179169',1004,,2818,24,,,0
190015019,'1179170',804,,2819,24,,,0
190015019,'1179189',804,,2820,24,,,0
190015019,'1179226',1804,,2821,24,,,0
190015019,'1179241',1834,,2822,24,0,12,0
190015019,'1179257',2104,,2823,24,,,0
190015019,'1179260',1704,,2824,24,,,0
190015019,'1179280',1504,,2826,24,,,0
190015019,'1179329',1634,,2827,24,,,0
190015019,'1179378',2004,,2828,24,,,0
190015019,'1179382',1734,,2829,24,,,0
190015019,'1179400',1904,,2830,24,,,0
190015019,'1179414',1504,,2831,24,,,0
190015019,'1179456',1534,,2832,24,,,0
190015019,'1179465',1604,,2833,24,,,0
190015019,'1179466',904,,2834,24,,,0
190015019,'1179468',2004,,2835,24,,,0
190015019,'1179480',1304,,2836,24,,,0
190015019,'1179489',1234,,2837,24,,,0
190015019,'1179491',1104,,2838,24,,,0
190015019,'1179501',1034,,2839,24,,,0
190015019,'1179525',704,,2840,24,,,0
190015019,'1179560',2104,,2841,24,,,0
190015019,'1179563',1404,,2842,24,,,0
190015019,'1179576',1904,,2843,24,,,0
190015019,'1179602',834,,2844,24,,,0
190015019,'1179633',734,,2845,24,,,0
190015019,'1179652',904,,2847,24,,,0
190015019,'1179679',1434,,2848,24,,,0
190015019,'1179703',1204,,2849,24,,,0
190015019,'1179716',704,,2850,24,,,0
190017019,'1178928',1704,,2851,32,,,0
190017019,'1178932',934,,2852,32,,,0
190017019,'1179000',2204,,2854,32,0,8 21,0
190017019,'1179014',1834,,2855,32,0,8 21,0
190017019,'1179016',634,,2856,32,,,0
190017019,'1179057',2304,,2857,32,0,8 21,0
190017019,'1179092',704,,2859,32,,,0
190017019,'1179124',1604,,2860,32,,,0
190017019,'1179128',1104,,2861,32,,,0
190017019,'1179133',2204,,2862,32,0,8 21,0
190017019,'1179151',1904,,2863,32,,,0
190017019,'1179161',1734,,2864,32,,,0
190017019,'1179166',1004,,2865,32,,,0
190017019,'1179196',704,,2866,32,,,0
190017019,'1179242',1204,,2867,32,,,0
190017019,'1179273',2104,,2868,32,,,0
190017019,'1179277',834,,2869,32,,,0
190017019,'1179293',1304,,2870,32,,,0
190017019,'1179306',1904,,2871,32,,,0
190017019,'1179327',1504,,2873,32,,,0
190017019,'1179385',804,,2876,32,,,0
190017019,'1179401',2004,,2877,32,,,0
190017019,'1179427',1304,,2878,32,,,0
190017019,'1179455',1404,,2879,32,,,0
190017019,'1179519',1804,,2881,32,,,0
190017019,'1179529',2304,,2882,32,0,8 21,0
190017019,'1179533',734,,2883,32,,,0
190017019,'1179573',1204,,2885,32,,,0
190017019,'1179579',1104,,2886,32,,,0
190017019,'1179599',2104,,2887,32,,,0
190017019,'1179610',2004,,2888,32,,,0
190017019,'1179621',904,,2889,32,,,0
190017019,'1179625',1404,,2890,32,,,0
190017019,'1179626',1634,,2891,32,,,0
190017019,'1179631',1804,,2892,32,,,0
190017019,'1179667',804,,2893,32,,,0
190017019,'1179680',1604,,2894,32,,,0
190017019,'1179683',904,,2895,32,,,0
190017019,'1179686',1504,,2896,32,,,0
190017019,'1179699',1004,,2897,32,,,0
190017019,'1179710',1704,,2898,32,,,0
