120029,'1179032',1527,,2303,18,,,0
120029,'1179055',1327,,2304,18,,,0
120029,'1179056',1627,,2305,18,,,0
120029,'1179099',1727,,2306,18,,,0
120029,'1179153',927,,2307,18,,,0
120029,'1179222',1427,,2308,18,,,0
120029,'1179429',1127,,2309,18,,,0
120029,'1179447',1027,,2310,18,,,0
120029,'1179575',1227,,2311,18,,,0
190017019,'1178928',1653,,2851,19,,,0
190017019,'1178932',923,,2852,19,,,0
190017019,'1179000',2153,,2854,19,0,8 21,0
190017019,'1179014',1823,,2855,19,0,8 21,0
190017019,'1179016',623,,2856,19,,,0
190017019,'1179057',2253,,2857,19,0,8 21,0
190017019,'1179092',653,,2859,19,,,0
190017019,'1179124',1553,,2860,19,,,0
190017019,'1179128',1053,,2861,19,,,0
190017019,'1179133',2153,,2862,19,0,8 21,0
190017019,'1179151',1853,,2863,19,,,0
190017019,'1179161',1723,,2864,19,,,0
190017019,'1179166',953,,2865,19,,,0
190017019,'1179196',653,,2866,19,,,0
190017019,'1179242',1153,,2867,19,,,0
190017019,'1179273',2053,,2868,19,,,0
190017019,'1179277',823,,2869,19,,,0
190017019,'1179293',1253,,2870,19,,,0
190017019,'1179306',1853,,2871,19,,,0
190017019,'1179327',1453,,2873,19,,,0
190017019,'1179385',753,,2876,19,,,0
190017019,'1179401',1953,,2877,19,,,0
190017019,'1179427',1253,,2878,19,,,0
190017019,'1179455',1353,,2879,19,,,0
190017019,'1179519',1753,,2881,19,,,0
190017019,'1179529',2253,,2882,19,0,8 21,0
190017019,'1179533',723,,2883,19,,,0
190017019,'1179573',1153,,2885,19,,,0
190017019,'1179579',1053,,2886,19,,,0
190017019,'1179599',2053,,2887,19,,,0
190017019,'1179610',1953,,2888,19,,,0
190017019,'1179621',853,,2889,19,,,0
190017019,'1179625',1353,,2890,19,,,0
190017019,'1179626',1623,,2891,19,,,0
190017019,'1179631',1753,,2892,19,,,0
190017019,'1179667',753,,2893,19,,,0
190017019,'1179680',1553,,2894,19,,,0
190017019,'1179683',853,,2895,19,,,0
190017019,'1179686',1453,,2896,19,,,0
190017019,'1179699',953,,2897,19,,,0
190017019,'1179710',1653,,2898,19,,,0
