120029,'1179032',1522,,2303,10,,,0
120029,'1179055',1322,,2304,10,,,0
120029,'1179056',1622,,2305,10,,,0
120029,'1179099',1722,,2306,10,,,0
120029,'1179153',922,,2307,10,,,0
120029,'1179222',1422,,2308,10,,,0
120029,'1179429',1122,,2309,10,,,0
120029,'1179447',1022,,2310,10,,,0
120029,'1179575',1222,,2311,10,,,0
190017019,'1178928',1646,,2851,10,,,0
190017019,'1178932',916,,2852,10,,,0
190017019,'1179000',2146,,2854,10,0,8 21,0
190017019,'1179014',1816,,2855,10,0,8 21,0
190017019,'1179016',616,,2856,10,,,0
190017019,'1179057',2246,,2857,10,0,8 21,0
190017019,'1179092',646,,2859,10,,,0
190017019,'1179124',1546,,2860,10,,,0
190017019,'1179128',1046,,2861,10,,,0
190017019,'1179133',2146,,2862,10,0,8 21,0
190017019,'1179151',1846,,2863,10,,,0
190017019,'1179161',1716,,2864,10,,,0
190017019,'1179166',946,,2865,10,,,0
190017019,'1179196',646,,2866,10,,,0
190017019,'1179242',1146,,2867,10,,,0
190017019,'1179273',2046,,2868,10,,,0
190017019,'1179277',816,,2869,10,,,0
190017019,'1179293',1246,,2870,10,,,0
190017019,'1179306',1846,,2871,10,,,0
190017019,'1179327',1446,,2873,10,,,0
190017019,'1179385',746,,2876,10,,,0
190017019,'1179401',1946,,2877,10,,,0
190017019,'1179427',1246,,2878,10,,,0
190017019,'1179455',1346,,2879,10,,,0
190017019,'1179519',1746,,2881,10,,,0
190017019,'1179529',2246,,2882,10,0,8 21,0
190017019,'1179533',716,,2883,10,,,0
190017019,'1179573',1146,,2885,10,,,0
190017019,'1179579',1046,,2886,10,,,0
190017019,'1179599',2046,,2887,10,,,0
190017019,'1179610',1946,,2888,10,,,0
190017019,'1179621',846,,2889,10,,,0
190017019,'1179625',1346,,2890,10,,,0
190017019,'1179626',1616,,2891,10,,,0
190017019,'1179631',1746,,2892,10,,,0
190017019,'1179667',746,,2893,10,,,0
190017019,'1179680',1546,,2894,10,,,0
190017019,'1179683',846,,2895,10,,,0
190017019,'1179686',1446,,2896,10,,,0
190017019,'1179699',946,,2897,10,,,0
190017019,'1179710',1646,,2898,10,,,0
