116019,'1178992',748,,2257,17,,,0
116019,'1178995',748,,2258,17,,,0
116019,'1179088',648,,2259,17,,,0
116019,'1179096',848,,2260,17,,,0
116019,'1179141',1448,,2261,17,,,0
116019,'1179172',1148,,2262,17,,,0
116019,'1179177',848,,2263,17,,,0
116019,'1179190',1618,,2264,17,,,0
116019,'1179215',1048,,2265,17,,,0
116019,'1179228',818,,2266,17,,,0
116019,'1179247',948,,2267,17,,,0
116019,'1179275',1548,,2268,17,,,0
116019,'1179278',1248,,2269,17,,,0
116019,'1179313',1748,,2270,17,,,0
116019,'1179314',2048,,2271,17,,,0
116019,'1179321',1148,,2272,17,,,0
116019,'1179339',718,,2273,17,,,0
116019,'1179343',1948,,2274,17,,,0
116019,'1179365',1648,,2275,17,,,0
116019,'1179381',1848,,2276,17,,,0
116019,'1179418',1648,,2277,17,,,0
116019,'1179432',1718,,2278,17,,,0
116019,'1179434',1948,,2279,17,,,0
116019,'1179439',1348,,2280,17,,,0
116019,'1179441',1448,,2281,17,,,0
116019,'1179476',1048,,2282,17,,,0
116019,'1179500',2148,,2283,17,,,0
116019,'1179515',918,,2284,17,,,0
116019,'1179584',1848,,2285,17,,,0
116019,'1179603',948,,2286,17,,,0
116019,'1179606',1818,,2287,17,,,0
116019,'1179615',1548,,2288,17,,,0
116019,'1179641',1248,,2289,17,,,0
116019,'1179653',1748,,2290,17,,,0
116019,'1179682',1348,,2291,17,,,0
116019,'1179696',2048,,2292,17,,,0
116019,'1179706',2148,,2293,17,,,0
160019,'1178943',1539,,2366,17,,,0
160019,'1178949',939,,2367,17,,,0
160019,'1178951',1339,,2368,17,,,0
160019,'1179047',1439,,2369,17,,,0
160019,'1179060',1739,,2370,17,,,0
160019,'1179205',1139,,2371,17,,,0
160019,'1179319',1239,,2372,17,,,0
160019,'1179451',1639,,2373,17,,,0
160019,'1179697',1039,,2374,17,,,0
