116019,'1178992',739,,2257,4,,,0
116019,'1178995',739,,2258,4,,,0
116019,'1179088',639,,2259,4,,,0
116019,'1179096',839,,2260,4,,,0
116019,'1179141',1439,,2261,4,,,0
116019,'1179172',1139,,2262,4,,,0
116019,'1179177',839,,2263,4,,,0
116019,'1179190',1609,,2264,4,,,0
116019,'1179215',1039,,2265,4,,,0
116019,'1179228',809,,2266,4,,,0
116019,'1179247',939,,2267,4,,,0
116019,'1179275',1539,,2268,4,,,0
116019,'1179278',1239,,2269,4,,,0
116019,'1179313',1739,,2270,4,,,0
116019,'1179314',2039,,2271,4,,,0
116019,'1179321',1139,,2272,4,,,0
116019,'1179339',709,,2273,4,,,0
116019,'1179343',1939,,2274,4,,,0
116019,'1179365',1639,,2275,4,,,0
116019,'1179381',1839,,2276,4,,,0
116019,'1179418',1639,,2277,4,,,0
116019,'1179432',1709,,2278,4,,,0
116019,'1179434',1939,,2279,4,,,0
116019,'1179439',1339,,2280,4,,,0
116019,'1179441',1439,,2281,4,,,0
116019,'1179476',1039,,2282,4,,,0
116019,'1179500',2139,,2283,4,,,0
116019,'1179515',909,,2284,4,,,0
116019,'1179584',1839,,2285,4,,,0
116019,'1179603',939,,2286,4,,,0
116019,'1179606',1809,,2287,4,,,0
116019,'1179615',1539,,2288,4,,,0
116019,'1179641',1239,,2289,4,,,0
116019,'1179653',1739,,2290,4,,,0
116019,'1179682',1339,,2291,4,,,0
116019,'1179696',2039,,2292,4,,,0
116019,'1179706',2139,,2293,4,,,0
160019,'1178943',1530,,2366,4,,,0
160019,'1178949',930,,2367,4,,,0
160019,'1178951',1330,,2368,4,,,0
160019,'1179047',1430,,2369,4,,,0
160019,'1179060',1730,,2370,4,,,0
160019,'1179205',1130,,2371,4,,,0
160019,'1179319',1230,,2372,4,,,0
160019,'1179451',1630,,2373,4,,,0
160019,'1179697',1030,,2374,4,,,0
