116019,'1178992',751,,2257,24,,,0
116019,'1178995',751,,2258,24,,,0
116019,'1179088',655,,2259,25,,,0
116019,'1179096',851,,2260,24,,,0
116019,'1179141',1451,,2261,24,,,0
116019,'1179172',1151,,2262,24,,,0
116019,'1179177',851,,2263,24,,,0
116019,'1179190',1621,,2264,24,,,0
116019,'1179215',1051,,2265,24,,,0
116019,'1179228',821,,2266,24,,,0
116019,'1179247',951,,2267,24,,,0
116019,'1179275',1551,,2268,24,,,0
116019,'1179278',1251,,2269,24,,,0
116019,'1179313',1751,,2270,24,,,0
116019,'1179314',2051,,2271,24,,,0
116019,'1179321',1151,,2272,24,,,0
116019,'1179339',725,,2273,25,,,0
116019,'1179343',1951,,2274,24,,,0
116019,'1179365',1651,,2275,24,,,0
116019,'1179381',1851,,2276,24,,,0
116019,'1179418',1655,,2277,25,,,0
116019,'1179432',1725,,2278,25,,,0
116019,'1179434',1951,,2279,24,,,0
116019,'1179439',1351,,2280,24,,,0
116019,'1179441',1451,,2281,24,,,0
116019,'1179476',1051,,2282,24,,,0
116019,'1179500',2151,,2283,24,,,0
116019,'1179515',921,,2284,24,,,0
116019,'1179584',1851,,2285,24,,,0
116019,'1179603',951,,2286,24,,,0
116019,'1179606',1821,,2287,24,,,0
116019,'1179615',1551,,2288,24,,,0
116019,'1179641',1251,,2289,24,,,0
116019,'1179653',1751,,2290,24,,,0
116019,'1179682',1351,,2291,24,,,0
116019,'1179696',2051,,2292,24,,,0
116019,'1179706',2151,,2293,24,,,0
160019,'1178943',1542,,2366,22,,,0
160019,'1178949',942,,2367,22,,,0
160019,'1178951',1342,,2368,22,,,0
160019,'1179047',1442,,2369,22,,,0
160019,'1179060',1742,,2370,22,,,0
160019,'1179205',1142,,2371,22,,,0
160019,'1179319',1242,,2372,22,,,0
160019,'1179451',1642,,2373,22,,,0
160019,'1179697',1042,,2374,22,,,0
