140019,'1178969',1324,,2330,12,,,0
140019,'1178977',1524,,2331,12,,,0
140019,'1179164',1624,,2332,12,,,0
140019,'1179344',1424,,2333,12,,,0
140019,'1179352',924,,2334,12,,,0
140019,'1179462',1224,,2335,12,,,0
140019,'1179512',1124,,2336,12,,,0
140019,'1179518',1024,,2337,12,,,0
140019,'1179634',1724,,2338,12,,,0
190011019,'1178950',723,,2710,13,,,0
190011019,'1178970',1853,,2711,13,,,0
190011019,'1179009',1823,,2712,13,0,8 21,0
190011019,'1179040',2053,,2713,13,,,0
190011019,'1179145',853,,2715,13,,,0
190011019,'1179159',1753,,2717,13,,,0
190011019,'1179162',2248,,2718,13,0,12,0
190011019,'1179163',753,,2719,13,,,0
190011019,'1179248',653,,2720,13,,,0
190011019,'1179252',1753,,2721,13,,,0
190011019,'1179276',1953,,2722,13,,,0
190011019,'1179307',653,,2723,13,,,0
190011019,'1179332',1052,,2725,13,,,0
190011019,'1179340',853,,2726,13,,,0
190011019,'1179367',1723,,2727,13,,,0
190011019,'1179394',2153,,2730,13,,,0
190011019,'1179412',2248,,2731,13,0,12,0
190011019,'1179413',1252,,2732,13,,,0
190011019,'1179424',2153,,2733,13,,,0
190011019,'1179426',1352,,2734,13,,,0
190011019,'1179430',1552,,2735,13,,,0
190011019,'1179437',1052,,2736,13,,,0
190011019,'1179438',1552,,2737,13,,,0
190011019,'1179442',1853,,2738,13,,,0
190011019,'1179477',753,,2739,13,,,0
190011019,'1179521',1352,,2740,13,,,0
190011019,'1179528',1152,,2741,13,,,0
190011019,'1179555',1953,,2743,13,,,0
190011019,'1179572',1152,,2744,13,,,0
190011019,'1179590',1452,,2745,13,,,0
190011019,'1179619',1653,,2746,13,,,0
190011019,'1179642',953,,2747,13,,,0
190011019,'1179650',1252,,2748,13,,,0
190011019,'1179666',823,,2750,13,,,0
190011019,'1179677',2053,,2752,13,,,0
190011019,'1179678',923,,2753,13,,,0
190011019,'1179688',1653,,2754,13,,,0
190011019,'1179700',1452,,2755,13,,,0
190011019,'1179709',953,,2756,13,,,0
