140029,'1178990',1459,,2339,36,,,0
140029,'1179039',1159,,2340,36,,,0
140029,'1179106',1059,,2341,36,,,0
140029,'1179281',1359,,2342,36,,,0
140029,'1179335',1659,,2343,36,,,0
140029,'1179461',1812,,2344,36,,,0
140029,'1179478',1559,,2345,36,,,0
140029,'1179522',1259,,2346,36,,,0
140029,'1179651',959,,2347,36,,,0
140010019,'1178921',1525,,2523,51,,,0
140010019,'1178922',1028,,2524,52,,,0
140010019,'1178936',800,,2525,50,,,0
140010019,'1178979',1128,,2527,52,,,0
140010019,'1179012',830,,2528,51,,,0
140010019,'1179037',2030,,2529,50,,,0
140010019,'1179103',1630,,2530,51,,,0
140010019,'1179131',1225,,2532,51,,,0
140010019,'1179140',2230,,2533,50,,,0
140010019,'1179157',730,,2535,50,,,0
140010019,'1179167',1125,,2536,51,,,0
140010019,'1179178',1830,,2537,51,,,0
140010019,'1179180',2230,,2538,51,,,0
140010019,'1179188',1528,,2539,52,,,0
140010019,'1179217',2030,,2540,51,,,0
140010019,'1179251',1700,,2542,50,,,0
140010019,'1179253',900,,2543,50,,,0
140010019,'1179268',1800,,2544,50,,,0
140010019,'1179270',1730,,2545,51,,,0
140010019,'1179302',730,,2546,18,,,0
140010019,'1179336',930,,2547,50,,,0
140010019,'1179347',830,,2548,50,,,0
140010019,'1179361',2130,,2549,50,,,0
140010019,'1179396',2130,,2550,51,,,0
140010019,'1179415',1228,,2552,52,,,0
140010019,'1179445',1425,,2553,51,,,0
140010019,'1179452',1830,,2554,50,,,0
140010019,'1179453',1428,,2555,52,,,0
140010019,'1179479',1325,,2556,51,,,0
140010019,'1179494',1730,,2558,50,,,0
140010019,'1179496',1630,,2559,50,,,0
140010019,'1179544',1930,,2561,50,,,0
140010019,'1179613',1930,,2563,51,,,0
140010019,'1179620',930,,2564,51,,,0
140010019,'1179659',1328,,2566,52,,,0
140010019,'1179692',1025,,2567,51,,,0
