120029,'1179032',1559,,2303,39,,,0
120029,'1179055',1359,,2304,39,,,0
120029,'1179056',1659,,2305,39,,,0
120029,'1179099',1812,,2306,39,,,0
120029,'1179153',959,,2307,39,,,0
120029,'1179222',1459,,2308,39,,,0
120029,'1179429',1159,,2309,39,,,0
120029,'1179447',1059,,2310,39,,,0
120029,'1179575',1259,,2311,39,,,0
140012019,'1178913',1229,,2568,43,,,0
140012019,'1178923',1229,,2569,43,,,0
140012019,'1178934',1029,,2570,43,,,0
140012019,'1178935',829,,2571,43,,,0
140012019,'1178953',929,,2572,43,,,0
140012019,'1178981',729,,2573,43,,,0
140012019,'1178986',1459,,2574,43,,,0
140012019,'1179006',1359,,2575,43,,,0
140012019,'1179011',759,,2576,43,,,0
140012019,'1179015',1929,,2577,43,,,0
140012019,'1179046',929,,2578,43,,,0
140012019,'1179102',1629,,2579,43,,,0
140012019,'1179154',1429,,2580,43,,,0
140012019,'1179183',2029,,2581,43,,,0
140012019,'1179185',959,,2582,43,,,0
140012019,'1179230',1029,,2584,43,,,0
140012019,'1179233',1629,,2585,43,,,0
140012019,'1179236',829,,2586,43,,,0
140012019,'1179238',1529,,2587,43,,,0
140012019,'1179244',2129,,2588,43,,,0
140012019,'1179245',1929,,2589,43,,,0
140012019,'1179250',729,,2590,21,,,0
140012019,'1179261',1129,,2592,43,,,0
140012019,'1179316',2029,,2593,43,,,0
140012019,'1179325',859,,2594,43,,,0
140012019,'1179348',1329,,2595,43,,,0
140012019,'1179359',1759,,2596,43,,,0
140012019,'1179372',2229,,2597,43,,,0
140012019,'1179387',1329,,2598,43,,,0
140012019,'1179399',1159,,2599,43,,,0
140012019,'1179425',2129,,2600,43,,,0
140012019,'1179444',1659,,2601,43,,,0
140012019,'1179495',1429,,2602,43,,,0
140012019,'1179499',1559,,2603,43,,,0
140012019,'1179510',1729,,2604,43,,,0
140012019,'1179511',2229,,2605,43,,,0
140012019,'1179526',1829,,2606,43,,,0
140012019,'1179556',1129,,2607,43,,,0
140012019,'1179567',1259,,2608,43,,,0
140012019,'1179644',1829,,2610,43,,,0
140012019,'1179693',1059,,2611,43,,,0
140012019,'1179704',1529,,2612,43,,,0
140012019,'1179715',1729,,2613,43,,,0
