130019,'1179053',1740,,2312,22,,,0
130019,'1179067',1340,,2313,22,,,0
130019,'1179069',1040,,2314,22,,,0
130019,'1179093',1140,,2315,22,,,0
130019,'1179108',1240,,2316,22,,,0
130019,'1179294',1540,,2317,22,,,0
130019,'1179386',1640,,2318,22,,,0
130019,'1179541',940,,2319,22,,,0
130019,'1179675',1440,,2320,22,,,0
140012019,'1178913',1203,,2568,22,,,0
140012019,'1178923',1203,,2569,22,,,0
140012019,'1178934',1003,,2570,22,,,0
140012019,'1178935',803,,2571,22,,,0
140012019,'1178953',903,,2572,22,,,0
140012019,'1178981',703,,2573,22,,,0
140012019,'1178986',1433,,2574,22,,,0
140012019,'1179006',1333,,2575,22,,,0
140012019,'1179011',733,,2576,22,,,0
140012019,'1179015',1903,,2577,22,,,0
140012019,'1179046',903,,2578,22,,,0
140012019,'1179102',1603,,2579,22,,,0
140012019,'1179154',1403,,2580,22,,,0
140012019,'1179183',2003,,2581,22,,,0
140012019,'1179185',933,,2582,22,,,0
140012019,'1179216',2303,,2583,22,0,8 21,0
140012019,'1179230',1003,,2584,22,,,0
140012019,'1179233',1603,,2585,22,,,0
140012019,'1179236',803,,2586,22,,,0
140012019,'1179238',1503,,2587,22,,,0
140012019,'1179244',2103,,2588,22,,,0
140012019,'1179245',1903,,2589,22,,,0
140012019,'1179255',1833,,2591,22,0,8 21,0
140012019,'1179261',1103,,2592,22,,,0
140012019,'1179316',2003,,2593,22,,,0
140012019,'1179325',833,,2594,22,,,0
140012019,'1179348',1303,,2595,22,,,0
140012019,'1179359',1733,,2596,22,,,0
140012019,'1179372',2203,,2597,22,,,0
140012019,'1179387',1303,,2598,22,,,0
140012019,'1179399',1133,,2599,22,,,0
140012019,'1179425',2103,,2600,22,,,0
140012019,'1179444',1633,,2601,22,,,0
140012019,'1179495',1403,,2602,22,,,0
140012019,'1179499',1533,,2603,22,,,0
140012019,'1179510',1703,,2604,22,,,0
140012019,'1179511',2203,,2605,22,,,0
140012019,'1179526',1803,,2606,22,,,0
140012019,'1179556',1103,,2607,22,,,0
140012019,'1179567',1233,,2608,22,,,0
140012019,'1179578',2303,,2609,22,0,8 21,0
140012019,'1179644',1803,,2610,22,,,0
140012019,'1179693',1033,,2611,22,,,0
140012019,'1179704',1503,,2612,22,,,0
140012019,'1179715',1703,,2613,22,,,0
190011019,'1178950',738,,2710,24,,,0
190011019,'1178970',1908,,2711,24,,,0
190011019,'1179009',1838,,2712,24,0,8 21,0
190011019,'1179040',2108,,2713,24,,,0
190011019,'1179145',908,,2715,24,,,0
190011019,'1179159',1808,,2717,24,,,0
190011019,'1179163',808,,2719,24,,,0
190011019,'1179248',708,,2720,24,,,0
190011019,'1179252',1808,,2721,24,,,0
190011019,'1179276',2008,,2722,24,,,0
190011019,'1179307',708,,2723,24,,,0
190011019,'1179332',1106,,2725,25,,,0
190011019,'1179340',908,,2726,24,,,0
190011019,'1179367',1738,,2727,24,,,0
190011019,'1179394',2208,,2730,24,,,0
190011019,'1179413',1306,,2732,25,,,0
190011019,'1179424',2208,,2733,24,,,0
190011019,'1179426',1406,,2734,25,,,0
190011019,'1179430',1606,,2735,25,,,0
190011019,'1179437',1106,,2736,25,,,0
190011019,'1179438',1606,,2737,25,,,0
190011019,'1179442',1908,,2738,24,,,0
190011019,'1179477',808,,2739,24,,,0
190011019,'1179521',1406,,2740,25,,,0
190011019,'1179528',1206,,2741,25,,,0
190011019,'1179555',2008,,2743,24,,,0
190011019,'1179572',1206,,2744,25,,,0
190011019,'1179590',1506,,2745,25,,,0
190011019,'1179619',1708,,2746,24,,,0
190011019,'1179642',1008,,2747,24,,,0
190011019,'1179650',1306,,2748,25,,,0
190011019,'1179665',612,,2749,3,,,0
190011019,'1179666',838,,2750,24,,,0
190011019,'1179677',2108,,2752,24,,,0
190011019,'1179678',938,,2753,24,,,0
190011019,'1179688',1708,,2754,24,,,0
190011019,'1179700',1506,,2755,25,,,0
190011019,'1179709',1008,,2756,24,,,0
190013019,'1178916',1638,,2757,32,,,0
190013019,'1178919',2008,,2758,32,,,0
190013019,'1178920',1138,,2759,32,,,0
190013019,'1178929',808,,2760,32,,,0
190013019,'1178930',1708,,2761,32,,,0
190013019,'1178972',2008,,2762,32,,,0
190013019,'1178983',1238,,2763,32,,,0
190013019,'1178994',2208,,2764,32,,,0
190013019,'1178997',1208,,2765,32,,,0
190013019,'1179048',1538,,2766,32,,,0
190013019,'1179062',1608,,2767,32,,,0
190013019,'1179074',1338,,2768,32,,,0
190013019,'1179087',1308,,2769,32,,,0
190013019,'1179104',1038,,2770,32,,,0
190013019,'1179171',1838,,2771,32,0,8 21,0
190013019,'1179187',908,,2772,32,,,0
190013019,'1179202',1108,,2773,32,,,0
190013019,'1179203',1008,,2774,32,,,0
190013019,'1179212',1508,,2775,32,,,0
190013019,'1179219',1308,,2776,32,,,0
190013019,'1179243',808,,2777,32,,,0
190013019,'1179287',2208,,2778,32,,,0
190013019,'1179292',1108,,2779,32,,,0
190013019,'1179300',738,,2780,32,,,0
190013019,'1179373',1008,,2782,32,,,0
190013019,'1179380',1408,,2783,32,,,0
190013019,'1179402',1408,,2784,32,,,0
190013019,'1179411',1438,,2785,32,,,0
190013019,'1179457',1908,,2786,32,,,0
190013019,'1179504',708,,2787,32,,,0
190013019,'1179507',938,,2788,32,,,0
190013019,'1179509',1208,,2789,32,,,0
190013019,'1179516',1608,,2790,32,,,0
190013019,'1179531',2108,,2791,32,,,0
190013019,'1179537',908,,2792,32,,,0
190013019,'1179539',1808,,2793,32,,,0
190013019,'1179546',708,,2794,32,,,0
190013019,'1179553',1908,,2795,32,,,0
190013019,'1179591',1708,,2797,32,,,0
190013019,'1179611',1738,,2798,32,,,0
190013019,'1179635',1508,,2799,32,,,0
190013019,'1179694',838,,2800,32,,,0
190013019,'1179701',2108,,2801,32,,,0
190013019,'1179717',1808,,2802,32,,,0
190015019,'1178937',1134,,2803,25,,,0
190015019,'1178958',1004,,2805,25,,,0
190015019,'1178960',1104,,2806,25,,,0
190015019,'1179018',1404,,2808,25,,,0
190015019,'1179054',1304,,2809,25,,,0
190015019,'1179073',1334,,2810,25,,,0
190015019,'1179089',1204,,2812,25,,,0
190015019,'1179095',1704,,2813,25,,,0
190015019,'1179126',1804,,2814,25,,,0
190015019,'1179130',1604,,2815,25,,,0
190015019,'1179152',934,,2816,25,,,0
190015019,'1179169',1004,,2818,25,,,0
190015019,'1179170',804,,2819,25,,,0
190015019,'1179189',804,,2820,25,,,0
190015019,'1179226',1804,,2821,25,,,0
190015019,'1179241',1834,,2822,25,0,12,0
190015019,'1179257',2104,,2823,25,,,0
190015019,'1179260',1704,,2824,25,,,0
190015019,'1179280',1504,,2826,25,,,0
190015019,'1179329',1634,,2827,25,,,0
190015019,'1179378',2004,,2828,25,,,0
190015019,'1179382',1734,,2829,25,,,0
190015019,'1179400',1904,,2830,25,,,0
190015019,'1179414',1504,,2831,25,,,0
190015019,'1179456',1534,,2832,25,,,0
190015019,'1179465',1604,,2833,25,,,0
190015019,'1179466',904,,2834,25,,,0
190015019,'1179468',2004,,2835,25,,,0
190015019,'1179480',1304,,2836,25,,,0
190015019,'1179489',1234,,2837,25,,,0
190015019,'1179491',1104,,2838,25,,,0
190015019,'1179501',1034,,2839,25,,,0
190015019,'1179525',704,,2840,25,,,0
190015019,'1179560',2104,,2841,25,,,0
190015019,'1179563',1404,,2842,25,,,0
190015019,'1179576',1904,,2843,25,,,0
190015019,'1179602',834,,2844,25,,,0
190015019,'1179633',734,,2845,25,,,0
190015019,'1179652',904,,2847,25,,,0
190015019,'1179679',1434,,2848,25,,,0
190015019,'1179703',1204,,2849,25,,,0
190015019,'1179716',704,,2850,25,,,0
190017019,'1178928',1704,,2851,33,,,0
190017019,'1178932',934,,2852,33,,,0
190017019,'1179000',2204,,2854,33,0,8 21,0
190017019,'1179014',1834,,2855,33,0,8 21,0
190017019,'1179016',634,,2856,33,,,0
190017019,'1179057',2304,,2857,33,0,8 21,0
190017019,'1179092',704,,2859,33,,,0
190017019,'1179124',1604,,2860,33,,,0
190017019,'1179128',1104,,2861,33,,,0
190017019,'1179133',2204,,2862,33,0,8 21,0
190017019,'1179151',1904,,2863,33,,,0
190017019,'1179161',1734,,2864,33,,,0
190017019,'1179166',1004,,2865,33,,,0
190017019,'1179196',704,,2866,33,,,0
190017019,'1179242',1204,,2867,33,,,0
190017019,'1179273',2104,,2868,33,,,0
190017019,'1179277',834,,2869,33,,,0
190017019,'1179293',1304,,2870,33,,,0
190017019,'1179306',1904,,2871,33,,,0
190017019,'1179327',1504,,2873,33,,,0
190017019,'1179385',804,,2876,33,,,0
190017019,'1179401',2004,,2877,33,,,0
190017019,'1179427',1304,,2878,33,,,0
190017019,'1179455',1404,,2879,33,,,0
190017019,'1179519',1804,,2881,33,,,0
190017019,'1179529',2304,,2882,33,0,8 21,0
190017019,'1179533',734,,2883,33,,,0
190017019,'1179573',1204,,2885,33,,,0
190017019,'1179579',1104,,2886,33,,,0
190017019,'1179599',2104,,2887,33,,,0
190017019,'1179610',2004,,2888,33,,,0
190017019,'1179621',904,,2889,33,,,0
190017019,'1179625',1404,,2890,33,,,0
190017019,'1179626',1634,,2891,33,,,0
190017019,'1179631',1804,,2892,33,,,0
190017019,'1179667',804,,2893,33,,,0
190017019,'1179680',1604,,2894,33,,,0
190017019,'1179683',904,,2895,33,,,0
190017019,'1179686',1504,,2896,33,,,0
190017019,'1179699',1004,,2897,33,,,0
190017019,'1179710',1704,,2898,33,,,0
