140029,'1178990',1458,,2339,33,,,0
140029,'1179039',1158,,2340,33,,,0
140029,'1179106',1058,,2341,33,,,0
140029,'1179281',1358,,2342,33,,,0
140029,'1179335',1658,,2343,33,,,0
140029,'1179461',1811,,2344,33,,,0
140029,'1179478',1558,,2345,33,,,0
140029,'1179522',1258,,2346,33,,,0
140029,'1179651',958,,2347,33,,,0
140010019,'1178921',1525,,2523,48,,,0
140010019,'1178922',1027,,2524,49,,,0
140010019,'1178936',758,,2525,47,,,0
140010019,'1178979',1127,,2527,49,,,0
140010019,'1179012',828,,2528,48,,,0
140010019,'1179037',2028,,2529,47,,,0
140010019,'1179103',1628,,2530,48,,,0
140010019,'1179131',1225,,2532,48,,,0
140010019,'1179140',2228,,2533,47,,,0
140010019,'1179157',728,,2535,47,,,0
140010019,'1179167',1125,,2536,48,,,0
140010019,'1179178',1828,,2537,48,,,0
140010019,'1179180',2228,,2538,48,,,0
140010019,'1179188',1527,,2539,49,,,0
140010019,'1179217',2028,,2540,48,,,0
140010019,'1179251',1658,,2542,47,,,0
140010019,'1179253',858,,2543,47,,,0
140010019,'1179268',1758,,2544,47,,,0
140010019,'1179270',1728,,2545,48,,,0
140010019,'1179302',728,,2546,15,,,0
140010019,'1179336',928,,2547,47,,,0
140010019,'1179347',828,,2548,47,,,0
140010019,'1179361',2128,,2549,47,,,0
140010019,'1179396',2128,,2550,48,,,0
140010019,'1179415',1227,,2552,49,,,0
140010019,'1179445',1425,,2553,48,,,0
140010019,'1179452',1828,,2554,47,,,0
140010019,'1179453',1427,,2555,49,,,0
140010019,'1179479',1325,,2556,48,,,0
140010019,'1179494',1728,,2558,47,,,0
140010019,'1179496',1628,,2559,47,,,0
140010019,'1179544',1928,,2561,47,,,0
140010019,'1179613',1928,,2563,48,,,0
140010019,'1179620',928,,2564,48,,,0
140010019,'1179659',1327,,2566,49,,,0
140010019,'1179692',1025,,2567,48,,,0
