110029,'1178926',1309,,2248,27,,,0
110029,'1179044',909,,2249,27,,,0
110029,'1179118',1109,,2250,27,,,0
110029,'1179173',1209,,2251,27,,,0
110029,'1179459',1709,,2252,27,,,0
110029,'1179534',1409,,2253,27,,,0
110029,'1179542',1609,,2254,27,,,0
110029,'1179690',1009,,2255,27,,,0
110029,'1179707',1509,,2256,27,,,0
190011019,'1178945',1602,,2709,27,,,0
190011019,'1178950',802,,2710,51,,,0
190011019,'1178970',1932,,2711,51,,,0
190011019,'1179040',2132,,2713,51,,,0
190011019,'1179064',1102,,2714,27,,,0
190011019,'1179145',932,,2715,51,,,0
190011019,'1179146',1202,,2716,27,,,0
190011019,'1179159',1832,,2717,51,,,0
190011019,'1179163',832,,2719,51,,,0
190011019,'1179248',732,,2720,51,,,0
190011019,'1179252',1832,,2721,51,,,0
190011019,'1179276',2032,,2722,51,,,0
190011019,'1179307',732,,2723,51,,,0
190011019,'1179317',1302,,2724,27,,,0
190011019,'1179332',1132,,2725,52,,,0
190011019,'1179340',932,,2726,51,,,0
190011019,'1179367',1802,,2727,51,,,0
190011019,'1179375',1502,,2728,27,,,0
190011019,'1179393',1702,,2729,27,,,0
190011019,'1179394',2232,,2730,51,,,0
190011019,'1179413',1332,,2732,52,,,0
190011019,'1179424',2232,,2733,51,,,0
190011019,'1179426',1432,,2734,52,,,0
190011019,'1179430',1632,,2735,52,,,0
190011019,'1179437',1132,,2736,52,,,0
190011019,'1179438',1632,,2737,52,,,0
190011019,'1179442',1932,,2738,51,,,0
190011019,'1179477',832,,2739,51,,,0
190011019,'1179521',1432,,2740,52,,,0
190011019,'1179528',1232,,2741,52,,,0
190011019,'1179530',702,,2742,27,,,0
190011019,'1179555',2032,,2743,51,,,0
190011019,'1179572',1232,,2744,52,,,0
190011019,'1179590',1532,,2745,52,,,0
190011019,'1179619',1732,,2746,51,,,0
190011019,'1179642',1032,,2747,51,,,0
190011019,'1179650',1332,,2748,52,,,0
190011019,'1179665',632,,2749,30,,,0
190011019,'1179666',902,,2750,51,,,0
190011019,'1179672',1402,,2751,27,,,0
190011019,'1179677',2132,,2752,51,,,0
190011019,'1179678',1002,,2753,51,,,0
190011019,'1179688',1732,,2754,51,,,0
190011019,'1179700',1532,,2755,52,,,0
190011019,'1179709',1032,,2756,51,,,0
