150019,'1178942',1741,,2348,8,,,0
150019,'1178956',1341,,2349,8,,,0
150019,'1178976',1641,,2350,8,,,0
150019,'1179117',1241,,2351,8,,,0
150019,'1179150',1541,,2352,8,,,0
150019,'1179341',941,,2353,8,,,0
150019,'1179473',1141,,2354,8,,,0
150019,'1179559',1441,,2355,8,,,0
150019,'1179673',1041,,2356,8,,,0
140014019,'1178954',1559,,2614,18,,,0
140014019,'1178955',1129,,2615,18,,,0
140014019,'1178974',959,,2616,18,,,0
140014019,'1179007',1759,,2617,18,,,0
140014019,'1179027',1459,,2618,18,,,0
140014019,'1179052',759,,2619,18,,,0
140014019,'1179079',729,,2620,18,,,0
140014019,'1179080',1459,,2621,18,,,0
140014019,'1179082',829,,2622,18,,,0
140014019,'1179084',659,,2623,18,,,0
140014019,'1179111',2159,,2624,18,,,0
140014019,'1179143',759,,2625,18,,,0
140014019,'1179200',1229,,2626,18,,,0
140014019,'1179207',1729,,2627,18,,,0
140014019,'1179221',1359,,2628,18,,,0
140014019,'1179271',1159,,2629,18,,,0
140014019,'1179298',1659,,2630,18,,,0
140014019,'1179320',1429,,2631,18,,,0
140014019,'1179323',959,,2632,18,,,0
140014019,'1179350',859,,2634,18,,,0
140014019,'1179353',1759,,2635,18,,,0
140014019,'1179366',1959,,2636,18,,,0
140014019,'1179392',1559,,2637,18,,,0
140014019,'1179403',1859,,2638,18,,,0
140014019,'1179433',1359,,2640,18,,,0
140014019,'1179443',929,,2641,18,,,0
140014019,'1179446',1159,,2642,18,,,0
140014019,'1179449',1029,,2643,18,,,0
140014019,'1179493',1059,,2644,18,,,0
140014019,'1179524',1659,,2646,18,,,0
140014019,'1179535',1329,,2647,18,,,0
140014019,'1179547',1259,,2648,18,,,0
140014019,'1179557',1829,,2650,18,0,8 21,0
140014019,'1179561',1529,,2651,18,,,0
140014019,'1179577',1259,,2652,18,,,0
140014019,'1179598',2059,,2653,18,,,0
140014019,'1179600',2159,,2654,18,,,0
140014019,'1179608',1859,,2655,18,,,0
140014019,'1179636',1629,,2656,18,,,0
140014019,'1179638',859,,2657,18,,,0
140014019,'1179648',1959,,2658,18,,,0
140014019,'1179654',2059,,2659,18,,,0
140014019,'1179662',1059,,2660,18,,,0
