140010019,'1178921',1521,,2523,40,,,0
140010019,'1178922',1021,,2524,41,,,0
140010019,'1178936',751,,2525,40,,,0
140010019,'1178979',1121,,2527,41,,,0
140010019,'1179012',821,,2528,41,,,0
140010019,'1179037',2021,,2529,40,,,0
140010019,'1179103',1621,,2530,41,,,0
140010019,'1179131',1221,,2532,40,,,0
140010019,'1179140',2221,,2533,40,,,0
140010019,'1179157',721,,2535,40,,,0
140010019,'1179167',1121,,2536,40,,,0
140010019,'1179178',1821,,2537,41,,,0
140010019,'1179180',2221,,2538,41,,,0
140010019,'1179188',1521,,2539,41,,,0
140010019,'1179217',2021,,2540,41,,,0
140010019,'1179251',1651,,2542,40,,,0
140010019,'1179253',851,,2543,40,,,0
140010019,'1179268',1751,,2544,40,,,0
140010019,'1179270',1721,,2545,41,,,0
140010019,'1179302',721,,2546,8,,,0
140010019,'1179336',921,,2547,40,,,0
140010019,'1179347',821,,2548,40,,,0
140010019,'1179361',2121,,2549,40,,,0
140010019,'1179396',2121,,2550,41,,,0
140010019,'1179415',1221,,2552,41,,,0
140010019,'1179445',1421,,2553,40,,,0
140010019,'1179452',1821,,2554,40,,,0
140010019,'1179453',1421,,2555,41,,,0
140010019,'1179479',1321,,2556,40,,,0
140010019,'1179494',1721,,2558,40,,,0
140010019,'1179496',1621,,2559,40,,,0
140010019,'1179544',1921,,2561,40,,,0
140010019,'1179613',1921,,2563,41,,,0
140010019,'1179620',921,,2564,41,,,0
140010019,'1179659',1321,,2566,41,,,0
140010019,'1179692',1021,,2567,40,,,0
