110029,'1178926',1301,,2248,10,,,0
110029,'1179044',901,,2249,10,,,0
110029,'1179118',1101,,2250,10,,,0
110029,'1179173',1201,,2251,10,,,0
110029,'1179459',1701,,2252,10,,,0
110029,'1179534',1401,,2253,10,,,0
110029,'1179542',1601,,2254,10,,,0
110029,'1179690',1001,,2255,10,,,0
110029,'1179707',1501,,2256,10,,,0
190011019,'1178945',1551,,2709,10,,,0
190011019,'1178950',751,,2710,34,,,0
190011019,'1178970',1921,,2711,34,,,0
190011019,'1179040',2121,,2713,34,,,0
190011019,'1179064',1051,,2714,10,,,0
190011019,'1179145',921,,2715,34,,,0
190011019,'1179146',1151,,2716,10,,,0
190011019,'1179159',1821,,2717,34,,,0
190011019,'1179163',821,,2719,34,,,0
190011019,'1179248',721,,2720,34,,,0
190011019,'1179252',1821,,2721,34,,,0
190011019,'1179276',2021,,2722,34,,,0
190011019,'1179307',721,,2723,34,,,0
190011019,'1179317',1251,,2724,10,,,0
190011019,'1179332',1121,,2725,35,,,0
190011019,'1179340',921,,2726,34,,,0
190011019,'1179367',1751,,2727,34,,,0
190011019,'1179375',1451,,2728,10,,,0
190011019,'1179393',1651,,2729,10,,,0
190011019,'1179394',2221,,2730,34,,,0
190011019,'1179413',1321,,2732,35,,,0
190011019,'1179424',2221,,2733,34,,,0
190011019,'1179426',1421,,2734,35,,,0
190011019,'1179430',1621,,2735,35,,,0
190011019,'1179437',1121,,2736,35,,,0
190011019,'1179438',1621,,2737,35,,,0
190011019,'1179442',1921,,2738,34,,,0
190011019,'1179477',821,,2739,34,,,0
190011019,'1179521',1421,,2740,35,,,0
190011019,'1179528',1221,,2741,35,,,0
190011019,'1179530',651,,2742,10,,,0
190011019,'1179555',2021,,2743,34,,,0
190011019,'1179572',1221,,2744,35,,,0
190011019,'1179590',1521,,2745,35,,,0
190011019,'1179619',1721,,2746,34,,,0
190011019,'1179642',1021,,2747,34,,,0
190011019,'1179650',1321,,2748,35,,,0
190011019,'1179665',621,,2749,13,,,0
190011019,'1179666',851,,2750,34,,,0
190011019,'1179672',1351,,2751,10,,,0
190011019,'1179677',2121,,2752,34,,,0
190011019,'1179678',951,,2753,34,,,0
190011019,'1179688',1721,,2754,34,,,0
190011019,'1179700',1521,,2755,35,,,0
190011019,'1179709',1021,,2756,34,,,0
