120029,'1179032',1556,,2303,36,,,0
120029,'1179055',1356,,2304,36,,,0
120029,'1179056',1656,,2305,36,,,0
120029,'1179099',1809,,2306,36,,,0
120029,'1179153',956,,2307,36,,,0
120029,'1179222',1456,,2308,36,,,0
120029,'1179429',1156,,2309,36,,,0
120029,'1179447',1056,,2310,36,,,0
120029,'1179575',1256,,2311,36,,,0
140012019,'1178913',1226,,2568,40,,,0
140012019,'1178923',1226,,2569,40,,,0
140012019,'1178934',1026,,2570,40,,,0
140012019,'1178935',826,,2571,40,,,0
140012019,'1178953',926,,2572,40,,,0
140012019,'1178981',726,,2573,40,,,0
140012019,'1178986',1456,,2574,40,,,0
140012019,'1179006',1356,,2575,40,,,0
140012019,'1179011',756,,2576,40,,,0
140012019,'1179015',1926,,2577,40,,,0
140012019,'1179046',926,,2578,40,,,0
140012019,'1179102',1626,,2579,40,,,0
140012019,'1179154',1426,,2580,40,,,0
140012019,'1179183',2026,,2581,40,,,0
140012019,'1179185',956,,2582,40,,,0
140012019,'1179230',1026,,2584,40,,,0
140012019,'1179233',1626,,2585,40,,,0
140012019,'1179236',826,,2586,40,,,0
140012019,'1179238',1526,,2587,40,,,0
140012019,'1179244',2126,,2588,40,,,0
140012019,'1179245',1926,,2589,40,,,0
140012019,'1179250',726,,2590,18,,,0
140012019,'1179261',1126,,2592,40,,,0
140012019,'1179316',2026,,2593,40,,,0
140012019,'1179325',856,,2594,40,,,0
140012019,'1179348',1326,,2595,40,,,0
140012019,'1179359',1756,,2596,40,,,0
140012019,'1179372',2226,,2597,40,,,0
140012019,'1179387',1326,,2598,40,,,0
140012019,'1179399',1156,,2599,40,,,0
140012019,'1179425',2126,,2600,40,,,0
140012019,'1179444',1656,,2601,40,,,0
140012019,'1179495',1426,,2602,40,,,0
140012019,'1179499',1556,,2603,40,,,0
140012019,'1179510',1726,,2604,40,,,0
140012019,'1179511',2226,,2605,40,,,0
140012019,'1179526',1826,,2606,40,,,0
140012019,'1179556',1126,,2607,40,,,0
140012019,'1179567',1256,,2608,40,,,0
140012019,'1179644',1826,,2610,40,,,0
140012019,'1179693',1056,,2611,40,,,0
140012019,'1179704',1526,,2612,40,,,0
140012019,'1179715',1726,,2613,40,,,0
