200019,'1179038',1512,,2384,31,4,,0
200019,'1179081',1712,,2385,31,4,,0
200019,'1179174',1012,,2386,31,4,,0
200019,'1179259',1212,,2387,31,4,,0
200019,'1179289',1612,,2388,31,4,,0
200019,'1179460',1804,,2389,31,4,,0
200019,'1179585',1112,,2390,31,4,,0
200019,'1179594',1412,,2391,31,4,,0
200019,'1179655',1312,,2392,31,4,,0
200029,'1178971',1030,,2393,1,,,0
200029,'1179034',1630,,2394,1,,,0
200029,'1179043',1230,,2395,1,,,0
200029,'1179091',1430,,2396,1,,,0
200029,'1179198',1130,,2398,1,,,0
200029,'1179229',1714,,2399,1,,,0
200029,'1179283',1330,,2400,1,,,0
200029,'1179383',1530,,2401,1,,,0
200029,'1179689',930,,2402,1,,,0
140014019,'1178954',1623,,2614,29,,,0
140014019,'1178955',1153,,2615,29,,,0
140014019,'1178974',1023,,2616,29,,,0
140014019,'1179007',1823,,2617,29,,,0
140014019,'1179027',1523,,2618,29,,,0
140014019,'1179052',823,,2619,29,,,0
140014019,'1179079',753,,2620,29,,,0
140014019,'1179080',1523,,2621,29,,,0
140014019,'1179082',853,,2622,29,,,0
140014019,'1179084',723,,2623,29,,,0
140014019,'1179111',2223,,2624,29,,,0
140014019,'1179143',823,,2625,29,,,0
140014019,'1179200',1253,,2626,29,,,0
140014019,'1179207',1753,,2627,29,,,0
140014019,'1179221',1423,,2628,29,,,0
140014019,'1179271',1223,,2629,29,,,0
140014019,'1179298',1723,,2630,29,,,0
140014019,'1179320',1453,,2631,29,,,0
140014019,'1179323',1023,,2632,29,,,0
140014019,'1179337',623,,2633,1,,,0
140014019,'1179350',923,,2634,29,,,0
140014019,'1179353',1823,,2635,29,,,0
140014019,'1179366',2023,,2636,29,,,0
140014019,'1179392',1623,,2637,29,,,0
140014019,'1179403',1923,,2638,29,,,0
140014019,'1179417',723,,2639,8,,,0
140014019,'1179433',1423,,2640,29,,,0
140014019,'1179443',953,,2641,29,,,0
140014019,'1179446',1223,,2642,29,,,0
140014019,'1179449',1053,,2643,29,,,0
140014019,'1179493',1123,,2644,29,,,0
140014019,'1179513',623,,2645,1,,,0
140014019,'1179524',1723,,2646,29,,,0
140014019,'1179535',1353,,2647,29,,,0
140014019,'1179547',1323,,2648,29,,,0
140014019,'1179550',653,,2649,8,,,0
140014019,'1179561',1553,,2651,29,,,0
140014019,'1179577',1323,,2652,29,,,0
140014019,'1179598',2123,,2653,29,,,0
140014019,'1179600',2223,,2654,29,,,0
140014019,'1179608',1923,,2655,29,,,0
140014019,'1179636',1653,,2656,29,,,0
140014019,'1179638',923,,2657,29,,,0
140014019,'1179648',2023,,2658,29,,,0
140014019,'1179654',2123,,2659,29,,,0
140014019,'1179662',1123,,2660,29,,,0
190015019,'1178937',1126,,2803,18,,,0
190015019,'1178938',2256,,2804,18,0,12,0
190015019,'1178958',956,,2805,18,,,0
190015019,'1178960',1056,,2806,18,,,0
190015019,'1178991',2156,,2807,18,0,12,0
190015019,'1179018',1356,,2808,18,,,0
190015019,'1179054',1256,,2809,18,,,0
190015019,'1179073',1326,,2810,18,,,0
190015019,'1179089',1156,,2812,18,,,0
190015019,'1179095',1656,,2813,18,,,0
190015019,'1179126',1756,,2814,18,,,0
190015019,'1179130',1556,,2815,18,,,0
190015019,'1179152',926,,2816,18,,,0
190015019,'1179165',2156,,2817,18,0,12,0
190015019,'1179169',956,,2818,18,,,0
190015019,'1179170',756,,2819,18,,,0
190015019,'1179189',756,,2820,18,,,0
190015019,'1179226',1756,,2821,18,,,0
190015019,'1179241',1826,,2822,18,0,12,0
190015019,'1179257',2056,,2823,18,,,0
190015019,'1179260',1656,,2824,18,,,0
190015019,'1179269',2256,,2825,18,0,12,0
190015019,'1179280',1456,,2826,18,,,0
190015019,'1179329',1626,,2827,18,,,0
190015019,'1179378',1956,,2828,18,,,0
190015019,'1179382',1726,,2829,18,,,0
190015019,'1179400',1856,,2830,18,,,0
190015019,'1179414',1456,,2831,18,,,0
190015019,'1179456',1526,,2832,18,,,0
190015019,'1179465',1556,,2833,18,,,0
190015019,'1179466',856,,2834,18,,,0
190015019,'1179468',1956,,2835,18,,,0
190015019,'1179480',1256,,2836,18,,,0
190015019,'1179489',1226,,2837,18,,,0
190015019,'1179491',1056,,2838,18,,,0
190015019,'1179501',1026,,2839,18,,,0
190015019,'1179525',656,,2840,18,,,0
190015019,'1179560',2056,,2841,18,,,0
190015019,'1179563',1356,,2842,18,,,0
190015019,'1179576',1856,,2843,18,,,0
190015019,'1179602',826,,2844,18,,,0
190015019,'1179633',726,,2845,18,,,0
190015019,'1179652',856,,2847,18,,,0
190015019,'1179679',1426,,2848,18,,,0
190015019,'1179703',1156,,2849,18,,,0
190015019,'1179716',656,,2850,18,,,0
