130029,'1178925',1459,,2321,8,,,0
130029,'1178989',1359,,2322,8,,,0
130029,'1179023',1559,,2323,8,,,0
130029,'1179120',1659,,2324,8,,,0
130029,'1179168',1259,,2325,8,,,0
130029,'1179423',859,,2326,8,,,0
130029,'1179469',1159,,2327,8,,,0
130029,'1179639',959,,2328,8,,,0
130029,'1179657',1059,,2329,8,,,0
300019,'1178915',952,,2440,5,0,23 24 2 25,0
300019,'1178996',1822,,2447,5,0,23 24 2 25,0
300019,'1178999',722,,2448,5,0,23 24 2 25,0
300019,'1179042',752,,2453,5,0,23 24 2 25,0
300019,'1179065',1122,,2456,5,0,23 24 2 25,0
300019,'1179094',722,,2458,4,0,23 24 2 25,0
300019,'1179132',1222,,2464,5,0,23 24 2 25,0
300019,'1179142',1522,,2465,5,0,23 24 2 25,0
300019,'1179211',1722,,2467,5,0,23 24 2 25,0
300019,'1179220',1022,,2468,5,0,23 24 2 25,0
300019,'1179258',1822,,2470,5,0,23 24 2 25,0
300019,'1179264',1322,,2471,5,0,23 24 2 25,0
300019,'1179288',1722,,2473,5,0,23 24 2 25,0
300019,'1179349',1522,,2478,5,0,23 24 2 25,0
300019,'1179356',1622,,2480,5,0,23 24 2 25,0
300019,'1179360',2122,,2481,5,0,23 24 2 25,0
300019,'1179405',1222,,2486,5,0,23 24 2 25,0
300019,'1179406',1022,,2487,5,0,23 24 2 25,0
300019,'1179409',1552,,2488,5,0,23 24 2 25,0
300019,'1179420',1322,,2489,5,0,23 24 2 25,0
300019,'1179454',1422,,2492,5,0,23 24 2 25,0
300019,'1179463',922,,2493,5,0,23 24 2 25,0
300019,'1179467',822,,2494,5,0,23 24 2 25,0
300019,'1179470',1122,,2495,5,0,23 24 2 25,0
300019,'1179502',2022,,2498,5,0,23 24 2 25,0
300019,'1179527',1922,,2500,5,0,23 24 2 25,0
300019,'1179532',822,,2501,5,0,23 24 2 25,0
300019,'1179554',2122,,2504,5,0,23 24 2 25,0
300019,'1179570',1622,,2507,5,0,23 24 2 25,0
300019,'1179580',1922,,2508,5,0,23 24 2 25,0
300019,'1179597',852,,2511,5,0,23 24 2 25,0
300019,'1179607',652,,2512,4,0,23 24 2 25,0
300019,'1179614',1422,,2513,5,0,23 24 2 25,0
300019,'1179617',1752,,2514,5,0,23 24 2 25,0
300019,'1179624',1652,,2516,5,0,23 24 2 25,0
300019,'1179643',2022,,2518,5,0,23 24 2 25,0
300019,'1179713',922,,2521,5,0,23 24 2 25,0
190013019,'1178916',1650,,2757,40,,,0
190013019,'1178919',2020,,2758,40,,,0
190013019,'1178920',1150,,2759,40,,,0
190013019,'1178929',820,,2760,40,,,0
190013019,'1178930',1720,,2761,40,,,0
190013019,'1178972',2020,,2762,40,,,0
190013019,'1178983',1250,,2763,40,,,0
190013019,'1178994',2220,,2764,40,,,0
190013019,'1178997',1220,,2765,40,,,0
190013019,'1179048',1550,,2766,40,,,0
190013019,'1179062',1620,,2767,40,,,0
190013019,'1179074',1350,,2768,40,,,0
190013019,'1179087',1320,,2769,40,,,0
190013019,'1179104',1050,,2770,40,,,0
190013019,'1179187',920,,2772,40,,,0
190013019,'1179202',1120,,2773,40,,,0
190013019,'1179203',1020,,2774,40,,,0
190013019,'1179212',1520,,2775,40,,,0
190013019,'1179219',1320,,2776,40,,,0
190013019,'1179243',820,,2777,40,,,0
190013019,'1179287',2220,,2778,40,,,0
190013019,'1179292',1120,,2779,40,,,0
190013019,'1179300',750,,2780,40,,,0
190013019,'1179354',620,,2781,8,,,0
190013019,'1179373',1020,,2782,40,,,0
190013019,'1179380',1420,,2783,40,,,0
190013019,'1179402',1420,,2784,40,,,0
190013019,'1179411',1450,,2785,40,,,0
190013019,'1179457',1920,,2786,40,,,0
190013019,'1179504',720,,2787,40,,,0
190013019,'1179507',950,,2788,40,,,0
190013019,'1179509',1220,,2789,40,,,0
190013019,'1179516',1620,,2790,40,,,0
190013019,'1179531',2120,,2791,40,,,0
190013019,'1179537',920,,2792,40,,,0
190013019,'1179539',1820,,2793,40,,,0
190013019,'1179546',720,,2794,40,,,0
190013019,'1179553',1920,,2795,40,,,0
190013019,'1179581',650,,2796,8,,,0
190013019,'1179591',1720,,2797,40,,,0
190013019,'1179611',1750,,2798,40,,,0
190013019,'1179635',1520,,2799,40,,,0
190013019,'1179694',850,,2800,40,,,0
190013019,'1179701',2120,,2801,40,,,0
190013019,'1179717',1820,,2802,40,,,0
