140019,'1178969',1347,,2330,33,,,0
140019,'1178977',1547,,2331,33,,,0
140019,'1179164',1647,,2332,33,,,0
140019,'1179344',1447,,2333,33,,,0
140019,'1179352',947,,2334,33,,,0
140019,'1179462',1247,,2335,33,,,0
140019,'1179512',1147,,2336,33,,,0
140019,'1179518',1047,,2337,33,,,0
140019,'1179634',1800,,2338,33,,,0
140014019,'1178954',1630,,2614,40,,,0
140014019,'1178955',1200,,2615,40,,,0
140014019,'1178974',1030,,2616,40,,,0
140014019,'1179007',1828,,2617,40,,,0
140014019,'1179027',1530,,2618,40,,,0
140014019,'1179052',828,,2619,40,,,0
140014019,'1179079',800,,2620,40,,,0
140014019,'1179080',1528,,2621,40,,,0
140014019,'1179082',900,,2622,40,,,0
140014019,'1179084',730,,2623,40,,,0
140014019,'1179111',2230,,2624,40,,,0
140014019,'1179143',830,,2625,40,,,0
140014019,'1179200',1300,,2626,40,,,0
140014019,'1179207',1800,,2627,40,,,0
140014019,'1179221',1428,,2628,40,,,0
140014019,'1179271',1230,,2629,40,,,0
140014019,'1179298',1728,,2630,40,,,0
140014019,'1179320',1500,,2631,40,,,0
140014019,'1179323',1028,,2632,40,,,0
140014019,'1179337',628,,2633,12,,,0
140014019,'1179350',928,,2634,40,,,0
140014019,'1179353',1830,,2635,40,,,0
140014019,'1179366',2028,,2636,40,,,0
140014019,'1179392',1628,,2637,40,,,0
140014019,'1179403',1930,,2638,40,,,0
140014019,'1179417',728,,2639,19,,,0
140014019,'1179433',1430,,2640,40,,,0
140014019,'1179443',1000,,2641,40,,,0
140014019,'1179446',1228,,2642,40,,,0
140014019,'1179449',1100,,2643,40,,,0
140014019,'1179493',1130,,2644,40,,,0
140014019,'1179513',630,,2645,12,,,0
140014019,'1179524',1730,,2646,40,,,0
140014019,'1179535',1400,,2647,40,,,0
140014019,'1179547',1328,,2648,40,,,0
140014019,'1179550',700,,2649,19,,,0
140014019,'1179561',1600,,2651,40,,,0
140014019,'1179577',1330,,2652,40,,,0
140014019,'1179598',2130,,2653,40,,,0
140014019,'1179600',2228,,2654,40,,,0
140014019,'1179608',1928,,2655,40,,,0
140014019,'1179636',1700,,2656,40,,,0
140014019,'1179638',930,,2657,40,,,0
140014019,'1179648',2030,,2658,40,,,0
140014019,'1179654',2128,,2659,40,,,0
140014019,'1179662',1128,,2660,40,,,0
