140029,'1178990',1429,,2361,10,,,0
140029,'1179039',1129,,2362,10,,,0
140029,'1179106',1029,,2363,10,,,0
140029,'1179281',1329,,2364,10,,,0
140029,'1179335',1629,,2365,10,,,0
140029,'1179461',1729,,2366,10,,,0
140029,'1179478',1529,,2367,10,,,0
140029,'1179522',1229,,2368,10,,,0
140029,'1179651',929,,2369,10,,,0
140029,'1179802',1529,,2370,9,,,0
140029,'1179837',1329,,2371,9,,,0
140029,'1179865',1729,,2372,9,,,0
140029,'1179930',1229,,2373,9,,,0
140029,'1179947',1629,,2374,9,,,0
140029,'1179984',1429,,2375,9,,,0
140029,'1180047',929,,2376,9,,,0
140029,'1180060',1029,,2377,9,,,0
140029,'1180076',1129,,2378,9,,,0
190015019,'1178937',1120,,2942,9,,,0
190015019,'1178938',2250,,2943,9,0,12,0
190015019,'1178958',950,,2944,9,,,0
190015019,'1179073',1320,,2945,9,,,0
190015019,'1179089',1150,,2947,9,,,0
190015019,'1179095',1650,,2948,9,,,0
190015019,'1179152',920,,2949,9,,,0
190015019,'1179165',2150,,2950,9,0,12,0
190015019,'1179170',750,,2951,9,,,0
190015019,'1179226',1750,,2952,9,,,0
190015019,'1179241',1820,,2953,9,0,12,0
190015019,'1179329',1620,,2954,9,,,0
190015019,'1179378',1950,,2955,9,,,0
190015019,'1179382',1720,,2956,9,,,0
190015019,'1179414',1450,,2957,9,,,0
190015019,'1179456',1520,,2958,9,,,0
190015019,'1179465',1550,,2959,9,,,0
190015019,'1179480',1250,,2960,9,,,0
190015019,'1179489',1220,,2961,9,,,0
190015019,'1179491',1050,,2962,9,,,0
190015019,'1179501',1020,,2963,9,,,0
190015019,'1179560',2050,,2964,9,,,0
190015019,'1179563',1350,,2965,9,,,0
190015019,'1179576',1850,,2966,9,,,0
190015019,'1179602',820,,2967,9,,,0
190015019,'1179633',720,,2968,9,,,0
190015019,'1179652',850,,2970,9,,,0
190015019,'1179679',1420,,2971,9,,,0
190015019,'1179716',650,,2972,9,,,0
190015019,'1179791',2050,,2973,9,,,0
190015019,'1179793',650,,2974,9,,,0
190015019,'1179804',650,,2975,9,,,0
190015019,'1179812',1050,,2976,9,,,0
190015019,'1179819',750,,2977,9,,,0
190015019,'1179825',1150,,2978,9,,,0
190015019,'1179846',2150,,2979,9,0,12,0
190015019,'1179856',820,,2980,9,,,0
190015019,'1179872',750,,2981,9,,,0
190015019,'1179885',1620,,2982,9,,,0
190015019,'1179887',1350,,2983,9,,,0
190015019,'1179898',1450,,2984,9,,,0
190015019,'1179909',950,,2985,9,,,0
190015019,'1179919',1750,,2986,9,,,0
190015019,'1179920',850,,2987,9,,,0
190015019,'1179923',1420,,2988,9,,,0
190015019,'1179931',2050,,2989,9,,,0
190015019,'1179934',1820,,2990,9,0,12,0
190015019,'1179935',1650,,2991,9,,,0
190015019,'1179940',1120,,2992,9,,,0
190015019,'1179952',1150,,2993,9,,,0
190015019,'1179960',1250,,2994,9,,,0
190015019,'1179961',1450,,2995,9,,,0
190015019,'1179972',2250,,2996,9,0,12,0
190015019,'1179980',1020,,2997,9,,,0
190015019,'1179982',1720,,2998,9,,,0
190015019,'1179992',1520,,2999,9,,,0
190015019,'1179995',1050,,3000,9,,,0
190015019,'1179999',1220,,3001,9,,,0
190015019,'1180013',1850,,3002,9,,,0
190015019,'1180014',1950,,3003,9,,,0
190015019,'1180015',920,,3004,9,,,0
190015019,'1180016',1950,,3005,9,,,0
190015019,'1180021',2250,,3006,9,0,12,0
190015019,'1180026',1850,,3007,9,,,0
190015019,'1180029',950,,3008,9,,,0
190015019,'1180044',1550,,3009,9,,,0
190015019,'1180045',2150,,3010,9,0,12,0
190015019,'1180058',1320,,3011,9,,,0
190015019,'1180059',1650,,3012,9,,,0
190015019,'1180068',1750,,3013,9,,,0
190015019,'1180070',1550,,3014,9,,,0
190015019,'1180075',850,,3015,9,,,0
190015019,'1180077',1250,,3016,9,,,0
190015019,'1180080',720,,3017,9,,,0
190015019,'1180081',1350,,3018,9,,,0
