116019,'1178927',1054,,2202,30,,,0
116019,'1178944',1454,,2203,30,,,0
116019,'1178984',2054,,2204,30,,,0
116019,'1178985',1554,,2205,30,,,0
116019,'1178993',1728,,2206,31,,,0
116019,'1179002',2054,,2207,30,,,0
116019,'1179004',854,,2208,30,,,0
116019,'1179020',1654,,2209,30,,,0
116019,'1179022',1658,,2210,31,,,0
116019,'1179025',1354,,2211,30,,,0
116019,'1179035',954,,2212,30,,,0
116019,'1179036',728,,2213,31,,,0
116019,'1179045',1954,,2214,30,,,0
116019,'1179090',2154,,2215,30,,,0
116019,'1179113',754,,2216,30,,,0
116019,'1179119',658,,2217,31,,,0
116019,'1179186',2154,,2218,30,,,0
116019,'1179192',1854,,2219,30,,,0
116019,'1179204',1854,,2220,30,,,0
116019,'1179214',924,,2221,30,,,0
116019,'1179218',1954,,2222,30,,,0
116019,'1179231',1354,,2223,30,,,0
116019,'1179239',854,,2224,30,,,0
116019,'1179249',1454,,2225,30,,,0
116019,'1179326',1154,,2226,30,,,0
116019,'1179334',1254,,2227,30,,,0
116019,'1179487',1754,,2228,30,,,0
116019,'1179497',1254,,2229,30,,,0
116019,'1179505',1624,,2230,30,,,0
116019,'1179506',1154,,2231,30,,,0
116019,'1179514',1824,,2232,30,,,0
116019,'1179540',1554,,2233,30,,,0
116019,'1179564',1054,,2234,30,,,0
116019,'1179589',954,,2235,30,,,0
116019,'1179630',1754,,2236,30,,,0
116019,'1179645',754,,2237,30,,,0
116019,'1179711',824,,2238,30,,,0
190011019,'1175757',2227,,1930,41,,,0
190011019,'1175788',1827,,1931,41,,,0
190011019,'1175797',1427,,1932,41,,,0
190011019,'1175800',1027,,1933,41,,,0
190011019,'1175811',1557,,1934,17,,,0
190011019,'1175846',1927,,1935,41,,,0
190011019,'1175854',1057,,1936,17,,,0
190011019,'1175866',1757,,1937,41,,,0
190011019,'1175889',1327,,1939,41,,,0
190011019,'1175960',1257,,1940,17,,,0
190011019,'1175990',1227,,1942,41,,,0
190011019,'1176025',627,,1943,20,,,0
190011019,'1176026',1327,,1944,41,,,0
190011019,'1176076',657,,1945,17,,,0
190011019,'1176086',1027,,1946,41,,,0
190011019,'1176114',927,,1947,41,,,0
190011019,'1176152',757,,1948,41,,,0
190011019,'1176229',2227,,1949,41,,,0
190011019,'1176246',827,,1950,41,,,0
190011019,'1176315',727,,1951,41,,,0
190011019,'1176316',1227,,1952,41,,,0
190011019,'1176317',1727,,1953,41,,,0
190011019,'1176322',957,,1954,41,,,0
190011019,'1176337',2027,,1955,41,,,0
190011019,'1176344',1627,,1956,41,,,0
190011019,'1176353',1627,,1957,41,,,0
190011019,'1176386',727,,1958,41,,,0
190011019,'1176406',1457,,1959,17,,,0
190011019,'1176429',1357,,1960,17,,,0
190011019,'1176444',1927,,1961,41,,,0
190011019,'1176445',2127,,1962,41,,,0
190011019,'1176478',1827,,1963,41,,,0
190011019,'1176517',1527,,1965,41,,,0
190011019,'1176557',927,,1966,41,,,0
190011019,'1176559',2027,,1967,41,,,0
190011019,'1176563',857,,1968,41,,,0
190011019,'1176570',1527,,1969,41,,,0
190011019,'1176581',1157,,1970,17,,,0
190011019,'1176586',1657,,1971,17,,,0
190011019,'1176595',1727,,1972,41,,,0
190011019,'1176605',1127,,1973,41,,,0
190011019,'1176616',1127,,1974,41,,,0
190011019,'1176620',827,,1975,41,,,0
190011019,'1176668',2127,,1976,41,,,0
190011019,'1176674',1427,,1977,41,,,0
