110029,'1178926',1300,,2248,9,,,0
110029,'1179044',900,,2249,9,,,0
110029,'1179118',1100,,2250,9,,,0
110029,'1179173',1200,,2251,9,,,0
110029,'1179459',1700,,2252,9,,,0
110029,'1179534',1400,,2253,9,,,0
110029,'1179542',1600,,2254,9,,,0
110029,'1179690',1000,,2255,9,,,0
110029,'1179707',1500,,2256,9,,,0
190011019,'1178945',1550,,2848,9,,,0
190011019,'1178950',750,,2849,33,,,0
190011019,'1178970',1920,,2850,33,,,0
190011019,'1179040',2120,,2852,33,,,0
190011019,'1179064',1050,,2853,9,,,0
190011019,'1179145',920,,2854,33,,,0
190011019,'1179146',1150,,2855,9,,,0
190011019,'1179159',1820,,2856,33,,,0
190011019,'1179163',820,,2858,33,,,0
190011019,'1179248',720,,2859,33,,,0
190011019,'1179252',1820,,2860,33,,,0
190011019,'1179276',2020,,2861,33,,,0
190011019,'1179307',720,,2862,33,,,0
190011019,'1179317',1250,,2863,9,,,0
190011019,'1179332',1120,,2864,34,,,0
190011019,'1179340',920,,2865,33,,,0
190011019,'1179367',1750,,2866,33,,,0
190011019,'1179375',1450,,2867,9,,,0
190011019,'1179393',1650,,2868,9,,,0
190011019,'1179394',2220,,2869,33,,,0
190011019,'1179413',1320,,2871,34,,,0
190011019,'1179424',2220,,2872,33,,,0
190011019,'1179426',1420,,2873,34,,,0
190011019,'1179430',1620,,2874,34,,,0
190011019,'1179437',1120,,2875,34,,,0
190011019,'1179438',1620,,2876,34,,,0
190011019,'1179442',1920,,2877,33,,,0
190011019,'1179477',820,,2878,33,,,0
190011019,'1179521',1420,,2879,34,,,0
190011019,'1179528',1220,,2880,34,,,0
190011019,'1179530',650,,2881,9,,,0
190011019,'1179555',2020,,2882,33,,,0
190011019,'1179572',1220,,2883,34,,,0
190011019,'1179590',1520,,2884,34,,,0
190011019,'1179619',1720,,2885,33,,,0
190011019,'1179642',1020,,2886,33,,,0
190011019,'1179650',1320,,2887,34,,,0
190011019,'1179665',620,,2888,12,,,0
190011019,'1179666',850,,2889,33,,,0
190011019,'1179672',1350,,2890,9,,,0
190011019,'1179677',2120,,2891,33,,,0
190011019,'1179678',950,,2892,33,,,0
190011019,'1179688',1720,,2893,33,,,0
190011019,'1179700',1520,,2894,34,,,0
190011019,'1179709',1020,,2895,33,,,0
