140014019,'1178954',1620,,2725,26,,,0
140014019,'1178955',1150,,2726,26,,,0
140014019,'1178974',1020,,2727,26,,,0
140014019,'1179007',1820,,2728,26,,,0
140014019,'1179027',1520,,2729,26,,,0
140014019,'1179052',820,,2730,26,,,0
140014019,'1179079',750,,2731,26,,,0
140014019,'1179080',1520,,2732,26,,,0
140014019,'1179082',850,,2733,26,,,0
140014019,'1179084',720,,2734,26,,,0
140014019,'1179111',2220,,2735,26,,,0
140014019,'1179143',820,,2736,26,,,0
140014019,'1179200',1250,,2737,26,,,0
140014019,'1179207',1750,,2738,26,,,0
140014019,'1179221',1420,,2739,26,,,0
140014019,'1179271',1220,,2740,26,,,0
140014019,'1179298',1720,,2741,26,,,0
140014019,'1179320',1450,,2742,26,,,0
140014019,'1179323',1020,,2743,26,,,0
140014019,'1179350',920,,2745,26,,,0
140014019,'1179353',1820,,2746,26,,,0
140014019,'1179366',2020,,2747,26,,,0
140014019,'1179392',1620,,2748,26,,,0
140014019,'1179403',1920,,2749,26,,,0
140014019,'1179417',720,,2750,5,,,0
140014019,'1179433',1420,,2751,26,,,0
140014019,'1179443',950,,2752,26,,,0
140014019,'1179446',1220,,2753,26,,,0
140014019,'1179449',1050,,2754,26,,,0
140014019,'1179493',1120,,2755,26,,,0
140014019,'1179524',1720,,2757,26,,,0
140014019,'1179535',1350,,2758,26,,,0
140014019,'1179547',1320,,2759,26,,,0
140014019,'1179550',650,,2760,5,,,0
140014019,'1179561',1550,,2762,26,,,0
140014019,'1179577',1320,,2763,26,,,0
140014019,'1179598',2120,,2764,26,,,0
140014019,'1179600',2220,,2765,26,,,0
140014019,'1179608',1920,,2766,26,,,0
140014019,'1179636',1650,,2767,26,,,0
140014019,'1179638',920,,2768,26,,,0
140014019,'1179648',2020,,2769,26,,,0
140014019,'1179654',2120,,2770,26,,,0
140014019,'1179662',1120,,2771,26,,,0
