110029,'1178926',1307,,2248,24,,,0
110029,'1179044',907,,2249,24,,,0
110029,'1179118',1107,,2250,24,,,0
110029,'1179173',1207,,2251,24,,,0
110029,'1179459',1707,,2252,24,,,0
110029,'1179534',1407,,2253,24,,,0
110029,'1179542',1607,,2254,24,,,0
110029,'1179690',1007,,2255,24,,,0
110029,'1179707',1507,,2256,24,,,0
190011019,'1178945',1600,,2848,24,,,0
190011019,'1178950',800,,2849,48,,,0
190011019,'1178970',1930,,2850,48,,,0
190011019,'1179040',2130,,2852,48,,,0
190011019,'1179064',1100,,2853,24,,,0
190011019,'1179145',930,,2854,48,,,0
190011019,'1179146',1200,,2855,24,,,0
190011019,'1179159',1830,,2856,48,,,0
190011019,'1179163',830,,2858,48,,,0
190011019,'1179248',730,,2859,48,,,0
190011019,'1179252',1830,,2860,48,,,0
190011019,'1179276',2030,,2861,48,,,0
190011019,'1179307',730,,2862,48,,,0
190011019,'1179317',1300,,2863,24,,,0
190011019,'1179332',1130,,2864,49,,,0
190011019,'1179340',930,,2865,48,,,0
190011019,'1179367',1800,,2866,48,,,0
190011019,'1179375',1500,,2867,24,,,0
190011019,'1179393',1700,,2868,24,,,0
190011019,'1179394',2230,,2869,48,,,0
190011019,'1179413',1330,,2871,49,,,0
190011019,'1179424',2230,,2872,48,,,0
190011019,'1179426',1430,,2873,49,,,0
190011019,'1179430',1630,,2874,49,,,0
190011019,'1179437',1130,,2875,49,,,0
190011019,'1179438',1630,,2876,49,,,0
190011019,'1179442',1930,,2877,48,,,0
190011019,'1179477',830,,2878,48,,,0
190011019,'1179521',1430,,2879,49,,,0
190011019,'1179528',1230,,2880,49,,,0
190011019,'1179530',700,,2881,24,,,0
190011019,'1179555',2030,,2882,48,,,0
190011019,'1179572',1230,,2883,49,,,0
190011019,'1179590',1530,,2884,49,,,0
190011019,'1179619',1730,,2885,48,,,0
190011019,'1179642',1030,,2886,48,,,0
190011019,'1179650',1330,,2887,49,,,0
190011019,'1179665',630,,2888,27,,,0
190011019,'1179666',900,,2889,48,,,0
190011019,'1179672',1400,,2890,24,,,0
190011019,'1179677',2130,,2891,48,,,0
190011019,'1179678',1000,,2892,48,,,0
190011019,'1179688',1730,,2893,48,,,0
190011019,'1179700',1530,,2894,49,,,0
190011019,'1179709',1030,,2895,48,,,0
