190011019,'1175757',2229,,1930,45,,,0
190011019,'1175788',1829,,1931,45,,,0
190011019,'1175797',1429,,1932,45,,,0
190011019,'1175800',1029,,1933,45,,,0
190011019,'1175811',1559,,1934,21,,,0
190011019,'1175846',1929,,1935,45,,,0
190011019,'1175854',1059,,1936,21,,,0
190011019,'1175866',1759,,1937,45,,,0
190011019,'1175889',1329,,1939,45,,,0
190011019,'1175960',1259,,1940,21,,,0
190011019,'1175990',1229,,1942,45,,,0
190011019,'1176025',629,,1943,24,,,0
190011019,'1176026',1329,,1944,45,,,0
190011019,'1176076',659,,1945,21,,,0
190011019,'1176086',1029,,1946,45,,,0
190011019,'1176114',929,,1947,45,,,0
190011019,'1176152',759,,1948,45,,,0
190011019,'1176229',2229,,1949,45,,,0
190011019,'1176246',829,,1950,45,,,0
190011019,'1176315',729,,1951,45,,,0
190011019,'1176316',1229,,1952,45,,,0
190011019,'1176317',1729,,1953,45,,,0
190011019,'1176322',959,,1954,45,,,0
190011019,'1176337',2029,,1955,45,,,0
190011019,'1176344',1629,,1956,45,,,0
190011019,'1176353',1629,,1957,45,,,0
190011019,'1176386',729,,1958,45,,,0
190011019,'1176406',1459,,1959,21,,,0
190011019,'1176429',1359,,1960,21,,,0
190011019,'1176444',1929,,1961,45,,,0
190011019,'1176445',2129,,1962,45,,,0
190011019,'1176478',1829,,1963,45,,,0
190011019,'1176517',1529,,1965,45,,,0
190011019,'1176557',929,,1966,45,,,0
190011019,'1176559',2029,,1967,45,,,0
190011019,'1176563',859,,1968,45,,,0
190011019,'1176570',1529,,1969,45,,,0
190011019,'1176581',1159,,1970,21,,,0
190011019,'1176586',1659,,1971,21,,,0
190011019,'1176595',1729,,1972,45,,,0
190011019,'1176605',1129,,1973,45,,,0
190011019,'1176616',1129,,1974,45,,,0
190011019,'1176620',829,,1975,45,,,0
190011019,'1176668',2129,,1976,45,,,0
190011019,'1176674',1429,,1977,45,,,0
