110019,'1178947',938,,2239,12,,,0
110019,'1178964',1438,,2240,12,,,0
110019,'1178973',1738,,2241,12,,,0
110019,'1179028',1538,,2242,12,,,0
110019,'1179105',1638,,2243,12,,,0
110019,'1179114',1038,,2244,12,,,0
110019,'1179176',1238,,2245,12,,,0
110019,'1179184',1338,,2246,12,,,0
110019,'1179290',1138,,2247,12,,,0
160029,'1178957',900,,2424,7,,,0
160029,'1179098',1400,,2425,7,,,0
160029,'1179137',1600,,2426,7,,,0
160029,'1179301',1200,,2427,7,,,0
160029,'1179398',1300,,2428,7,,,0
160029,'1179410',1700,,2429,7,,,0
160029,'1179543',1100,,2430,7,,,0
160029,'1179558',1000,,2431,7,,,0
160029,'1179623',1500,,2432,7,,,0
216019,'1178924',750,,2470,7,,,0
216019,'1178948',620,,2471,7,,,0
216019,'1178963',2120,,2472,7,,,0
216019,'1178968',1220,,2473,7,,,0
216019,'1179019',1750,,2474,7,,,0
216019,'1179021',1550,,2475,7,,,0
216019,'1179029',1420,,2476,7,,,0
216019,'1179050',1520,,2477,7,,,0
216019,'1179070',1420,,2478,7,,,0
216019,'1179075',1820,,2479,7,,,0
216019,'1179116',720,,2480,7,,,0
216019,'1179123',1320,,2481,7,,,0
216019,'1179160',1720,,2482,7,,,0
216019,'1179179',2020,,2483,7,,,0
216019,'1179181',1120,,2484,7,,,0
216019,'1179199',920,,2485,7,,,0
216019,'1179206',1520,,2486,7,,,0
216019,'1179328',1020,,2487,7,,,0
216019,'1179338',1220,,2488,7,,,0
216019,'1179345',820,,2489,7,,,0
216019,'1179368',1650,,2490,7,,,0
216019,'1179369',1020,,2491,7,,,0
216019,'1179374',1620,,2492,7,,,0
216019,'1179421',1820,,2493,7,,,0
216019,'1179431',1120,,2494,7,,,0
216019,'1179458',1920,,2495,7,,,0
216019,'1179488',720,,2496,7,,,0
216019,'1179523',1320,,2497,7,,,0
216019,'1179574',2020,,2498,7,,,0
216019,'1179582',1920,,2499,7,,,0
216019,'1179605',850,,2500,7,,,0
216019,'1179647',1720,,2501,7,,,0
216019,'1179669',820,,2502,7,,,0
216019,'1179695',2120,,2503,7,,,0
216019,'1179712',650,,2504,7,,,0
216019,'1179714',920,,2505,7,,,0
216019,'1179719',1620,,2506,7,,,0
140010019,'1178914',1119,,2633,14,0,8 21,0
140010019,'1178921',1449,,2634,14,,,0
140010019,'1178922',948,,2635,14,,,0
140010019,'1178936',719,,2636,14,,,0
140010019,'1178946',2249,,2637,14,0,8 21,0
140010019,'1178979',1048,,2638,14,,,0
140010019,'1179012',748,,2639,14,,,0
140010019,'1179037',1949,,2640,14,,,0
140010019,'1179103',1548,,2641,14,,,0
140010019,'1179122',1319,,2642,14,0,8 21,0
140010019,'1179131',1149,,2643,14,,,0
140010019,'1179140',2149,,2644,14,,,0
140010019,'1179147',919,,2645,14,0,8 21,0
140010019,'1179157',649,,2646,14,,,0
140010019,'1179167',1049,,2647,14,,,0
140010019,'1179178',1748,,2648,14,,,0
140010019,'1179180',2148,,2649,14,,,0
140010019,'1179188',1448,,2650,14,,,0
140010019,'1179217',1948,,2651,14,,,0
140010019,'1179232',1519,,2652,14,0,8 21,0
140010019,'1179251',1619,,2653,14,,,0
140010019,'1179253',819,,2654,14,,,0
140010019,'1179268',1719,,2655,14,,,0
140010019,'1179270',1648,,2656,14,,,0
140010019,'1179336',849,,2658,14,,,0
140010019,'1179347',749,,2659,14,,,0
140010019,'1179361',2049,,2660,14,,,0
140010019,'1179396',2048,,2661,14,,,0
140010019,'1179408',2248,,2662,14,0,8 21,0
140010019,'1179415',1148,,2663,14,,,0
140010019,'1179445',1349,,2664,14,,,0
140010019,'1179452',1749,,2665,14,,,0
140010019,'1179453',1348,,2666,14,,,0
140010019,'1179479',1249,,2667,14,,,0
140010019,'1179483',1219,,2668,14,0,8 21,0
140010019,'1179494',1649,,2669,14,,,0
140010019,'1179496',1549,,2670,14,,,0
140010019,'1179498',1419,,2671,14,0,8 21,0
140010019,'1179544',1849,,2672,14,,,0
140010019,'1179548',1019,,2673,14,0,8 21,0
140010019,'1179613',1848,,2674,14,,,0
140010019,'1179620',848,,2675,14,,,0
140010019,'1179629',1819,,2676,14,0,8 21,0
140010019,'1179659',1248,,2677,14,,,0
140010019,'1179692',949,,2678,14,,,0
