110029,'1178926',1304,,2248,16,,,0
110029,'1179044',904,,2249,16,,,0
110029,'1179118',1104,,2250,16,,,0
110029,'1179173',1204,,2251,16,,,0
110029,'1179459',1704,,2252,16,,,0
110029,'1179534',1404,,2253,16,,,0
110029,'1179542',1604,,2254,16,,,0
110029,'1179690',1004,,2255,16,,,0
110029,'1179707',1504,,2256,16,,,0
190011019,'1178945',1556,,2848,16,,,0
190011019,'1178950',756,,2849,40,,,0
190011019,'1178970',1926,,2850,40,,,0
190011019,'1179040',2126,,2852,40,,,0
190011019,'1179064',1056,,2853,16,,,0
190011019,'1179145',926,,2854,40,,,0
190011019,'1179146',1156,,2855,16,,,0
190011019,'1179159',1826,,2856,40,,,0
190011019,'1179163',826,,2858,40,,,0
190011019,'1179248',726,,2859,40,,,0
190011019,'1179252',1826,,2860,40,,,0
190011019,'1179276',2026,,2861,40,,,0
190011019,'1179307',726,,2862,40,,,0
190011019,'1179317',1256,,2863,16,,,0
190011019,'1179332',1126,,2864,41,,,0
190011019,'1179340',926,,2865,40,,,0
190011019,'1179367',1756,,2866,40,,,0
190011019,'1179375',1456,,2867,16,,,0
190011019,'1179393',1656,,2868,16,,,0
190011019,'1179394',2226,,2869,40,,,0
190011019,'1179413',1326,,2871,41,,,0
190011019,'1179424',2226,,2872,40,,,0
190011019,'1179426',1426,,2873,41,,,0
190011019,'1179430',1626,,2874,41,,,0
190011019,'1179437',1126,,2875,41,,,0
190011019,'1179438',1626,,2876,41,,,0
190011019,'1179442',1926,,2877,40,,,0
190011019,'1179477',826,,2878,40,,,0
190011019,'1179521',1426,,2879,41,,,0
190011019,'1179528',1226,,2880,41,,,0
190011019,'1179530',656,,2881,16,,,0
190011019,'1179555',2026,,2882,40,,,0
190011019,'1179572',1226,,2883,41,,,0
190011019,'1179590',1526,,2884,41,,,0
190011019,'1179619',1726,,2885,40,,,0
190011019,'1179642',1026,,2886,40,,,0
190011019,'1179650',1326,,2887,41,,,0
190011019,'1179665',626,,2888,19,,,0
190011019,'1179666',856,,2889,40,,,0
190011019,'1179672',1356,,2890,16,,,0
190011019,'1179677',2126,,2891,40,,,0
190011019,'1179678',956,,2892,40,,,0
190011019,'1179688',1726,,2893,40,,,0
190011019,'1179700',1526,,2894,41,,,0
190011019,'1179709',1026,,2895,40,,,0
