140029,'1179802',1601,,2370,37,,,0
140029,'1179837',1401,,2371,37,,,0
140029,'1179865',1814,,2372,37,,,0
140029,'1179930',1301,,2373,37,,,0
140029,'1179947',1701,,2374,37,,,0
140029,'1179984',1501,,2375,37,,,0
140029,'1180047',1001,,2376,37,,,0
140029,'1180060',1101,,2377,37,,,0
140029,'1180076',1201,,2378,37,,,0
140010019,'1178921',1527,,2634,53,,,0
140010019,'1178922',1030,,2635,54,,,0
140010019,'1178936',802,,2636,52,,,0
140010019,'1178979',1130,,2638,54,,,0
140010019,'1179012',832,,2639,53,,,0
140010019,'1179037',2032,,2640,52,,,0
140010019,'1179103',1632,,2641,53,,,0
140010019,'1179131',1227,,2643,53,,,0
140010019,'1179140',2232,,2644,52,,,0
140010019,'1179157',732,,2646,52,,,0
140010019,'1179167',1127,,2647,53,,,0
140010019,'1179178',1832,,2648,53,,,0
140010019,'1179180',2232,,2649,53,,,0
140010019,'1179188',1530,,2650,54,,,0
140010019,'1179217',2032,,2651,53,,,0
140010019,'1179251',1702,,2653,52,,,0
140010019,'1179253',902,,2654,52,,,0
140010019,'1179268',1802,,2655,52,,,0
140010019,'1179270',1732,,2656,53,,,0
140010019,'1179302',732,,2657,20,,,0
140010019,'1179336',932,,2658,52,,,0
140010019,'1179347',832,,2659,52,,,0
140010019,'1179361',2132,,2660,52,,,0
140010019,'1179396',2132,,2661,53,,,0
140010019,'1179415',1230,,2663,54,,,0
140010019,'1179445',1427,,2664,53,,,0
140010019,'1179452',1832,,2665,52,,,0
140010019,'1179453',1430,,2666,54,,,0
140010019,'1179479',1327,,2667,53,,,0
140010019,'1179494',1732,,2669,52,,,0
140010019,'1179496',1632,,2670,52,,,0
140010019,'1179544',1932,,2672,52,,,0
140010019,'1179613',1932,,2674,53,,,0
140010019,'1179620',932,,2675,53,,,0
140010019,'1179659',1330,,2677,54,,,0
140010019,'1179692',1027,,2678,53,,,0
