130019,'1179053',1734,,2334,16,,,0
130019,'1179067',1334,,2335,16,,,0
130019,'1179069',1034,,2336,16,,,0
130019,'1179093',1134,,2337,16,,,0
130019,'1179108',1234,,2338,16,,,0
130019,'1179294',1534,,2339,16,,,0
130019,'1179386',1634,,2340,16,,,0
130019,'1179541',934,,2341,16,,,0
130019,'1179675',1434,,2342,16,,,0
140012019,'1178913',1156,,2679,16,,,0
140012019,'1178923',1156,,2680,16,,,0
140012019,'1178934',956,,2681,16,,,0
140012019,'1178935',756,,2682,16,,,0
140012019,'1178953',856,,2683,16,,,0
140012019,'1178981',656,,2684,16,,,0
140012019,'1178986',1426,,2685,16,,,0
140012019,'1179006',1326,,2686,16,,,0
140012019,'1179011',726,,2687,16,,,0
140012019,'1179015',1856,,2688,16,,,0
140012019,'1179046',856,,2689,16,,,0
140012019,'1179102',1556,,2690,16,,,0
140012019,'1179154',1356,,2691,16,,,0
140012019,'1179183',1956,,2692,16,,,0
140012019,'1179185',926,,2693,16,,,0
140012019,'1179216',2256,,2694,16,0,8 21,0
140012019,'1179230',956,,2695,16,,,0
140012019,'1179233',1556,,2696,16,,,0
140012019,'1179236',756,,2697,16,,,0
140012019,'1179238',1456,,2698,16,,,0
140012019,'1179244',2056,,2699,16,,,0
140012019,'1179245',1856,,2700,16,,,0
140012019,'1179255',1826,,2702,16,0,8 21,0
140012019,'1179261',1056,,2703,16,,,0
140012019,'1179316',1956,,2704,16,,,0
140012019,'1179325',826,,2705,16,,,0
140012019,'1179348',1256,,2706,16,,,0
140012019,'1179359',1726,,2707,16,,,0
140012019,'1179372',2156,,2708,16,,,0
140012019,'1179387',1256,,2709,16,,,0
140012019,'1179399',1126,,2710,16,,,0
140012019,'1179425',2056,,2711,16,,,0
140012019,'1179444',1626,,2712,16,,,0
140012019,'1179495',1356,,2713,16,,,0
140012019,'1179499',1526,,2714,16,,,0
140012019,'1179510',1656,,2715,16,,,0
140012019,'1179511',2156,,2716,16,,,0
140012019,'1179526',1756,,2717,16,,,0
140012019,'1179556',1056,,2718,16,,,0
140012019,'1179567',1226,,2719,16,,,0
140012019,'1179578',2256,,2720,16,0,8 21,0
140012019,'1179644',1756,,2721,16,,,0
140012019,'1179693',1026,,2722,16,,,0
140012019,'1179704',1456,,2723,16,,,0
140012019,'1179715',1656,,2724,16,,,0
