140010019,'1178922',951,,2635,21,,,0
140010019,'1178979',1051,,2638,21,,,0
140010019,'1179012',751,,2639,21,,,0
140010019,'1179103',1551,,2641,21,,,0
140010019,'1179178',1751,,2648,21,,,0
140010019,'1179180',2151,,2649,21,,,0
140010019,'1179188',1451,,2650,21,,,0
140010019,'1179217',1951,,2651,21,,,0
140010019,'1179270',1651,,2656,21,,,0
140010019,'1179396',2051,,2661,21,,,0
140010019,'1179408',2251,,2662,21,0,8 21,0
140010019,'1179415',1151,,2663,21,,,0
140010019,'1179453',1351,,2666,21,,,0
140010019,'1179613',1851,,2674,21,,,0
140010019,'1179620',851,,2675,21,,,0
140010019,'1179659',1251,,2677,21,,,0
