200019,'1179798',1342,,2442,11,,,0
200019,'1179810',1542,,2443,11,,,0
200019,'1179901',1142,,2444,11,,,0
200019,'1179903',1742,,2445,11,,,0
200019,'1179911',1442,,2446,11,,,0
200019,'1179939',1042,,2447,11,,,0
200019,'1179968',1642,,2448,11,,,0
200019,'1179973',942,,2449,11,,,0
200019,'1180054',1242,,2450,11,,,0
300019,'1179297',2206,,2527,1,0,8 9 2 25,0
300019,'1179310',1836,,2528,1,0,8 9 2 25,0
300019,'1179588',1036,,2548,1,0,8 9 2 25,0
300019,'1179640',2206,,2556,1,0,8 9 2 25,0
300019,'1179789',734,,2559,23,4,,0
300019,'1179794',1906,,2560,1,0,23 24 2 25,0,98,,2560,24,4,,0
300019,'1179797',1706,,2562,1,0,23 24 2 25,0,98,,2562,24,4,,0
300019,'1179830',806,,2568,1,0,23 24 2 25,0,98,,2568,24,4,,0
300019,'1179848',2006,,2574,1,0,23 24 2 25,0,98,,2574,24,4,,0
300019,'1179857',1736,,2580,1,0,23 24 2 25,0,98,,2580,24,4,,0
300019,'1179880',906,,2586,1,0,23 24 2 25,0,98,,2586,24,4,,0
300019,'1179889',936,,2589,1,0,23 24 2 25,0,98,,2589,24,4,,0
300019,'1179892',1206,,2590,1,0,23 24 2 25,0,98,,2590,24,4,,0
300019,'1179900',1636,,2592,1,0,23 24 2 25,0,98,,2592,24,4,,0
300019,'1179916',1006,,2597,1,0,23 24 2 25,0,98,,2597,24,4,,0
300019,'1179927',1806,,2599,1,0,23 24 2 25,0,98,,2599,24,4,,0
300019,'1179928',736,,2600,1,0,23 24 2 25,0,98,,2600,24,4,,0
300019,'1179937',2106,,2601,1,0,23 24 2 25,0,98,,2601,24,4,,0
300019,'1179962',1506,,2606,1,0,23 24 2 25,0,98,,2606,24,4,,0
300019,'1179990',1406,,2613,1,0,23 24 2 25,0,98,,2613,24,4,,0
300019,'1179993',1606,,2614,1,0,23 24 2 25,0,98,,2614,24,4,,0
300019,'1180030',706,,2619,1,0,23 24 2 25,0,98,,2619,24,4,,0
300019,'1180038',1306,,2622,1,0,23 24 2 25,0,98,,2622,24,4,,0
300019,'1180039',1536,,2623,1,0,23 24 2 25,0,98,,2623,24,4,,0
300019,'1180051',1106,,2627,1,0,23 24 2 25,0,98,,2627,24,4,,0
300019,'1180066',836,,2630,1,0,23 24 2 25,0,98,,2630,24,4,,0
300019,'1180121',734,,3098,24,4,,0
300019,'1180125',804,,3102,24,4,,0
300019,'1180126',1406,,3103,1,0,23 24 2 25,0,98,,3103,25,4,,0
300019,'1180130',906,,3107,1,0,23 24 2 25,0,98,,3107,25,4,,0
300019,'1180131',1206,,3108,1,0,23 24 2 25,0,98,,3108,25,4,,0
300019,'1180132',1106,,3109,1,0,23 24 2 25,0,98,,3109,25,4,,0
300019,'1180133',2106,,3110,1,0,23 24 2 25,0,98,,3110,25,4,,0
300019,'1180134',1536,,3111,1,0,23 24 2 25,0,98,,3111,25,4,,0
300019,'1180136',806,,3113,1,0,23 24 2 25,0,98,,3113,25,4,,0
300019,'1180138',1106,,3115,1,0,23 24 2 25,0,98,,3115,25,4,,0
300019,'1180139',1306,,3116,1,0,23 24 2 25,0,98,,3116,25,4,,0
300019,'1180140',1606,,3117,1,0,23 24 2 25,0,98,,3117,25,4,,0
300019,'1180143',1736,,3120,1,0,23 24 2 25,0,98,,3120,25,4,,0
300019,'1180145',1406,,3122,1,0,23 24 2 25,0,98,,3122,25,4,,0
300019,'1180150',836,,3127,1,0,23 24 2 25,0,98,,3127,25,4,,0
300019,'1180151',2006,,3128,1,0,23 24 2 25,0,98,,3128,25,4,,0
300019,'1180152',806,,3129,1,0,23 24 2 25,0,98,,3129,25,4,,0
300019,'1180156',906,,3133,1,0,23 24 2 25,0,98,,3133,25,4,,0
300019,'1180159',936,,3136,1,0,23 24 2 25,0,98,,3136,25,4,,0
300019,'1180161',1706,,3138,1,0,23 24 2 25,0,98,,3138,25,4,,0
300019,'1180164',1006,,3141,1,0,23 24 2 25,0,98,,3141,25,4,,0
300019,'1180166',1506,,3143,1,0,23 24 2 25,0,98,,3143,25,4,,0
300019,'1180167',1206,,3144,1,0,23 24 2 25,0,98,,3144,25,4,,0
300019,'1180168',1906,,3145,1,0,23 24 2 25,0,98,,3145,25,4,,0
300019,'1180169',1706,,3146,1,0,23 24 2 25,0,98,,3146,25,4,,0
300019,'1180175',706,,3152,1,0,23 24 2 25,0,98,,3152,25,4,,0
300019,'1180176',1006,,3153,1,0,23 24 2 25,0,98,,3153,25,4,,0
300019,'1180177',1636,,3154,1,0,23 24 2 25,0,98,,3154,25,4,,0
300019,'1180178',1606,,3155,1,0,23 24 2 25,0,98,,3155,25,4,,0
300019,'1180179',1506,,3156,1,0,23 24 2 25,0,98,,3156,25,4,,0
300019,'1180181',2106,,3158,1,0,23 24 2 25,0,98,,3158,25,4,,0
300019,'1180182',1806,,3159,1,0,23 24 2 25,0,98,,3159,25,4,,0
300019,'1180183',736,,3160,1,0,23 24 2 25,0,98,,3160,25,4,,0
300019,'1180188',2006,,3165,1,0,23 24 2 25,0,98,,3165,25,4,,0
300019,'1180189',1906,,3166,1,0,23 24 2 25,0,98,,3166,25,4,,0
300019,'1180191',1806,,3168,1,0,23 24 2 25,0,98,,3168,25,4,,0
300019,'1180194',1306,,3171,1,0,23 24 2 25,0,98,,3171,25,4,,0
140016019,'1179792',855,,2805,13,,,0
140016019,'1179800',1655,,2806,13,,,0
140016019,'1179808',1855,,2807,13,,,0
140016019,'1179822',1525,,2808,13,,,0
140016019,'1179827',825,,2809,13,,,0
140016019,'1179831',1555,,2810,13,,,0
140016019,'1179835',2155,,2811,13,,,0
140016019,'1179839',1325,,2812,13,0,8 21,0
140016019,'1179842',1125,,2813,13,0,8 21,0
140016019,'1179862',925,,2814,13,0,8 21,0
140016019,'1179868',1625,,2815,13,,,0
140016019,'1179875',1055,,2816,13,,,0
140016019,'1179881',1825,,2817,13,0,8 21,0
140016019,'1179886',1355,,2818,13,,,0
140016019,'1179897',1025,,2819,13,0,8 21,0
140016019,'1179904',1225,,2820,13,0,8 21,0
140016019,'1179907',1655,,2821,13,,,0
140016019,'1179913',1725,,2822,13,,,0
140016019,'1179926',1255,,2823,13,,,0
140016019,'1179938',1455,,2824,13,,,0
140016019,'1179943',2055,,2825,13,,,0
140016019,'1179945',755,,2826,13,,,0
140016019,'1179958',1355,,2827,13,,,0
140016019,'1179963',1755,,2828,13,,,0
140016019,'1179974',955,,2829,13,,,0
140016019,'1179976',655,,2830,13,,,0
140016019,'1179989',855,,2831,13,,,0
140016019,'1179991',1455,,2832,13,,,0
140016019,'1179997',1555,,2833,13,,,0
140016019,'1180006',955,,2834,13,,,0
140016019,'1180012',1855,,2835,13,,,0
140016019,'1180018',1055,,2836,13,,,0
140016019,'1180019',2155,,2837,13,,,0
140016019,'1180020',1955,,2838,13,,,0
140016019,'1180023',1255,,2839,13,,,0
140016019,'1180024',725,,2840,13,,,0
140016019,'1180028',755,,2841,13,,,0
140016019,'1180031',1955,,2842,13,,,0
140016019,'1180048',2055,,2843,13,,,0
140016019,'1180057',1755,,2844,13,,,0
140016019,'1180062',1425,,2845,13,0,8 21,0
140016019,'1180072',1155,,2846,13,,,0
140016019,'1180078',1155,,2847,13,,,0
