190017019,'1175717',1459,,2072,29,,,0
190017019,'1175742',1059,,2073,29,,,0
190017019,'1175751',1059,,2074,29,,,0
190017019,'1175789',659,,2076,29,,,0
190017019,'1175830',1959,,2077,29,,,0
190017019,'1175877',1159,,2078,29,,,0
190017019,'1175947',1659,,2079,29,,,0
190017019,'1175951',729,,2080,29,,,0
190017019,'1175978',759,,2081,29,,,0
190017019,'1176042',1659,,2082,29,,,0
190017019,'1176052',2159,,2083,29,0,8 21,0
190017019,'1176058',1459,,2084,29,,,0
190017019,'1176065',1559,,2085,29,,,0
190017019,'1176099',1359,,2086,29,,,0
190017019,'1176119',1759,,2088,29,,,0
190017019,'1176120',1859,,2089,29,,,0
190017019,'1176124',2259,,2090,29,0,8 21,0
190017019,'1176130',1259,,2091,29,,,0
190017019,'1176156',1959,,2092,29,,,0
190017019,'1176161',1359,,2093,29,,,0
190017019,'1176166',929,,2094,29,,,0
190017019,'1176201',859,,2095,29,,,0
190017019,'1176252',829,,2097,29,,,0
190017019,'1176273',959,,2099,29,,,0
190017019,'1176303',1629,,2101,29,,,0
190017019,'1176312',1729,,2102,29,,,0
190017019,'1176349',1859,,2103,29,,,0
190017019,'1176415',759,,2105,29,,,0
190017019,'1176420',1159,,2106,29,,,0
190017019,'1176468',2159,,2107,29,0,8 21,0
190017019,'1176482',1259,,2108,29,,,0
190017019,'1176513',659,,2109,29,,,0
190017019,'1176554',1759,,2111,29,,,0
190017019,'1176592',629,,2112,29,,,0
190017019,'1176601',1559,,2113,29,,,0
190017019,'1176617',2059,,2114,29,,,0
190017019,'1176629',959,,2115,29,,,0
190017019,'1176637',859,,2116,29,,,0
190017019,'1176640',1829,,2117,29,0,8 21,0
190017019,'1176655',2059,,2118,29,,,0
190017019,'1176661',2259,,2119,29,0,8 21,0
