140012019,'1178913',1234,,2679,50,,,0
140012019,'1178923',1234,,2680,50,,,0
140012019,'1178934',1034,,2681,50,,,0
140012019,'1178935',834,,2682,50,,,0
140012019,'1178953',934,,2683,50,,,0
140012019,'1178981',734,,2684,50,,,0
140012019,'1178986',1504,,2685,50,,,0
140012019,'1179006',1404,,2686,50,,,0
140012019,'1179011',804,,2687,50,,,0
140012019,'1179015',1934,,2688,50,,,0
140012019,'1179046',934,,2689,50,,,0
140012019,'1179102',1634,,2690,50,,,0
140012019,'1179154',1434,,2691,50,,,0
140012019,'1179183',2034,,2692,50,,,0
140012019,'1179185',1004,,2693,50,,,0
140012019,'1179230',1034,,2695,50,,,0
140012019,'1179233',1634,,2696,50,,,0
140012019,'1179236',834,,2697,50,,,0
140012019,'1179238',1534,,2698,50,,,0
140012019,'1179244',2134,,2699,50,,,0
140012019,'1179245',1934,,2700,50,,,0
140012019,'1179250',734,,2701,28,,,0
140012019,'1179261',1134,,2703,50,,,0
140012019,'1179316',2034,,2704,50,,,0
140012019,'1179325',904,,2705,50,,,0
140012019,'1179348',1334,,2706,50,,,0
140012019,'1179359',1804,,2707,50,,,0
140012019,'1179372',2234,,2708,50,,,0
140012019,'1179387',1334,,2709,50,,,0
140012019,'1179399',1204,,2710,50,,,0
140012019,'1179425',2134,,2711,50,,,0
140012019,'1179444',1704,,2712,50,,,0
140012019,'1179495',1434,,2713,50,,,0
140012019,'1179499',1604,,2714,50,,,0
140012019,'1179510',1734,,2715,50,,,0
140012019,'1179511',2234,,2716,50,,,0
140012019,'1179526',1834,,2717,50,,,0
140012019,'1179556',1134,,2718,50,,,0
140012019,'1179567',1304,,2719,50,,,0
140012019,'1179644',1834,,2721,50,,,0
140012019,'1179693',1104,,2722,50,,,0
140012019,'1179704',1534,,2723,50,,,0
140012019,'1179715',1734,,2724,50,,,0
