190011019,'1175757',2216,,1930,27,,,0
190011019,'1175788',1816,,1931,27,,,0
190011019,'1175797',1416,,1932,27,,,0
190011019,'1175800',1016,,1933,27,,,0
190011019,'1175811',1546,,1934,3,,,0
190011019,'1175846',1916,,1935,27,,,0
190011019,'1175854',1046,,1936,3,,,0
190011019,'1175866',1746,,1937,27,,,0
190011019,'1175889',1316,,1939,27,,,0
190011019,'1175960',1246,,1940,3,,,0
190011019,'1175990',1216,,1942,27,,,0
190011019,'1176025',616,,1943,6,,,0
190011019,'1176026',1316,,1944,27,,,0
190011019,'1176076',646,,1945,3,,,0
190011019,'1176086',1016,,1946,27,,,0
190011019,'1176114',916,,1947,27,,,0
190011019,'1176152',746,,1948,27,,,0
190011019,'1176229',2216,,1949,27,,,0
190011019,'1176246',816,,1950,27,,,0
190011019,'1176315',716,,1951,27,,,0
190011019,'1176316',1216,,1952,27,,,0
190011019,'1176317',1716,,1953,27,,,0
190011019,'1176322',946,,1954,27,,,0
190011019,'1176337',2016,,1955,27,,,0
190011019,'1176344',1616,,1956,27,,,0
190011019,'1176353',1616,,1957,27,,,0
190011019,'1176386',716,,1958,27,,,0
190011019,'1176406',1446,,1959,3,,,0
190011019,'1176429',1346,,1960,3,,,0
190011019,'1176444',1916,,1961,27,,,0
190011019,'1176445',2116,,1962,27,,,0
190011019,'1176478',1816,,1963,27,,,0
190011019,'1176517',1516,,1965,27,,,0
190011019,'1176557',916,,1966,27,,,0
190011019,'1176559',2016,,1967,27,,,0
190011019,'1176563',846,,1968,27,,,0
190011019,'1176570',1516,,1969,27,,,0
190011019,'1176581',1146,,1970,3,,,0
190011019,'1176586',1646,,1971,3,,,0
190011019,'1176595',1716,,1972,27,,,0
190011019,'1176605',1116,,1973,27,,,0
190011019,'1176616',1116,,1974,27,,,0
190011019,'1176620',816,,1975,27,,,0
190011019,'1176668',2116,,1976,27,,,0
190011019,'1176674',1416,,1977,27,,,0
190017019,'1175717',1517,,2072,36,,,0
190017019,'1175742',1117,,2073,36,,,0
190017019,'1175751',1117,,2074,36,,,0
190017019,'1175777',1147,,2075,3,,,0
190017019,'1175789',717,,2076,36,,,0
190017019,'1175830',2017,,2077,36,,,0
190017019,'1175877',1217,,2078,36,,,0
190017019,'1175947',1717,,2079,36,,,0
190017019,'1175951',747,,2080,36,,,0
190017019,'1175978',817,,2081,36,,,0
190017019,'1176042',1717,,2082,36,,,0
190017019,'1176058',1517,,2084,36,,,0
190017019,'1176065',1617,,2085,36,,,0
190017019,'1176099',1417,,2086,36,,,0
190017019,'1176116',1547,,2087,3,,,0
190017019,'1176119',1817,,2088,36,,,0
190017019,'1176120',1917,,2089,36,,,0
190017019,'1176130',1317,,2091,36,,,0
190017019,'1176156',2017,,2092,36,,,0
190017019,'1176161',1417,,2093,36,,,0
190017019,'1176166',947,,2094,36,,,0
190017019,'1176201',917,,2095,36,,,0
190017019,'1176209',1347,,2096,3,,,0
190017019,'1176252',847,,2097,36,,,0
190017019,'1176264',1447,,2098,3,,,0
190017019,'1176273',1017,,2099,36,,,0
190017019,'1176297',1247,,2100,3,,,0
190017019,'1176303',1647,,2101,36,,,0
190017019,'1176312',1747,,2102,36,,,0
190017019,'1176349',1917,,2103,36,,,0
190017019,'1176380',1047,,2104,3,,,0
190017019,'1176415',817,,2105,36,,,0
190017019,'1176420',1217,,2106,36,,,0
190017019,'1176482',1317,,2108,36,,,0
190017019,'1176513',717,,2109,36,,,0
190017019,'1176547',617,,2110,3,,,0
190017019,'1176554',1817,,2111,36,,,0
190017019,'1176592',647,,2112,36,,,0
190017019,'1176601',1617,,2113,36,,,0
190017019,'1176617',2117,,2114,36,,,0
190017019,'1176629',1017,,2115,36,,,0
190017019,'1176637',917,,2116,36,,,0
190017019,'1176655',2117,,2118,36,,,0
