140014019,'1175733',1928,,1835,36,,,0
140014019,'1175775',1228,,1836,36,,,0
140014019,'1175776',2126,,1837,36,,,0
140014019,'1175786',2026,,1838,36,,,0
140014019,'1175790',1628,,1839,36,,,0
140014019,'1175803',1428,,1840,36,,,0
140014019,'1175809',958,,1841,36,,,0
140014019,'1175820',1528,,1842,36,,,0
140014019,'1175821',1226,,1843,36,,,0
140014019,'1175838',1158,,1844,36,,,0
140014019,'1175856',1126,,1845,36,,,0
140014019,'1175876',1626,,1846,36,,,0
140014019,'1175893',1926,,1847,36,,,0
140014019,'1175894',1758,,1848,36,,,0
140014019,'1175902',1658,,1849,36,,,0
140014019,'1175961',1328,,1850,36,,,0
140014019,'1175973',926,,1851,36,,,0
140014019,'1175975',1828,,1852,36,,,0
140014019,'1175999',858,,1854,36,,,0
140014019,'1176001',1058,,1855,36,,,0
140014019,'1176014',1128,,1856,36,,,0
140014019,'1176036',758,,1857,36,,,0
140014019,'1176047',1426,,1858,36,,,0
140014019,'1176050',2128,,1859,36,,,0
140014019,'1176071',1258,,1860,36,,,0
140014019,'1176160',1728,,1861,36,,,0
140014019,'1176250',826,,1862,36,,,0
140014019,'1176268',2228,,1863,36,,,0
140014019,'1176283',1358,,1864,36,,,0
140014019,'1176287',626,,1865,8,,,0
140014019,'1176308',2226,,1866,36,,,0
140014019,'1176314',728,,1867,36,,,0
140014019,'1176357',628,,1868,8,,,0
140014019,'1176393',1026,,1869,36,,,0
140014019,'1176423',828,,1870,36,,,0
140014019,'1176464',658,,1871,15,,,0
140014019,'1176476',1558,,1872,36,,,0
140014019,'1176485',1028,,1873,36,,,0
140014019,'1176522',928,,1874,36,,,0
140014019,'1176530',726,,1875,15,,,0
140014019,'1176556',1726,,1876,36,,,0
140014019,'1176558',1526,,1877,36,,,0
140014019,'1176598',2028,,1878,36,,,0
140014019,'1176631',1326,,1879,36,,,0
140014019,'1176643',1458,,1880,36,,,0
140014019,'1176681',1826,,1881,36,,,0
