110029,'1178926',1302,,2248,12,,,0
110029,'1179044',902,,2249,12,,,0
110029,'1179118',1102,,2250,12,,,0
110029,'1179173',1202,,2251,12,,,0
110029,'1179459',1702,,2252,12,,,0
110029,'1179534',1402,,2253,12,,,0
110029,'1179542',1602,,2254,12,,,0
110029,'1179690',1002,,2255,12,,,0
110029,'1179707',1502,,2256,12,,,0
160029,'1178957',907,,2424,22,,,0
160029,'1179098',1407,,2425,22,,,0
160029,'1179137',1607,,2426,22,,,0
160029,'1179301',1207,,2427,22,,,0
160029,'1179398',1307,,2428,22,,,0
160029,'1179410',1707,,2429,22,,,0
160029,'1179543',1107,,2430,22,,,0
160029,'1179558',1007,,2431,22,,,0
160029,'1179623',1507,,2432,22,,,0
216019,'1178924',759,,2470,24,,,0
216019,'1178948',629,,2471,24,,,0
216019,'1178963',2129,,2472,24,,,0
216019,'1178968',1229,,2473,24,,,0
216019,'1179019',1759,,2474,24,,,0
216019,'1179021',1559,,2475,24,,,0
216019,'1179029',1429,,2476,24,,,0
216019,'1179050',1529,,2477,24,,,0
216019,'1179070',1429,,2478,24,,,0
216019,'1179075',1829,,2479,24,,,0
216019,'1179116',732,,2480,25,,,0
216019,'1179123',1329,,2481,24,,,0
216019,'1179160',1732,,2482,25,,,0
216019,'1179179',2029,,2483,24,,,0
216019,'1179181',1129,,2484,24,,,0
216019,'1179199',929,,2485,24,,,0
216019,'1179206',1529,,2486,24,,,0
216019,'1179328',1029,,2487,24,,,0
216019,'1179338',1229,,2488,24,,,0
216019,'1179345',829,,2489,24,,,0
216019,'1179368',1702,,2490,25,,,0
216019,'1179369',1029,,2491,24,,,0
216019,'1179374',1632,,2492,25,,,0
216019,'1179421',1829,,2493,24,,,0
216019,'1179431',1129,,2494,24,,,0
216019,'1179458',1929,,2495,24,,,0
216019,'1179488',729,,2496,24,,,0
216019,'1179523',1329,,2497,24,,,0
216019,'1179574',2029,,2498,24,,,0
216019,'1179582',1929,,2499,24,,,0
216019,'1179605',859,,2500,24,,,0
216019,'1179647',1729,,2501,24,,,0
216019,'1179669',829,,2502,24,,,0
216019,'1179695',2129,,2503,24,,,0
216019,'1179712',702,,2504,25,,,0
216019,'1179714',929,,2505,24,,,0
216019,'1179719',1629,,2506,24,,,0
190011019,'1178945',1552,,2848,12,,,0
190011019,'1178950',752,,2849,36,,,0
190011019,'1178970',1922,,2850,36,,,0
190011019,'1179040',2122,,2852,36,,,0
190011019,'1179064',1052,,2853,12,,,0
190011019,'1179145',922,,2854,36,,,0
190011019,'1179146',1152,,2855,12,,,0
190011019,'1179159',1822,,2856,36,,,0
190011019,'1179163',822,,2858,36,,,0
190011019,'1179248',722,,2859,36,,,0
190011019,'1179252',1822,,2860,36,,,0
190011019,'1179276',2022,,2861,36,,,0
190011019,'1179307',722,,2862,36,,,0
190011019,'1179317',1252,,2863,12,,,0
190011019,'1179332',1122,,2864,37,,,0
190011019,'1179340',922,,2865,36,,,0
190011019,'1179367',1752,,2866,36,,,0
190011019,'1179375',1452,,2867,12,,,0
190011019,'1179393',1652,,2868,12,,,0
190011019,'1179394',2222,,2869,36,,,0
190011019,'1179413',1322,,2871,37,,,0
190011019,'1179424',2222,,2872,36,,,0
190011019,'1179426',1422,,2873,37,,,0
190011019,'1179430',1622,,2874,37,,,0
190011019,'1179437',1122,,2875,37,,,0
190011019,'1179438',1622,,2876,37,,,0
190011019,'1179442',1922,,2877,36,,,0
190011019,'1179477',822,,2878,36,,,0
190011019,'1179521',1422,,2879,37,,,0
190011019,'1179528',1222,,2880,37,,,0
190011019,'1179530',652,,2881,12,,,0
190011019,'1179555',2022,,2882,36,,,0
190011019,'1179572',1222,,2883,37,,,0
190011019,'1179590',1522,,2884,37,,,0
190011019,'1179619',1722,,2885,36,,,0
190011019,'1179642',1022,,2886,36,,,0
190011019,'1179650',1322,,2887,37,,,0
190011019,'1179665',622,,2888,15,,,0
190011019,'1179666',852,,2889,36,,,0
190011019,'1179672',1352,,2890,12,,,0
190011019,'1179677',2122,,2891,36,,,0
190011019,'1179678',952,,2892,36,,,0
190011019,'1179688',1722,,2893,36,,,0
190011019,'1179700',1522,,2894,37,,,0
190011019,'1179709',1022,,2895,36,,,0
