150029,'1179828',959,,2397,5,,,0
150029,'1179915',1159,,2398,5,,,0
150029,'1179932',859,,2399,5,,,0
150029,'1179948',1459,,2400,5,,,0
150029,'1179983',1259,,2401,5,,,0
150029,'1180009',1059,,2402,5,,,0
150029,'1180017',1659,,2403,5,,,0
150029,'1180040',1559,,2404,5,,,0
150029,'1180079',1359,,2405,5,,,0
190015019,'1179083',618,,2946,5,,,0
190015019,'1179637',648,,2969,5,,,0
190015019,'1179791',2118,,2973,30,,,0
190015019,'1179793',718,,2974,30,,,0
190015019,'1179804',718,,2975,30,,,0
190015019,'1179812',1118,,2976,30,,,0
190015019,'1179819',818,,2977,30,,,0
190015019,'1179825',1218,,2978,30,,,0
190015019,'1179856',848,,2980,30,,,0
190015019,'1179872',818,,2981,30,,,0
190015019,'1179885',1648,,2982,30,,,0
190015019,'1179887',1418,,2983,30,,,0
190015019,'1179898',1518,,2984,30,,,0
190015019,'1179909',1018,,2985,30,,,0
190015019,'1179919',1818,,2986,30,,,0
190015019,'1179920',918,,2987,30,,,0
190015019,'1179923',1448,,2988,30,,,0
190015019,'1179931',2118,,2989,30,,,0
190015019,'1179935',1718,,2991,30,,,0
190015019,'1179940',1148,,2992,30,,,0
190015019,'1179952',1218,,2993,30,,,0
190015019,'1179960',1318,,2994,30,,,0
190015019,'1179961',1518,,2995,30,,,0
190015019,'1179980',1048,,2997,30,,,0
190015019,'1179982',1748,,2998,30,,,0
190015019,'1179992',1548,,2999,30,,,0
190015019,'1179995',1118,,3000,30,,,0
190015019,'1179999',1248,,3001,30,,,0
190015019,'1180013',1918,,3002,30,,,0
190015019,'1180014',2018,,3003,30,,,0
190015019,'1180015',948,,3004,30,,,0
190015019,'1180016',2018,,3005,30,,,0
190015019,'1180026',1918,,3007,30,,,0
190015019,'1180029',1018,,3008,30,,,0
190015019,'1180044',1618,,3009,30,,,0
190015019,'1180058',1348,,3011,30,,,0
190015019,'1180059',1718,,3012,30,,,0
190015019,'1180068',1818,,3013,30,,,0
190015019,'1180070',1618,,3014,30,,,0
190015019,'1180075',918,,3015,30,,,0
190015019,'1180077',1318,,3016,30,,,0
190015019,'1180080',748,,3017,30,,,0
190015019,'1180081',1418,,3018,30,,,0
