120029,'1179032',1601,,2325,41,,,0
120029,'1179055',1401,,2326,41,,,0
120029,'1179056',1701,,2327,41,,,0
120029,'1179099',1814,,2328,41,,,0
120029,'1179153',1001,,2329,41,,,0
120029,'1179222',1501,,2330,41,,,0
120029,'1179429',1201,,2331,41,,,0
120029,'1179447',1101,,2332,41,,,0
120029,'1179575',1301,,2333,41,,,0
140012019,'1178913',1231,,2679,45,,,0
140012019,'1178923',1231,,2680,45,,,0
140012019,'1178934',1031,,2681,45,,,0
140012019,'1178935',831,,2682,45,,,0
140012019,'1178953',931,,2683,45,,,0
140012019,'1178981',731,,2684,45,,,0
140012019,'1178986',1501,,2685,45,,,0
140012019,'1179006',1401,,2686,45,,,0
140012019,'1179011',801,,2687,45,,,0
140012019,'1179015',1931,,2688,45,,,0
140012019,'1179046',931,,2689,45,,,0
140012019,'1179102',1631,,2690,45,,,0
140012019,'1179154',1431,,2691,45,,,0
140012019,'1179183',2031,,2692,45,,,0
140012019,'1179185',1001,,2693,45,,,0
140012019,'1179230',1031,,2695,45,,,0
140012019,'1179233',1631,,2696,45,,,0
140012019,'1179236',831,,2697,45,,,0
140012019,'1179238',1531,,2698,45,,,0
140012019,'1179244',2131,,2699,45,,,0
140012019,'1179245',1931,,2700,45,,,0
140012019,'1179250',731,,2701,23,,,0
140012019,'1179261',1131,,2703,45,,,0
140012019,'1179316',2031,,2704,45,,,0
140012019,'1179325',901,,2705,45,,,0
140012019,'1179348',1331,,2706,45,,,0
140012019,'1179359',1801,,2707,45,,,0
140012019,'1179372',2231,,2708,45,,,0
140012019,'1179387',1331,,2709,45,,,0
140012019,'1179399',1201,,2710,45,,,0
140012019,'1179425',2131,,2711,45,,,0
140012019,'1179444',1701,,2712,45,,,0
140012019,'1179495',1431,,2713,45,,,0
140012019,'1179499',1601,,2714,45,,,0
140012019,'1179510',1731,,2715,45,,,0
140012019,'1179511',2231,,2716,45,,,0
140012019,'1179526',1831,,2717,45,,,0
140012019,'1179556',1131,,2718,45,,,0
140012019,'1179567',1301,,2719,45,,,0
140012019,'1179644',1831,,2721,45,,,0
140012019,'1179693',1101,,2722,45,,,0
140012019,'1179704',1531,,2723,45,,,0
140012019,'1179715',1731,,2724,45,,,0
