116019,'1175716',1139,,1478,4,,,0
116019,'1175732',1539,,1479,4,,,0
116019,'1175756',1339,,1480,4,,,0
116019,'1175773',2039,,1481,4,,,0
116019,'1175832',1809,,1482,4,,,0
116019,'1175843',1439,,1483,4,,,0
116019,'1175850',2139,,1484,4,,,0
116019,'1175868',1239,,1485,4,,,0
116019,'1175918',1639,,1486,4,,,0
116019,'1175942',1739,,1487,4,,,0
116019,'1175949',1709,,1488,4,,,0
116019,'1175954',939,,1489,4,,,0
116019,'1175958',1539,,1490,4,,,0
116019,'1175970',1139,,1491,4,,,0
116019,'1176003',1939,,1492,4,,,0
116019,'1176080',1339,,1493,4,,,0
116019,'1176101',1839,,1494,4,,,0
116019,'1176137',1839,,1495,4,,,0
116019,'1176153',1639,,1496,4,,,0
116019,'1176239',1239,,1497,4,,,0
116019,'1176240',739,,1498,4,,,0
116019,'1176243',639,,1499,4,,,0
116019,'1176254',809,,1500,4,,,0
116019,'1176259',2039,,1501,4,,,0
116019,'1176276',839,,1502,4,,,0
116019,'1176432',709,,1503,4,,,0
116019,'1176433',1609,,1504,4,,,0
116019,'1176442',909,,1505,4,,,0
116019,'1176443',1039,,1506,4,,,0
116019,'1176475',739,,1507,4,,,0
116019,'1176603',1739,,1508,4,,,0
116019,'1176630',2139,,1509,4,,,0
116019,'1176639',1939,,1510,4,,,0
116019,'1176641',1039,,1511,4,,,0
116019,'1176646',939,,1512,4,,,0
116019,'1176652',839,,1513,4,,,0
116019,'1176685',1439,,1514,4,,,0
160019,'1175859',1231,,1588,4,,,0
160019,'1176087',1331,,1589,4,,,0
160019,'1176112',1431,,1590,4,,,0
160019,'1176128',1731,,1591,4,,,0
160019,'1176235',1031,,1593,4,,,0
160019,'1176236',1631,,1594,4,,,0
160019,'1176410',1531,,1599,4,,,0
160019,'1176572',931,,1602,4,,,0
160019,'1176585',1131,,1603,4,,,0
