160029,'1178957',912,,2424,28,,,0
160029,'1179098',1412,,2425,28,,,0
160029,'1179137',1612,,2426,28,,,0
160029,'1179301',1212,,2427,28,,,0
160029,'1179398',1312,,2428,28,,,0
160029,'1179410',1712,,2429,28,,,0
160029,'1179543',1112,,2430,28,,,0
160029,'1179558',1012,,2431,28,,,0
160029,'1179623',1512,,2432,28,,,0
216019,'1178924',802,,2470,30,,,0
216019,'1178948',632,,2471,30,,,0
216019,'1178963',2132,,2472,30,,,0
216019,'1178968',1232,,2473,30,,,0
216019,'1179019',1802,,2474,30,,,0
216019,'1179021',1602,,2475,30,,,0
216019,'1179029',1432,,2476,30,,,0
216019,'1179050',1532,,2477,30,,,0
216019,'1179070',1432,,2478,30,,,0
216019,'1179075',1832,,2479,30,,,0
216019,'1179116',735,,2480,31,,,0
216019,'1179123',1332,,2481,30,,,0
216019,'1179160',1735,,2482,31,,,0
216019,'1179179',2032,,2483,30,,,0
216019,'1179181',1132,,2484,30,,,0
216019,'1179199',932,,2485,30,,,0
216019,'1179206',1532,,2486,30,,,0
216019,'1179328',1032,,2487,30,,,0
216019,'1179338',1232,,2488,30,,,0
216019,'1179345',832,,2489,30,,,0
216019,'1179368',1705,,2490,31,,,0
216019,'1179369',1032,,2491,30,,,0
216019,'1179374',1635,,2492,31,,,0
216019,'1179421',1832,,2493,30,,,0
216019,'1179431',1132,,2494,30,,,0
216019,'1179458',1932,,2495,30,,,0
216019,'1179488',732,,2496,30,,,0
216019,'1179523',1332,,2497,30,,,0
216019,'1179574',2032,,2498,30,,,0
216019,'1179582',1932,,2499,30,,,0
216019,'1179605',902,,2500,30,,,0
216019,'1179647',1732,,2501,30,,,0
216019,'1179669',832,,2502,30,,,0
216019,'1179695',2132,,2503,30,,,0
216019,'1179712',705,,2504,31,,,0
216019,'1179714',932,,2505,30,,,0
216019,'1179719',1632,,2506,30,,,0
