200029,'1178971',1110,,2451,22,,,0
200029,'1179034',1710,,2452,22,,,0
200029,'1179043',1310,,2453,22,,,0
200029,'1179091',1510,,2454,22,,,0
200029,'1179144',910,,2455,12,,,0
200029,'1179198',1210,,2456,22,,,0
200029,'1179283',1410,,2458,22,,,0
200029,'1179383',1610,,2459,22,,,0
200029,'1179689',1010,,2460,22,,,0
200029,'1179807',1010,,2461,22,,,0
200029,'1179834',1410,,2462,22,,,0
200029,'1179867',1710,,2463,22,,,0
200029,'1179877',1210,,2464,22,,,0
200029,'1179888',1610,,2465,22,,,0
200029,'1179893',1310,,2466,22,,,0
200029,'1179998',1510,,2467,22,,,0
200029,'1180053',910,,2468,12,,,0
200029,'1180064',1110,,2469,22,,,0
190017019,'1178932',954,,3019,44,,,0
190017019,'1178967',1454,,3020,11,,,0
190017019,'1179016',654,,3023,44,,,0
190017019,'1179076',624,,3024,11,,,0
190017019,'1179092',724,,3025,44,,,0
190017019,'1179151',1924,,3026,44,,,0
190017019,'1179161',1754,,3027,44,,,0
190017019,'1179277',854,,3028,44,,,0
190017019,'1179309',1354,,3029,11,,,0
190017019,'1179377',1554,,3030,11,,,0
190017019,'1179384',1254,,3031,11,,,0
190017019,'1179427',1324,,3032,44,,,0
190017019,'1179455',1424,,3033,44,,,0
190017019,'1179492',1154,,3034,11,,,0
190017019,'1179519',1824,,3035,44,,,0
190017019,'1179533',754,,3037,44,,,0
190017019,'1179565',1054,,3038,11,,,0
190017019,'1179573',1224,,3039,44,,,0
190017019,'1179579',1124,,3040,44,,,0
190017019,'1179599',2124,,3041,44,,,0
190017019,'1179610',2024,,3042,44,,,0
190017019,'1179626',1654,,3043,44,,,0
190017019,'1179667',824,,3044,44,,,0
190017019,'1179680',1624,,3045,44,,,0
190017019,'1179683',924,,3046,44,,,0
190017019,'1179686',1524,,3047,44,,,0
190017019,'1179699',1024,,3048,44,,,0
190017019,'1179710',1724,,3049,44,,,0
190017019,'1179790',1224,,3050,43,,,0
190017019,'1179796',1424,,3051,43,,,0
190017019,'1179821',1524,,3053,43,,,0
190017019,'1179824',654,,3054,43,,,0
190017019,'1179832',1124,,3055,43,,,0
190017019,'1179843',924,,3056,43,,,0
190017019,'1179845',2124,,3057,43,,,0
190017019,'1179849',1154,,3059,11,,,0
190017019,'1179859',1724,,3060,43,,,0
190017019,'1179863',1024,,3061,43,,,0
190017019,'1179870',854,,3062,43,,,0
190017019,'1179874',1324,,3063,43,,,0
190017019,'1179876',1924,,3064,43,,,0
190017019,'1179884',1654,,3065,43,,,0
190017019,'1179891',1624,,3066,43,,,0
190017019,'1179896',824,,3068,43,,,0
190017019,'1179899',1624,,3069,43,,,0
190017019,'1179905',724,,3070,43,,,0
190017019,'1179912',2124,,3071,43,,,0
190017019,'1179917',1824,,3072,43,,,0
190017019,'1179922',1424,,3073,43,,,0
190017019,'1179924',1524,,3074,43,,,0
190017019,'1179925',1554,,3075,11,,,0
190017019,'1179941',1254,,3076,11,,,0
190017019,'1179949',624,,3077,11,,,0
190017019,'1179955',924,,3079,43,,,0
190017019,'1179971',1324,,3080,43,,,0
190017019,'1179977',1924,,3081,43,,,0
190017019,'1179978',1124,,3082,43,,,0
190017019,'1179979',1754,,3083,43,,,0
190017019,'1179986',824,,3084,43,,,0
190017019,'1179987',1024,,3085,43,,,0
190017019,'1179994',1724,,3086,43,,,0
190017019,'1180001',954,,3087,43,,,0
190017019,'1180002',1454,,3088,11,,,0
190017019,'1180005',724,,3089,43,,,0
190017019,'1180033',1354,,3090,11,,,0
190017019,'1180050',2024,,3092,43,,,0
190017019,'1180055',1224,,3093,43,,,0
190017019,'1180056',1824,,3094,43,,,0
190017019,'1180065',2024,,3095,43,,,0
190017019,'1180069',754,,3096,43,,,0
190017019,'1180074',1054,,3097,11,,,0
