110029,'1178926',1301,,2248,10,,,0
110029,'1179044',901,,2249,10,,,0
110029,'1179118',1101,,2250,10,,,0
110029,'1179173',1201,,2251,10,,,0
110029,'1179459',1701,,2252,10,,,0
110029,'1179534',1401,,2253,10,,,0
110029,'1179542',1601,,2254,10,,,0
110029,'1179690',1001,,2255,10,,,0
110029,'1179707',1501,,2256,10,,,0
190011019,'1178945',1551,,2848,10,,,0
190011019,'1178950',751,,2849,34,,,0
190011019,'1178970',1921,,2850,34,,,0
190011019,'1179040',2121,,2852,34,,,0
190011019,'1179064',1051,,2853,10,,,0
190011019,'1179145',921,,2854,34,,,0
190011019,'1179146',1151,,2855,10,,,0
190011019,'1179159',1821,,2856,34,,,0
190011019,'1179163',821,,2858,34,,,0
190011019,'1179248',721,,2859,34,,,0
190011019,'1179252',1821,,2860,34,,,0
190011019,'1179276',2021,,2861,34,,,0
190011019,'1179307',721,,2862,34,,,0
190011019,'1179317',1251,,2863,10,,,0
190011019,'1179332',1121,,2864,35,,,0
190011019,'1179340',921,,2865,34,,,0
190011019,'1179367',1751,,2866,34,,,0
190011019,'1179375',1451,,2867,10,,,0
190011019,'1179393',1651,,2868,10,,,0
190011019,'1179394',2221,,2869,34,,,0
190011019,'1179413',1321,,2871,35,,,0
190011019,'1179424',2221,,2872,34,,,0
190011019,'1179426',1421,,2873,35,,,0
190011019,'1179430',1621,,2874,35,,,0
190011019,'1179437',1121,,2875,35,,,0
190011019,'1179438',1621,,2876,35,,,0
190011019,'1179442',1921,,2877,34,,,0
190011019,'1179477',821,,2878,34,,,0
190011019,'1179521',1421,,2879,35,,,0
190011019,'1179528',1221,,2880,35,,,0
190011019,'1179530',651,,2881,10,,,0
190011019,'1179555',2021,,2882,34,,,0
190011019,'1179572',1221,,2883,35,,,0
190011019,'1179590',1521,,2884,35,,,0
190011019,'1179619',1721,,2885,34,,,0
190011019,'1179642',1021,,2886,34,,,0
190011019,'1179650',1321,,2887,35,,,0
190011019,'1179665',621,,2888,13,,,0
190011019,'1179666',851,,2889,34,,,0
190011019,'1179672',1351,,2890,10,,,0
190011019,'1179677',2121,,2891,34,,,0
190011019,'1179678',951,,2892,34,,,0
190011019,'1179688',1721,,2893,34,,,0
190011019,'1179700',1521,,2894,35,,,0
190011019,'1179709',1021,,2895,34,,,0
