130019,'1179053',1726,,2334,6,,,0
130019,'1179067',1326,,2335,6,,,0
130019,'1179069',1026,,2336,6,,,0
130019,'1179093',1126,,2337,6,,,0
130019,'1179108',1226,,2338,6,,,0
130019,'1179294',1526,,2339,6,,,0
130019,'1179386',1626,,2340,6,,,0
130019,'1179541',926,,2341,6,,,0
130019,'1179675',1426,,2342,6,,,0
140012019,'1178913',1150,,2679,6,,,0
140012019,'1178923',1150,,2680,6,,,0
140012019,'1178934',950,,2681,6,,,0
140012019,'1178935',750,,2682,6,,,0
140012019,'1178953',850,,2683,6,,,0
140012019,'1178981',650,,2684,6,,,0
140012019,'1178986',1420,,2685,6,,,0
140012019,'1179006',1320,,2686,6,,,0
140012019,'1179011',720,,2687,6,,,0
140012019,'1179015',1850,,2688,6,,,0
140012019,'1179046',850,,2689,6,,,0
140012019,'1179102',1550,,2690,6,,,0
140012019,'1179154',1350,,2691,6,,,0
140012019,'1179183',1950,,2692,6,,,0
140012019,'1179185',920,,2693,6,,,0
140012019,'1179216',2250,,2694,6,0,8 21,0
140012019,'1179230',950,,2695,6,,,0
140012019,'1179233',1550,,2696,6,,,0
140012019,'1179236',750,,2697,6,,,0
140012019,'1179238',1450,,2698,6,,,0
140012019,'1179244',2050,,2699,6,,,0
140012019,'1179245',1850,,2700,6,,,0
140012019,'1179255',1820,,2702,6,0,8 21,0
140012019,'1179261',1050,,2703,6,,,0
140012019,'1179316',1950,,2704,6,,,0
140012019,'1179325',820,,2705,6,,,0
140012019,'1179348',1250,,2706,6,,,0
140012019,'1179359',1720,,2707,6,,,0
140012019,'1179372',2150,,2708,6,,,0
140012019,'1179387',1250,,2709,6,,,0
140012019,'1179399',1120,,2710,6,,,0
140012019,'1179425',2050,,2711,6,,,0
140012019,'1179444',1620,,2712,6,,,0
140012019,'1179495',1350,,2713,6,,,0
140012019,'1179499',1520,,2714,6,,,0
140012019,'1179510',1650,,2715,6,,,0
140012019,'1179511',2150,,2716,6,,,0
140012019,'1179526',1750,,2717,6,,,0
140012019,'1179556',1050,,2718,6,,,0
140012019,'1179567',1220,,2719,6,,,0
140012019,'1179578',2250,,2720,6,0,8 21,0
140012019,'1179644',1750,,2721,6,,,0
140012019,'1179693',1020,,2722,6,,,0
140012019,'1179704',1450,,2723,6,,,0
140012019,'1179715',1650,,2724,6,,,0
