110019,'1175771',1444,,1461,25,,,0
110019,'1175802',1744,,1462,25,,,0
110019,'1176133',1644,,1468,25,,,0
110019,'1176140',1044,,1469,25,,,0
110019,'1176188',1244,,1470,25,,,0
110019,'1176403',1144,,1472,25,,,0
110019,'1176448',944,,1473,25,,,0
110019,'1176583',1544,,1474,25,,,0
110019,'1176618',1344,,1475,25,,,0
116019,'1175732',1553,,1479,29,,,0
116019,'1175756',1353,,1480,29,,,0
116019,'1175773',2053,,1481,29,,,0
116019,'1175832',1823,,1482,29,,,0
116019,'1175918',1657,,1486,30,,,0
116019,'1175942',1753,,1487,29,,,0
116019,'1175949',1727,,1488,30,,,0
116019,'1175954',953,,1489,29,,,0
116019,'1175970',1153,,1491,29,,,0
116019,'1176137',1853,,1495,29,,,0
116019,'1176239',1253,,1497,29,,,0
116019,'1176240',753,,1498,29,,,0
116019,'1176243',657,,1499,30,,,0
116019,'1176254',823,,1500,29,,,0
116019,'1176276',853,,1502,29,,,0
116019,'1176432',727,,1503,30,,,0
116019,'1176433',1623,,1504,29,,,0
116019,'1176442',923,,1505,29,,,0
116019,'1176630',2153,,1509,29,,,0
116019,'1176639',1953,,1510,29,,,0
116019,'1176641',1053,,1511,29,,,0
116019,'1176685',1453,,1514,29,,,0
116019,'1178927',1053,,2202,29,,,0
116019,'1178944',1453,,2203,29,,,0
116019,'1178984',2053,,2204,29,,,0
116019,'1178985',1553,,2205,29,,,0
116019,'1178993',1727,,2206,30,,,0
116019,'1179002',2053,,2207,29,,,0
116019,'1179004',853,,2208,29,,,0
116019,'1179020',1653,,2209,29,,,0
116019,'1179022',1657,,2210,30,,,0
116019,'1179025',1353,,2211,29,,,0
116019,'1179035',953,,2212,29,,,0
116019,'1179036',727,,2213,30,,,0
116019,'1179045',1953,,2214,29,,,0
116019,'1179090',2153,,2215,29,,,0
116019,'1179113',753,,2216,29,,,0
116019,'1179119',657,,2217,30,,,0
116019,'1179186',2153,,2218,29,,,0
116019,'1179192',1853,,2219,29,,,0
116019,'1179204',1853,,2220,29,,,0
116019,'1179214',923,,2221,29,,,0
116019,'1179218',1953,,2222,29,,,0
116019,'1179231',1353,,2223,29,,,0
116019,'1179239',853,,2224,29,,,0
116019,'1179249',1453,,2225,29,,,0
116019,'1179326',1153,,2226,29,,,0
116019,'1179334',1253,,2227,29,,,0
116019,'1179487',1753,,2228,29,,,0
116019,'1179497',1253,,2229,29,,,0
116019,'1179505',1623,,2230,29,,,0
116019,'1179506',1153,,2231,29,,,0
116019,'1179514',1823,,2232,29,,,0
116019,'1179540',1553,,2233,29,,,0
116019,'1179564',1053,,2234,29,,,0
116019,'1179589',953,,2235,29,,,0
116019,'1179630',1753,,2236,29,,,0
116019,'1179645',753,,2237,29,,,0
116019,'1179711',823,,2238,29,,,0
160019,'1175859',1243,,1588,28,,,0
160019,'1176087',1343,,1589,28,,,0
160019,'1176112',1443,,1590,28,,,0
160019,'1176128',1743,,1591,28,,,0
160019,'1176235',1043,,1593,28,,,0
160019,'1176236',1643,,1594,28,,,0
160019,'1176410',1543,,1599,28,,,0
160019,'1176572',943,,1602,28,,,0
160019,'1176585',1143,,1603,28,,,0
140010019,'1175755',854,,1743,27,,,0
140010019,'1175787',1754,,1744,27,,,0
140010019,'1175798',1754,,1745,27,,,0
140010019,'1175806',1124,,1746,27,0,8 21,0
140010019,'1175825',1554,,1748,27,,,0
140010019,'1175826',1255,,1749,27,,,0
140010019,'1175836',1724,,1750,27,,,0
140010019,'1175840',1954,,1751,27,,,0
140010019,'1175865',1024,,1752,27,0,8 21,0
140010019,'1175890',1954,,1753,27,,,0
140010019,'1175905',2054,,1754,27,,,0
140010019,'1175937',1355,,1755,27,,,0
140010019,'1175943',1654,,1756,27,,,0
140010019,'1175962',2254,,1757,27,0,8 21,0
140010019,'1175995',1055,,1758,27,,,0
140010019,'1176008',724,,1759,27,,,0
140010019,'1176017',754,,1760,27,,,0
140010019,'1176075',1654,,1761,27,,,0
140010019,'1176104',2154,,1762,27,,,0
140010019,'1176141',1255,,1763,27,,,0
140010019,'1176158',1455,,1764,27,,,0
140010019,'1176181',924,,1765,27,0,8 21,0
140010019,'1176198',955,,1766,27,,,0
140010019,'1176208',2154,,1767,27,,,0
140010019,'1176215',1854,,1768,27,,,0
140010019,'1176225',1324,,1769,27,0,8 21,0
140010019,'1176249',1055,,1770,27,,,0
140010019,'1176269',2054,,1771,27,,,0
140010019,'1176278',2254,,1772,27,0,8 21,0
140010019,'1176300',1524,,1773,27,0,8 21,0
140010019,'1176311',955,,1774,27,,,0
140010019,'1176346',824,,1775,27,,,0
140010019,'1176365',854,,1776,27,,,0
140010019,'1176376',1554,,1777,27,,,0
140010019,'1176382',1155,,1778,27,,,0
140010019,'1176449',654,,1779,27,,,0
140010019,'1176452',1224,,1780,27,0,8 21,0
140010019,'1176545',754,,1781,27,,,0
140010019,'1176551',1355,,1782,27,,,0
140010019,'1176579',1624,,1783,27,,,0
140010019,'1176580',1155,,1784,27,,,0
140010019,'1176607',1854,,1785,27,,,0
140010019,'1176612',1824,,1786,27,0,8 21,0
140010019,'1176628',1424,,1787,27,0,8 21,0
140010019,'1176653',1455,,1788,27,,,0
