120029,'1179032',1518,,2325,3,,,0
120029,'1179055',1318,,2326,3,,,0
120029,'1179056',1618,,2327,3,,,0
120029,'1179099',1718,,2328,3,,,0
120029,'1179153',918,,2329,3,,,0
120029,'1179222',1418,,2330,3,,,0
120029,'1179429',1118,,2331,3,,,0
120029,'1179447',1018,,2332,3,,,0
120029,'1179575',1218,,2333,3,,,0
190017019,'1179790',1144,,3050,3,,,0
190017019,'1179796',1344,,3051,3,,,0
190017019,'1179813',2244,,3052,3,0,8 21,0
190017019,'1179821',1444,,3053,3,,,0
190017019,'1179824',614,,3054,3,,,0
190017019,'1179832',1044,,3055,3,,,0
190017019,'1179843',844,,3056,3,,,0
190017019,'1179845',2044,,3057,3,,,0
190017019,'1179847',2144,,3058,3,0,8 21,0
190017019,'1179859',1644,,3060,3,,,0
190017019,'1179863',944,,3061,3,,,0
190017019,'1179870',814,,3062,3,,,0
190017019,'1179874',1244,,3063,3,,,0
190017019,'1179876',1844,,3064,3,,,0
190017019,'1179884',1614,,3065,3,,,0
190017019,'1179891',1544,,3066,3,,,0
190017019,'1179895',1814,,3067,3,0,8 21,0
190017019,'1179896',744,,3068,3,,,0
190017019,'1179899',1544,,3069,3,,,0
190017019,'1179905',644,,3070,3,,,0
190017019,'1179912',2044,,3071,3,,,0
190017019,'1179917',1744,,3072,3,,,0
190017019,'1179922',1344,,3073,3,,,0
190017019,'1179924',1444,,3074,3,,,0
190017019,'1179953',2144,,3078,3,0,8 21,0
190017019,'1179955',844,,3079,3,,,0
190017019,'1179971',1244,,3080,3,,,0
190017019,'1179977',1844,,3081,3,,,0
190017019,'1179978',1044,,3082,3,,,0
190017019,'1179979',1714,,3083,3,,,0
190017019,'1179986',744,,3084,3,,,0
190017019,'1179987',944,,3085,3,,,0
190017019,'1179994',1644,,3086,3,,,0
190017019,'1180001',914,,3087,3,,,0
190017019,'1180005',644,,3089,3,,,0
190017019,'1180041',2244,,3091,3,0,8 21,0
190017019,'1180050',1944,,3092,3,,,0
190017019,'1180055',1144,,3093,3,,,0
190017019,'1180056',1744,,3094,3,,,0
190017019,'1180065',1944,,3095,3,,,0
190017019,'1180069',714,,3096,3,,,0
