200029,'1179807',1009,,2461,21,,,0
200029,'1179834',1409,,2462,21,,,0
200029,'1179867',1709,,2463,21,,,0
200029,'1179877',1209,,2464,21,,,0
200029,'1179888',1609,,2465,21,,,0
200029,'1179893',1309,,2466,21,,,0
200029,'1179998',1509,,2467,21,,,0
200029,'1180053',909,,2468,11,,,0
200029,'1180064',1109,,2469,21,,,0
300019,'1180122',926,,3099,2,0,23 24 2 26,0
300019,'1180123',926,,3100,2,0,23 24 2 26,0
300019,'1180124',1526,,3101,2,0,23 24 2 26,0
300019,'1180127',656,,3104,2,0,23 24 2 26,0
300019,'1180128',1126,,3105,2,0,23 24 2 26,0
300019,'1180129',1726,,3106,2,0,23 24 2 26,0
300019,'1180135',1656,,3112,2,0,23 24 2 26,0
300019,'1180137',726,,3114,2,0,23 24 2 26,0
300019,'1180141',826,,3118,2,0,23 24 2 26,0
300019,'1180142',1426,,3119,2,0,23 24 2 26,0
300019,'1180144',1926,,3121,2,0,23 24 2 26,0
300019,'1180146',1926,,3123,2,0,23 24 2 26,0
300019,'1180147',2126,,3124,2,0,8 9 2 26,0
300019,'1180148',1526,,3125,2,0,23 24 2 26,0
300019,'1180149',1426,,3126,2,0,23 24 2 26,0
300019,'1180153',1026,,3130,2,0,23 24 2 26,0
300019,'1180154',1026,,3131,2,0,23 24 2 26,0
300019,'1180155',1326,,3132,2,0,23 24 2 26,0
300019,'1180157',2026,,3134,2,0,23 24 2 26,0
300019,'1180158',1756,,3135,2,0,8 9 2 26,0
300019,'1180160',1626,,3137,2,0,23 24 2 26,0
300019,'1180162',2126,,3139,2,0,8 9 2 26,0
300019,'1180163',1226,,3140,2,0,23 24 2 26,0
300019,'1180165',1326,,3142,2,0,23 24 2 26,0
300019,'1180170',856,,3147,2,0,23 24 2 26,0
300019,'1180171',726,,3148,2,0,23 24 2 26,0
300019,'1180172',1126,,3149,2,0,23 24 2 26,0
300019,'1180173',1826,,3150,2,0,23 24 2 26,0
300019,'1180174',1226,,3151,2,0,23 24 2 26,0
300019,'1180180',1556,,3157,2,0,23 24 2 26,0
300019,'1180184',1626,,3161,2,0,23 24 2 26,0
300019,'1180185',1726,,3162,2,0,23 24 2 26,0
300019,'1180186',756,,3163,2,0,23 24 2 26,0
300019,'1180187',956,,3164,2,0,8 9 2 26,0
300019,'1180190',2026,,3167,2,0,23 24 2 26,0
300019,'1180192',1826,,3169,2,0,23 24 2 26,0
300019,'1180193',826,,3170,2,0,23 24 2 26,0
190017019,'1179790',1223,,3050,42,,,0
190017019,'1179796',1423,,3051,42,,,0
190017019,'1179821',1523,,3053,42,,,0
190017019,'1179824',653,,3054,42,,,0
190017019,'1179832',1123,,3055,42,,,0
190017019,'1179843',923,,3056,42,,,0
190017019,'1179845',2123,,3057,42,,,0
190017019,'1179849',1153,,3059,10,,,0
190017019,'1179859',1723,,3060,42,,,0
190017019,'1179863',1023,,3061,42,,,0
190017019,'1179870',853,,3062,42,,,0
190017019,'1179874',1323,,3063,42,,,0
190017019,'1179876',1923,,3064,42,,,0
190017019,'1179884',1653,,3065,42,,,0
190017019,'1179891',1623,,3066,42,,,0
190017019,'1179896',823,,3068,42,,,0
190017019,'1179899',1623,,3069,42,,,0
190017019,'1179905',723,,3070,42,,,0
190017019,'1179912',2123,,3071,42,,,0
190017019,'1179917',1823,,3072,42,,,0
190017019,'1179922',1423,,3073,42,,,0
190017019,'1179924',1523,,3074,42,,,0
190017019,'1179925',1553,,3075,10,,,0
190017019,'1179941',1253,,3076,10,,,0
190017019,'1179949',623,,3077,10,,,0
190017019,'1179955',923,,3079,42,,,0
190017019,'1179971',1323,,3080,42,,,0
190017019,'1179977',1923,,3081,42,,,0
190017019,'1179978',1123,,3082,42,,,0
190017019,'1179979',1753,,3083,42,,,0
190017019,'1179986',823,,3084,42,,,0
190017019,'1179987',1023,,3085,42,,,0
190017019,'1179994',1723,,3086,42,,,0
190017019,'1180001',953,,3087,42,,,0
190017019,'1180002',1453,,3088,10,,,0
190017019,'1180005',723,,3089,42,,,0
190017019,'1180033',1353,,3090,10,,,0
190017019,'1180050',2023,,3092,42,,,0
190017019,'1180055',1223,,3093,42,,,0
190017019,'1180056',1823,,3094,42,,,0
190017019,'1180065',2023,,3095,42,,,0
190017019,'1180069',753,,3096,42,,,0
190017019,'1180074',1053,,3097,10,,,0
