160029,'1178957',906,,2424,17,,,0
160029,'1179098',1406,,2425,17,,,0
160029,'1179137',1606,,2426,17,,,0
160029,'1179301',1206,,2427,17,,,0
160029,'1179398',1306,,2428,17,,,0
160029,'1179410',1706,,2429,17,,,0
160029,'1179543',1106,,2430,17,,,0
160029,'1179558',1006,,2431,17,,,0
160029,'1179623',1506,,2432,17,,,0
216019,'1178924',758,,2470,19,,,0
216019,'1178948',628,,2471,19,,,0
216019,'1178963',2128,,2472,19,,,0
216019,'1178968',1228,,2473,19,,,0
216019,'1179019',1758,,2474,19,,,0
216019,'1179021',1558,,2475,19,,,0
216019,'1179029',1428,,2476,19,,,0
216019,'1179050',1528,,2477,19,,,0
216019,'1179070',1428,,2478,19,,,0
216019,'1179075',1828,,2479,19,,,0
216019,'1179116',731,,2480,20,,,0
216019,'1179123',1328,,2481,19,,,0
216019,'1179160',1731,,2482,20,,,0
216019,'1179179',2028,,2483,19,,,0
216019,'1179181',1128,,2484,19,,,0
216019,'1179199',928,,2485,19,,,0
216019,'1179206',1528,,2486,19,,,0
216019,'1179328',1028,,2487,19,,,0
216019,'1179338',1228,,2488,19,,,0
216019,'1179345',828,,2489,19,,,0
216019,'1179368',1701,,2490,20,,,0
216019,'1179369',1028,,2491,19,,,0
216019,'1179374',1631,,2492,20,,,0
216019,'1179421',1828,,2493,19,,,0
216019,'1179431',1128,,2494,19,,,0
216019,'1179458',1928,,2495,19,,,0
216019,'1179488',728,,2496,19,,,0
216019,'1179523',1328,,2497,19,,,0
216019,'1179574',2028,,2498,19,,,0
216019,'1179582',1928,,2499,19,,,0
216019,'1179605',858,,2500,19,,,0
216019,'1179647',1728,,2501,19,,,0
216019,'1179669',828,,2502,19,,,0
216019,'1179695',2128,,2503,19,,,0
216019,'1179712',701,,2504,20,,,0
216019,'1179714',928,,2505,19,,,0
216019,'1179719',1628,,2506,19,,,0
