116019,'1178927',1049,,2202,20,,,0
116019,'1178944',1449,,2203,20,,,0
116019,'1178984',2049,,2204,20,,,0
116019,'1178985',1549,,2205,20,,,0
116019,'1178993',1719,,2206,20,,,0
116019,'1179002',2049,,2207,20,,,0
116019,'1179004',849,,2208,20,,,0
116019,'1179020',1649,,2209,20,,,0
116019,'1179022',1649,,2210,20,,,0
116019,'1179025',1349,,2211,20,,,0
116019,'1179035',949,,2212,20,,,0
116019,'1179036',719,,2213,20,,,0
116019,'1179045',1949,,2214,20,,,0
116019,'1179090',2149,,2215,20,,,0
116019,'1179113',749,,2216,20,,,0
116019,'1179119',649,,2217,20,,,0
116019,'1179186',2149,,2218,20,,,0
116019,'1179192',1849,,2219,20,,,0
116019,'1179204',1849,,2220,20,,,0
116019,'1179214',919,,2221,20,,,0
116019,'1179218',1949,,2222,20,,,0
116019,'1179231',1349,,2223,20,,,0
116019,'1179239',849,,2224,20,,,0
116019,'1179249',1449,,2225,20,,,0
116019,'1179326',1149,,2226,20,,,0
116019,'1179334',1249,,2227,20,,,0
116019,'1179487',1749,,2228,20,,,0
116019,'1179497',1249,,2229,20,,,0
116019,'1179505',1619,,2230,20,,,0
116019,'1179506',1149,,2231,20,,,0
116019,'1179514',1819,,2232,20,,,0
116019,'1179540',1549,,2233,20,,,0
116019,'1179564',1049,,2234,20,,,0
116019,'1179589',949,,2235,20,,,0
116019,'1179630',1749,,2236,20,,,0
116019,'1179645',749,,2237,20,,,0
116019,'1179711',819,,2238,20,,,0
