110019,'1178947',950,,2239,31,4,,0
110019,'1178964',1450,,2240,31,4,,0
110019,'1178973',1750,,2241,31,4,,0
110019,'1179028',1550,,2242,31,4,,0
110019,'1179105',1650,,2243,31,4,,0
110019,'1179114',1050,,2244,31,4,,0
110019,'1179176',1250,,2245,31,4,,0
110019,'1179184',1350,,2246,31,4,,0
110019,'1179290',1150,,2247,31,4,,0
110029,'1178926',1255,,2248,1,,,0
110029,'1179044',855,,2249,1,,,0
110029,'1179118',1055,,2250,1,,,0
110029,'1179173',1155,,2251,1,,,0
110029,'1179459',1655,,2252,1,,,0
110029,'1179534',1355,,2253,1,,,0
110029,'1179542',1555,,2254,1,,,0
110029,'1179690',955,,2255,1,,,0
110029,'1179707',1455,,2256,1,,,0
116019,'1179803',1105,,2279,36,4,,0
116019,'1179806',2205,,2280,36,4,,0
116019,'1179811',2005,,2281,36,4,,0
116019,'1179814',835,,2282,36,4,,0
116019,'1179815',2205,,2283,36,4,,0
116019,'1179816',2105,,2284,36,4,,0
116019,'1179818',805,,2285,36,4,,0
116019,'1179820',1635,,2286,36,4,,0
116019,'1179826',805,,2287,36,4,,0
116019,'1179838',905,,2288,36,4,,0
116019,'1179860',1735,,2289,37,4,,0
116019,'1179861',1705,,2290,36,4,,0
116019,'1179871',1905,,2291,36,4,,0
116019,'1179879',735,,2292,37,4,,0
116019,'1179890',1905,,2293,36,4,,0
116019,'1179910',1805,,2294,36,4,,0
116019,'1179933',1505,,2295,36,4,,0
116019,'1179936',1305,,2296,36,4,,0
116019,'1179944',1605,,2297,36,4,,0
116019,'1179946',1840,,2298,36,4,,0
116019,'1179950',1605,,2299,36,4,,0
116019,'1179954',1005,,2300,36,4,,0
116019,'1179959',2105,,2301,36,4,,0
116019,'1179965',1705,,2302,37,4,,0
116019,'1179966',905,,2303,36,4,,0
116019,'1179975',1105,,2304,36,4,,0
116019,'1179985',1805,,2305,36,4,,0
116019,'1180003',1405,,2306,36,4,,0
116019,'1180007',1205,,2307,36,4,,0
116019,'1180008',1405,,2308,36,4,,0
116019,'1180010',705,,2309,37,4,,0
116019,'1180011',2005,,2310,36,4,,0
116019,'1180027',935,,2311,36,4,,0
116019,'1180032',1505,,2312,36,4,,0
116019,'1180034',1205,,2313,36,4,,0
116019,'1180036',1005,,2314,36,4,,0
116019,'1180063',1305,,2315,36,4,,0
130019,'1179053',1741,,2334,23,4,,0
130019,'1179067',1341,,2335,23,4,,0
130019,'1179069',1041,,2336,23,4,,0
130019,'1179093',1141,,2337,23,4,,0
130019,'1179108',1241,,2338,23,4,,0
130019,'1179294',1541,,2339,23,4,,0
130019,'1179386',1641,,2340,23,4,,0
130019,'1179541',941,,2341,23,4,,0
130019,'1179675',1441,,2342,23,4,,0
130029,'1178925',1455,,2343,1,,,0
130029,'1178989',1355,,2344,1,,,0
130029,'1179023',1555,,2345,1,,,0
130029,'1179120',1655,,2346,1,,,0
130029,'1179168',1255,,2347,1,,,0
130029,'1179423',855,,2348,1,,,0
130029,'1179469',1155,,2349,1,,,0
130029,'1179639',955,,2350,1,,,0
130029,'1179657',1055,,2351,1,,,0
150019,'1178942',1744,,2379,12,4,,0
150019,'1178956',1344,,2380,12,4,,0
150019,'1178976',1644,,2381,12,4,,0
150019,'1179117',1244,,2382,12,4,,0
150019,'1179150',1544,,2383,12,4,,0
150019,'1179341',944,,2384,12,4,,0
150019,'1179473',1144,,2385,12,4,,0
150019,'1179559',1444,,2386,12,4,,0
150019,'1179673',1044,,2387,12,4,,0
150029,'1179828',955,,2397,1,,,0
150029,'1179915',1155,,2398,1,,,0
150029,'1179932',855,,2399,1,,,0
150029,'1179948',1455,,2400,1,,,0
150029,'1179983',1255,,2401,1,,,0
150029,'1180009',1055,,2402,1,,,0
150029,'1180017',1655,,2403,1,,,0
150029,'1180040',1555,,2404,1,,,0
150029,'1180079',1355,,2405,1,,,0
160019,'1179817',1049,,2415,34,4,,0
160019,'1179829',1349,,2416,34,4,,0
160019,'1179855',1549,,2417,34,4,,0
160019,'1179873',1149,,2418,34,4,,0
160019,'1179921',1749,,2419,34,4,,0
160019,'1179929',1649,,2420,34,4,,0
160019,'1180025',1449,,2421,34,4,,0
160019,'1180042',949,,2422,34,4,,0
160019,'1180067',1249,,2423,34,4,,0
160029,'1178957',855,,2424,1,,,0
160029,'1179098',1355,,2425,1,,,0
160029,'1179137',1555,,2426,1,,,0
160029,'1179301',1155,,2427,1,,,0
160029,'1179398',1255,,2428,1,,,0
160029,'1179410',1655,,2429,1,,,0
160029,'1179543',1055,,2430,1,,,0
160029,'1179558',955,,2431,1,,,0
160029,'1179623',1455,,2432,1,,,0
200019,'1179798',1400,51,2442,19,,,0
200019,'1179810',1600,51,2443,19,,,0
200019,'1179901',1200,51,2444,19,,,0
200019,'1179903',1752,3,2445,19,,,0
200019,'1179911',1500,51,2446,19,,,0
200019,'1179939',1100,51,2447,19,,,0
200019,'1179968',1700,51,2448,19,,,0
200019,'1179973',1000,51,2449,19,,,0
200019,'1180054',1300,51,2450,19,,,0
200029,'1179229',1746,,2457,12,4,,0
200029,'1179807',955,6,2461,12,,,0
200029,'1179834',1355,6,2462,12,,,0
200029,'1179867',1655,6,2463,12,,,0
200029,'1179877',1155,6,2464,12,,,0
200029,'1179888',1555,6,2465,12,,,0
200029,'1179893',1255,6,2466,12,,,0
200029,'1179998',1455,6,2467,12,,,0
200029,'1180053',855,6,2468,2,,,0
200029,'1180064',1055,6,2469,12,,,0
216019,'1178924',745,,2470,1,,,0
216019,'1178948',615,,2471,1,,,0
216019,'1178963',2115,,2472,1,,,0
216019,'1178968',1215,,2473,1,,,0
216019,'1179019',1745,,2474,1,,,0
216019,'1179021',1545,,2475,1,,,0
216019,'1179029',1415,,2476,1,,,0
216019,'1179050',1515,,2477,1,,,0
216019,'1179070',1415,,2478,1,,,0
216019,'1179075',1815,,2479,1,,,0
216019,'1179116',715,,2480,1,,,0
216019,'1179123',1315,,2481,1,,,0
216019,'1179160',1715,,2482,1,,,0
216019,'1179179',2015,,2483,1,,,0
216019,'1179181',1115,,2484,1,,,0
216019,'1179199',915,,2485,1,,,0
216019,'1179206',1515,,2486,1,,,0
216019,'1179328',1015,,2487,1,,,0
216019,'1179338',1215,,2488,1,,,0
216019,'1179345',815,,2489,1,,,0
216019,'1179368',1645,,2490,1,,,0
216019,'1179369',1015,,2491,1,,,0
216019,'1179374',1615,,2492,1,,,0
216019,'1179421',1815,,2493,1,,,0
216019,'1179431',1115,,2494,1,,,0
216019,'1179458',1915,,2495,1,,,0
216019,'1179488',715,,2496,1,,,0
216019,'1179523',1315,,2497,1,,,0
216019,'1179574',2015,,2498,1,,,0
216019,'1179582',1915,,2499,1,,,0
216019,'1179605',845,,2500,1,,,0
216019,'1179647',1715,,2501,1,,,0
216019,'1179669',815,,2502,1,,,0
216019,'1179695',2115,,2503,1,,,0
216019,'1179712',645,,2504,1,,,0
216019,'1179714',915,,2505,1,,,0
216019,'1179719',1615,,2506,1,,,0
300019,'1178962',646,,2510,1,0,23 24 2 26,0
300019,'1179049',716,,2515,1,0,23 24 2 26,0
300019,'1179297',2212,,2527,2,4,,0
300019,'1179310',1842,,2528,2,4,,0
300019,'1179551',1546,,2544,1,0,23 24 2 26,0
300019,'1179588',1042,,2548,2,4,,0
300019,'1179640',2212,,2556,2,4,,0
300019,'1179671',718,,2558,1,0,23 24 2 26,0
300019,'1179789',645,,2559,1,0,23 24 2 25,0
300019,'1179794',1915,3,2560,2,0,23 24 2 25,0
300019,'1179795',1015,3,2561,2,0,23 24 2 25,0
300019,'1179797',1715,3,2562,2,0,23 24 2 25,0
300019,'1179799',1044,,2563,22,4,,0
300019,'1179801',1716,2,2564,22,0,23 24 2 26,0
300019,'1179805',915,3,2565,2,0,23 24 2 25,0
300019,'1179809',1115,3,2566,2,0,23 24 2 25,0
300019,'1179823',1916,2,2567,22,0,23 24 2 26,0
300019,'1179830',815,3,2568,2,0,23 24 2 25,0
300019,'1179833',1016,2,2569,22,0,23 24 2 26,0
300019,'1179836',946,2,2570,22,0,23 24 2 26,0
300019,'1179840',1516,2,2571,22,0,23 24 2 26,0
300019,'1179841',2116,2,2572,22,0,23 24 2 26,0
300019,'1179844',1715,3,2573,2,0,23 24 2 25,0
300019,'1179848',2015,3,2574,2,0,23 24 2 25,0
300019,'1179850',816,2,2575,22,0,23 24 2 26,0
300019,'1179851',2015,3,2576,2,0,23 24 2 25,0
300019,'1179852',1516,2,2577,22,0,23 24 2 26,0
300019,'1179853',1215,3,2578,2,0,23 24 2 25,0
300019,'1179854',1616,2,2579,22,0,23 24 2 26,0
300019,'1179857',1745,3,2580,2,0,23 24 2 25,0
300019,'1179858',1416,2,2581,22,0,23 24 2 26,0
300019,'1179864',1415,3,2582,2,0,23 24 2 25,0
300019,'1179866',1916,2,2583,22,0,23 24 2 26,0
300019,'1179869',1316,2,2584,22,0,23 24 2 26,0
300019,'1179878',1815,3,2585,2,0,23 24 2 25,0
300019,'1179880',915,3,2586,2,0,23 24 2 25,0
300019,'1179882',816,2,2587,22,0,23 24 2 26,0
300019,'1179883',1915,3,2588,2,0,23 24 2 25,0
300019,'1179889',945,3,2589,2,0,23 24 2 25,0
300019,'1179892',1215,3,2590,2,0,23 24 2 25,0
300019,'1179894',1616,2,2591,22,0,23 24 2 26,0
300019,'1179900',1645,3,2592,2,0,23 24 2 25,0
300019,'1179902',1515,3,2593,2,0,23 24 2 25,0
300019,'1179906',1316,2,2594,22,0,23 24 2 26,0
300019,'1179908',746,2,2595,22,0,23 24 2 26,0
300019,'1179914',1816,2,2596,22,0,23 24 2 26,0
300019,'1179916',1015,3,2597,2,0,23 24 2 25,0
300019,'1179918',2116,2,2598,22,0,23 24 2 26,0
300019,'1179927',1815,3,2599,2,0,23 24 2 25,0
300019,'1179928',745,3,2600,2,0,23 24 2 25,0
300019,'1179937',2115,3,2601,2,0,23 24 2 25,0
300019,'1179942',2214,,2602,22,4,,0
300019,'1179951',916,2,2603,22,0,23 24 2 26,0
300019,'1179956',715,,2604,1,0,23 24 2 25,0
300019,'1179957',1116,2,2605,22,0,23 24 2 26,0
300019,'1179962',1515,3,2606,2,0,23 24 2 25,0
300019,'1179964',1315,3,2607,2,0,23 24 2 25,0
300019,'1179967',2214,,2608,22,4,,0
300019,'1179969',2115,3,2609,2,0,23 24 2 25,0
300019,'1179970',2016,2,2610,22,0,23 24 2 26,0
300019,'1179981',1716,2,2611,22,0,23 24 2 26,0
300019,'1179988',846,2,2612,22,0,23 24 2 26,0
300019,'1179990',1415,3,2613,2,0,23 24 2 25,0
300019,'1179993',1615,3,2614,2,0,23 24 2 25,0
300019,'1179996',1646,2,2615,22,0,23 24 2 26,0
300019,'1180000',1416,2,2616,22,0,23 24 2 26,0
300019,'1180004',2016,2,2617,22,0,23 24 2 26,0
300019,'1180022',1746,2,2618,22,0,23 24 2 26,0
300019,'1180030',715,3,2619,2,0,23 24 2 25,0
300019,'1180035',916,2,2620,22,0,23 24 2 26,0
300019,'1180037',1216,2,2621,22,0,23 24 2 26,0
300019,'1180038',1315,3,2622,2,0,23 24 2 25,0
300019,'1180039',1545,3,2623,2,0,23 24 2 25,0
300019,'1180043',1216,2,2624,22,0,23 24 2 26,0
300019,'1180046',1844,,2625,22,4,,0
300019,'1180049',1116,2,2626,22,0,23 24 2 26,0
300019,'1180051',1115,3,2627,2,0,23 24 2 25,0
300019,'1180052',1016,2,2628,22,0,23 24 2 26,0
300019,'1180061',1816,2,2629,22,0,23 24 2 26,0
300019,'1180066',845,3,2630,2,0,23 24 2 25,0
300019,'1180071',815,3,2631,2,0,23 24 2 25,0
300019,'1180073',1615,3,2632,2,0,23 24 2 25,0
140010019,'1178914',1130,,2633,33,4,,0
140010019,'1178921',1515,14,2634,33,,,0
140010019,'1178922',1015,14,2635,34,,,0
140010019,'1178936',745,15,2636,33,,,0
140010019,'1178946',2300,,2637,33,4,,0
140010019,'1178979',1115,14,2638,34,,,0
140010019,'1179012',815,15,2639,34,,,0
140010019,'1179037',2015,15,2640,33,,,0
140010019,'1179103',1615,15,2641,34,,,0
140010019,'1179122',1330,,2642,33,4,,0
140010019,'1179131',1215,14,2643,33,,,0
140010019,'1179140',2215,15,2644,33,,,0
140010019,'1179147',930,,2645,33,4,,0
140010019,'1179157',715,15,2646,33,,,0
140010019,'1179167',1115,14,2647,33,,,0
140010019,'1179178',1815,15,2648,34,,,0
140010019,'1179180',2215,15,2649,34,,,0
140010019,'1179188',1515,14,2650,34,,,0
140010019,'1179217',2015,15,2651,34,,,0
140010019,'1179232',1530,,2652,33,4,,0
140010019,'1179251',1645,15,2653,33,,,0
140010019,'1179253',845,15,2654,33,,,0
140010019,'1179268',1745,15,2655,33,,,0
140010019,'1179270',1715,15,2656,34,,,0
140010019,'1179302',715,,2657,1,,,0
140010019,'1179336',915,15,2658,33,,,0
140010019,'1179347',815,15,2659,33,,,0
140010019,'1179361',2115,15,2660,33,,,0
140010019,'1179396',2115,15,2661,34,,,0
140010019,'1179408',2300,,2662,34,4,,0
140010019,'1179415',1215,14,2663,34,,,0
140010019,'1179445',1415,14,2664,33,,,0
140010019,'1179452',1815,15,2665,33,,,0
140010019,'1179453',1415,14,2666,34,,,0
140010019,'1179479',1315,14,2667,33,,,0
140010019,'1179483',1230,,2668,33,4,,0
140010019,'1179494',1715,15,2669,33,,,0
140010019,'1179496',1615,15,2670,33,,,0
140010019,'1179498',1430,,2671,33,4,,0
140010019,'1179544',1915,15,2672,33,,,0
140010019,'1179548',1030,,2673,33,4,,0
140010019,'1179613',1915,15,2674,34,,,0
140010019,'1179620',915,15,2675,34,,,0
140010019,'1179629',1830,,2676,33,4,,0
140010019,'1179659',1315,14,2677,34,,,0
140010019,'1179692',1015,14,2678,33,,,0
140012019,'1178913',1215,10,2679,23,,,0
140012019,'1178923',1215,10,2680,23,,,0
140012019,'1178934',1015,10,2681,23,,,0
140012019,'1178935',815,10,2682,23,,,0
140012019,'1178953',915,10,2683,23,,,0
140012019,'1178981',715,10,2684,23,,,0
140012019,'1178986',1445,10,2685,23,,,0
140012019,'1179006',1345,10,2686,23,,,0
140012019,'1179011',745,10,2687,23,,,0
140012019,'1179015',1915,10,2688,23,,,0
140012019,'1179046',915,10,2689,23,,,0
140012019,'1179102',1615,10,2690,23,,,0
140012019,'1179154',1415,10,2691,23,,,0
140012019,'1179183',2015,10,2692,23,,,0
140012019,'1179185',945,10,2693,23,,,0
140012019,'1179216',2305,,2694,23,4,,0
140012019,'1179230',1015,10,2695,23,,,0
140012019,'1179233',1615,10,2696,23,,,0
140012019,'1179236',815,10,2697,23,,,0
140012019,'1179238',1515,10,2698,23,,,0
140012019,'1179244',2115,10,2699,23,,,0
140012019,'1179245',1915,10,2700,23,,,0
140012019,'1179250',715,,2701,1,,,0
140012019,'1179255',1835,,2702,23,4,,0
140012019,'1179261',1115,10,2703,23,,,0
140012019,'1179316',2015,10,2704,23,,,0
140012019,'1179325',845,10,2705,23,,,0
140012019,'1179348',1315,10,2706,23,,,0
140012019,'1179359',1745,10,2707,23,,,0
140012019,'1179372',2215,10,2708,23,,,0
140012019,'1179387',1315,10,2709,23,,,0
140012019,'1179399',1145,10,2710,23,,,0
140012019,'1179425',2115,10,2711,23,,,0
140012019,'1179444',1645,10,2712,23,,,0
140012019,'1179495',1415,10,2713,23,,,0
140012019,'1179499',1545,10,2714,23,,,0
140012019,'1179510',1715,10,2715,23,,,0
140012019,'1179511',2215,10,2716,23,,,0
140012019,'1179526',1815,10,2717,23,,,0
140012019,'1179556',1115,10,2718,23,,,0
140012019,'1179567',1245,10,2719,23,,,0
140012019,'1179578',2305,,2720,23,4,,0
140012019,'1179644',1815,10,2721,23,,,0
140012019,'1179693',1045,10,2722,23,,,0
140012019,'1179704',1515,10,2723,23,,,0
140012019,'1179715',1715,10,2724,23,,,0
140014019,'1178954',1615,10,2725,22,,,0
140014019,'1178955',1145,10,2726,22,,,0
140014019,'1178974',1015,10,2727,22,,,0
140014019,'1179007',1815,10,2728,22,,,0
140014019,'1179027',1515,10,2729,22,,,0
140014019,'1179052',815,10,2730,22,,,0
140014019,'1179079',745,10,2731,22,,,0
140014019,'1179080',1515,10,2732,22,,,0
140014019,'1179082',845,10,2733,22,,,0
140014019,'1179084',715,10,2734,22,,,0
140014019,'1179111',2215,10,2735,22,,,0
140014019,'1179143',815,10,2736,22,,,0
140014019,'1179200',1245,10,2737,22,,,0
140014019,'1179207',1745,10,2738,22,,,0
140014019,'1179221',1415,10,2739,22,,,0
140014019,'1179271',1215,10,2740,22,,,0
140014019,'1179298',1715,10,2741,22,,,0
140014019,'1179320',1445,10,2742,22,,,0
140014019,'1179323',1015,10,2743,22,,,0
140014019,'1179350',915,10,2745,22,,,0
140014019,'1179353',1815,10,2746,22,,,0
140014019,'1179366',2015,10,2747,22,,,0
140014019,'1179392',1615,10,2748,22,,,0
140014019,'1179403',1915,10,2749,22,,,0
140014019,'1179417',715,,2750,1,,,0
140014019,'1179433',1415,10,2751,22,,,0
140014019,'1179443',945,10,2752,22,,,0
140014019,'1179446',1215,10,2753,22,,,0
140014019,'1179449',1045,10,2754,22,,,0
140014019,'1179493',1115,10,2755,22,,,0
140014019,'1179524',1715,10,2757,22,,,0
140014019,'1179535',1345,10,2758,22,,,0
140014019,'1179547',1315,10,2759,22,,,0
140014019,'1179550',645,,2760,1,,,0
140014019,'1179557',1835,,2761,22,4,,0
140014019,'1179561',1545,10,2762,22,,,0
140014019,'1179577',1315,10,2763,22,,,0
140014019,'1179598',2115,10,2764,22,,,0
140014019,'1179600',2215,10,2765,22,,,0
140014019,'1179608',1915,10,2766,22,,,0
140014019,'1179636',1645,10,2767,22,,,0
140014019,'1179638',915,10,2768,22,,,0
140014019,'1179648',2015,10,2769,22,,,0
140014019,'1179654',2115,10,2770,22,,,0
140014019,'1179662',1115,10,2771,22,,,0
140016019,'1179063',715,,2776,1,,,0
140016019,'1179792',915,10,2805,21,,,0
140016019,'1179800',1715,10,2806,21,,,0
140016019,'1179808',1915,10,2807,21,,,0
140016019,'1179822',1545,10,2808,21,,,0
140016019,'1179827',845,10,2809,21,,,0
140016019,'1179831',1615,10,2810,21,,,0
140016019,'1179835',2215,10,2811,21,,,0
140016019,'1179839',1335,,2812,21,4,,0
140016019,'1179842',1135,,2813,21,4,,0
140016019,'1179862',935,,2814,21,4,,0
140016019,'1179868',1645,10,2815,21,,,0
140016019,'1179875',1115,10,2816,21,,,0
140016019,'1179881',1835,,2817,21,4,,0
140016019,'1179886',1415,10,2818,21,,,0
140016019,'1179897',1035,,2819,21,4,,0
140016019,'1179904',1235,,2820,21,4,,0
140016019,'1179907',1715,10,2821,21,,,0
140016019,'1179913',1745,10,2822,21,,,0
140016019,'1179926',1315,10,2823,21,,,0
140016019,'1179938',1515,10,2824,21,,,0
140016019,'1179943',2115,10,2825,21,,,0
140016019,'1179945',815,10,2826,21,,,0
140016019,'1179958',1415,10,2827,21,,,0
140016019,'1179963',1815,10,2828,21,,,0
140016019,'1179974',1015,10,2829,21,,,0
140016019,'1179976',715,10,2830,21,,,0
140016019,'1179989',915,10,2831,21,,,0
140016019,'1179991',1515,10,2832,21,,,0
140016019,'1179997',1615,10,2833,21,,,0
140016019,'1180006',1015,10,2834,21,,,0
140016019,'1180012',1915,10,2835,21,,,0
140016019,'1180018',1115,10,2836,21,,,0
140016019,'1180019',2215,10,2837,21,,,0
140016019,'1180020',2015,10,2838,21,,,0
140016019,'1180023',1315,10,2839,21,,,0
140016019,'1180024',745,10,2840,21,,,0
140016019,'1180028',815,10,2841,21,,,0
140016019,'1180031',2015,10,2842,21,,,0
140016019,'1180048',2115,10,2843,21,,,0
140016019,'1180057',1815,10,2844,21,,,0
140016019,'1180062',1435,,2845,21,4,,0
140016019,'1180072',1215,10,2846,21,,,0
140016019,'1180078',1215,10,2847,21,,,0
190011019,'1178945',1545,,2848,1,,,0
190011019,'1178950',745,5,2849,25,,,0
190011019,'1178970',1915,5,2850,25,,,0
190011019,'1179009',1840,,2851,25,4,,0
190011019,'1179040',2115,5,2852,25,,,0
190011019,'1179064',1045,,2853,1,,,0
190011019,'1179145',915,5,2854,25,,,0
190011019,'1179146',1145,,2855,1,,,0
190011019,'1179159',1815,5,2856,25,,,0
190011019,'1179163',815,5,2858,25,,,0
190011019,'1179248',715,5,2859,25,,,0
190011019,'1179252',1815,5,2860,25,,,0
190011019,'1179276',2015,5,2861,25,,,0
190011019,'1179307',715,5,2862,25,,,0
190011019,'1179317',1245,,2863,1,,,0
190011019,'1179332',1115,8,2864,26,,,0
190011019,'1179340',915,5,2865,25,,,0
190011019,'1179367',1745,5,2866,25,,,0
190011019,'1179375',1445,,2867,1,,,0
190011019,'1179393',1645,,2868,1,,,0
190011019,'1179394',2215,5,2869,25,,,0
190011019,'1179413',1315,8,2871,26,,,0
190011019,'1179424',2215,5,2872,25,,,0
190011019,'1179426',1415,8,2873,26,,,0
190011019,'1179430',1615,8,2874,26,,,0
190011019,'1179437',1115,8,2875,26,,,0
190011019,'1179438',1615,8,2876,26,,,0
190011019,'1179442',1915,5,2877,25,,,0
190011019,'1179477',815,5,2878,25,,,0
190011019,'1179521',1415,8,2879,26,,,0
190011019,'1179528',1215,8,2880,26,,,0
190011019,'1179530',645,,2881,1,,,0
190011019,'1179555',2015,5,2882,25,,,0
190011019,'1179572',1215,8,2883,26,,,0
190011019,'1179590',1515,8,2884,26,,,0
190011019,'1179619',1715,5,2885,25,,,0
190011019,'1179642',1015,5,2886,25,,,0
190011019,'1179650',1315,8,2887,26,,,0
190011019,'1179665',615,2,2888,4,,,0
190011019,'1179666',845,5,2889,25,,,0
190011019,'1179672',1345,,2890,1,,,0
190011019,'1179677',2115,5,2891,25,,,0
190011019,'1179678',945,5,2892,25,,,0
190011019,'1179688',1715,5,2893,25,,,0
190011019,'1179700',1515,8,2894,26,,,0
190011019,'1179709',1015,5,2895,25,,,0
190013019,'1178916',1645,5,2896,33,,,0
190013019,'1178919',2015,5,2897,33,,,0
190013019,'1178920',1145,5,2898,33,,,0
190013019,'1178929',815,5,2899,33,,,0
190013019,'1178930',1715,5,2900,33,,,0
190013019,'1178972',2015,5,2901,33,,,0
190013019,'1178983',1245,5,2902,33,,,0
190013019,'1178994',2215,5,2903,33,,,0
190013019,'1178997',1215,5,2904,33,,,0
190013019,'1179048',1545,5,2905,33,,,0
190013019,'1179062',1615,5,2906,33,,,0
190013019,'1179074',1345,5,2907,33,,,0
190013019,'1179087',1315,5,2908,33,,,0
190013019,'1179104',1045,5,2909,33,,,0
190013019,'1179171',1840,,2910,33,4,,0
190013019,'1179187',915,5,2911,33,,,0
190013019,'1179202',1115,5,2912,33,,,0
190013019,'1179203',1015,5,2913,33,,,0
190013019,'1179212',1515,5,2914,33,,,0
190013019,'1179219',1315,5,2915,33,,,0
190013019,'1179243',815,5,2916,33,,,0
190013019,'1179287',2215,5,2917,33,,,0
190013019,'1179292',1115,5,2918,33,,,0
190013019,'1179300',745,5,2919,33,,,0
190013019,'1179354',615,,2920,1,,,0
190013019,'1179373',1015,5,2921,33,,,0
190013019,'1179380',1415,5,2922,33,,,0
190013019,'1179402',1415,5,2923,33,,,0
190013019,'1179411',1445,5,2924,33,,,0
190013019,'1179457',1915,5,2925,33,,,0
190013019,'1179504',715,5,2926,33,,,0
190013019,'1179507',945,5,2927,33,,,0
190013019,'1179509',1215,5,2928,33,,,0
190013019,'1179516',1615,5,2929,33,,,0
190013019,'1179531',2115,5,2930,33,,,0
190013019,'1179537',915,5,2931,33,,,0
190013019,'1179539',1815,5,2932,33,,,0
190013019,'1179546',715,5,2933,33,,,0
190013019,'1179553',1915,5,2934,33,,,0
190013019,'1179581',645,,2935,1,,,0
190013019,'1179591',1715,5,2936,33,,,0
190013019,'1179611',1745,5,2937,33,,,0
190013019,'1179635',1515,5,2938,33,,,0
190013019,'1179694',845,5,2939,33,,,0
190013019,'1179701',2115,5,2940,33,,,0
190013019,'1179717',1815,5,2941,33,,,0
190015019,'1179083',615,,2946,1,,,0
190015019,'1179637',645,,2969,1,,,0
190015019,'1179791',2115,10,2973,26,,,0
190015019,'1179793',715,10,2974,26,,,0
190015019,'1179804',715,10,2975,26,,,0
190015019,'1179812',1115,10,2976,26,,,0
190015019,'1179819',815,10,2977,26,,,0
190015019,'1179825',1215,10,2978,26,,,0
190015019,'1179856',845,10,2980,26,,,0
190015019,'1179872',815,10,2981,26,,,0
190015019,'1179885',1645,10,2982,26,,,0
190015019,'1179887',1415,10,2983,26,,,0
190015019,'1179898',1515,10,2984,26,,,0
190015019,'1179909',1015,10,2985,26,,,0
190015019,'1179919',1815,10,2986,26,,,0
190015019,'1179920',915,10,2987,26,,,0
190015019,'1179923',1445,10,2988,26,,,0
190015019,'1179931',2115,10,2989,26,,,0
190015019,'1179934',1835,,2990,26,4,,0
190015019,'1179935',1715,10,2991,26,,,0
190015019,'1179940',1145,10,2992,26,,,0
190015019,'1179952',1215,10,2993,26,,,0
190015019,'1179960',1315,10,2994,26,,,0
190015019,'1179961',1515,10,2995,26,,,0
190015019,'1179980',1045,10,2997,26,,,0
190015019,'1179982',1745,10,2998,26,,,0
190015019,'1179992',1545,10,2999,26,,,0
190015019,'1179995',1115,10,3000,26,,,0
190015019,'1179999',1245,10,3001,26,,,0
190015019,'1180013',1915,10,3002,26,,,0
190015019,'1180014',2015,10,3003,26,,,0
190015019,'1180015',945,10,3004,26,,,0
190015019,'1180016',2015,10,3005,26,,,0
190015019,'1180026',1915,10,3007,26,,,0
190015019,'1180029',1015,10,3008,26,,,0
190015019,'1180044',1615,10,3009,26,,,0
190015019,'1180058',1345,10,3011,26,,,0
190015019,'1180059',1715,10,3012,26,,,0
190015019,'1180068',1815,10,3013,26,,,0
190015019,'1180070',1615,10,3014,26,,,0
190015019,'1180075',915,10,3015,26,,,0
190015019,'1180077',1315,10,3016,26,,,0
190015019,'1180080',745,10,3017,26,,,0
190015019,'1180081',1415,10,3018,26,,,0
190017019,'1179790',1215,10,3050,33,,,0
190017019,'1179796',1415,10,3051,33,,,0
190017019,'1179813',2305,,3052,33,4,,0
190017019,'1179821',1515,10,3053,33,,,0
190017019,'1179824',645,10,3054,33,,,0
190017019,'1179832',1115,10,3055,33,,,0
190017019,'1179843',915,10,3056,33,,,0
190017019,'1179845',2115,10,3057,33,,,0
190017019,'1179847',2205,,3058,33,4,,0
190017019,'1179849',1145,,3059,1,,,0
190017019,'1179859',1715,10,3060,33,,,0
190017019,'1179863',1015,10,3061,33,,,0
190017019,'1179870',845,10,3062,33,,,0
190017019,'1179874',1315,10,3063,33,,,0
190017019,'1179876',1915,10,3064,33,,,0
190017019,'1179884',1645,10,3065,33,,,0
190017019,'1179891',1615,10,3066,33,,,0
190017019,'1179895',1835,,3067,33,4,,0
190017019,'1179896',815,10,3068,33,,,0
190017019,'1179899',1615,10,3069,33,,,0
190017019,'1179905',715,10,3070,33,,,0
190017019,'1179912',2115,10,3071,33,,,0
190017019,'1179917',1815,10,3072,33,,,0
190017019,'1179922',1415,10,3073,33,,,0
190017019,'1179924',1515,10,3074,33,,,0
190017019,'1179925',1545,,3075,1,,,0
190017019,'1179941',1245,,3076,1,,,0
190017019,'1179949',615,,3077,1,,,0
190017019,'1179953',2205,,3078,33,4,,0
190017019,'1179955',915,10,3079,33,,,0
190017019,'1179971',1315,10,3080,33,,,0
190017019,'1179977',1915,10,3081,33,,,0
190017019,'1179978',1115,10,3082,33,,,0
190017019,'1179979',1745,10,3083,33,,,0
190017019,'1179986',815,10,3084,33,,,0
190017019,'1179987',1015,10,3085,33,,,0
190017019,'1179994',1715,10,3086,33,,,0
190017019,'1180001',945,10,3087,33,,,0
190017019,'1180002',1445,,3088,1,,,0
190017019,'1180005',715,10,3089,33,,,0
190017019,'1180033',1345,,3090,1,,,0
190017019,'1180041',2305,,3091,33,4,,0
190017019,'1180050',2015,10,3092,33,,,0
190017019,'1180055',1215,10,3093,33,,,0
190017019,'1180056',1815,10,3094,33,,,0
190017019,'1180065',2015,10,3095,33,,,0
190017019,'1180069',745,10,3096,33,,,0
190017019,'1180074',1045,,3097,1,,,0
