150029,'1179828',1014,,2397,21,,,0
150029,'1179915',1214,,2398,21,,,0
150029,'1179932',914,,2399,21,,,0
150029,'1179948',1514,,2400,21,,,0
150029,'1179983',1314,,2401,21,,,0
150029,'1180009',1114,,2402,21,,,0
150029,'1180017',1714,,2403,21,,,0
150029,'1180040',1614,,2404,21,,,0
150029,'1180079',1414,,2405,21,,,0
190015019,'1179083',635,,2946,17,,,0
190015019,'1179637',705,,2969,17,,,0
190015019,'1179791',2135,,2973,42,,,0
190015019,'1179793',735,,2974,42,,,0
190015019,'1179804',735,,2975,42,,,0
190015019,'1179812',1135,,2976,42,,,0
190015019,'1179819',835,,2977,42,,,0
190015019,'1179825',1235,,2978,42,,,0
190015019,'1179856',905,,2980,42,,,0
190015019,'1179872',835,,2981,42,,,0
190015019,'1179885',1705,,2982,42,,,0
190015019,'1179887',1435,,2983,42,,,0
190015019,'1179898',1535,,2984,42,,,0
190015019,'1179909',1035,,2985,42,,,0
190015019,'1179919',1835,,2986,42,,,0
190015019,'1179920',935,,2987,42,,,0
190015019,'1179923',1505,,2988,42,,,0
190015019,'1179931',2135,,2989,42,,,0
190015019,'1179935',1735,,2991,42,,,0
190015019,'1179940',1205,,2992,42,,,0
190015019,'1179952',1235,,2993,42,,,0
190015019,'1179960',1335,,2994,42,,,0
190015019,'1179961',1535,,2995,42,,,0
190015019,'1179980',1105,,2997,42,,,0
190015019,'1179982',1805,,2998,42,,,0
190015019,'1179992',1605,,2999,42,,,0
190015019,'1179995',1135,,3000,42,,,0
190015019,'1179999',1305,,3001,42,,,0
190015019,'1180013',1935,,3002,42,,,0
190015019,'1180014',2035,,3003,42,,,0
190015019,'1180015',1005,,3004,42,,,0
190015019,'1180016',2035,,3005,42,,,0
190015019,'1180026',1935,,3007,42,,,0
190015019,'1180029',1035,,3008,42,,,0
190015019,'1180044',1635,,3009,42,,,0
190015019,'1180058',1405,,3011,42,,,0
190015019,'1180059',1735,,3012,42,,,0
190015019,'1180068',1835,,3013,42,,,0
190015019,'1180070',1635,,3014,42,,,0
190015019,'1180075',935,,3015,42,,,0
190015019,'1180077',1335,,3016,42,,,0
190015019,'1180080',805,,3017,42,,,0
190015019,'1180081',1435,,3018,42,,,0
