140029,'1179802',1524,,2370,3,,,0
140029,'1179837',1324,,2371,3,,,0
140029,'1179865',1724,,2372,3,,,0
140029,'1179930',1224,,2373,3,,,0
140029,'1179947',1624,,2374,3,,,0
140029,'1179984',1424,,2375,3,,,0
140029,'1180047',924,,2376,3,,,0
140029,'1180060',1024,,2377,3,,,0
140029,'1180076',1124,,2378,3,,,0
190015019,'1179791',2046,,2973,3,,,0
190015019,'1179793',646,,2974,3,,,0
190015019,'1179804',646,,2975,3,,,0
190015019,'1179812',1046,,2976,3,,,0
190015019,'1179819',746,,2977,3,,,0
190015019,'1179825',1146,,2978,3,,,0
190015019,'1179846',2146,,2979,3,0,12,0
190015019,'1179856',816,,2980,3,,,0
190015019,'1179872',746,,2981,3,,,0
190015019,'1179885',1616,,2982,3,,,0
190015019,'1179887',1346,,2983,3,,,0
190015019,'1179898',1446,,2984,3,,,0
190015019,'1179909',946,,2985,3,,,0
190015019,'1179919',1746,,2986,3,,,0
190015019,'1179920',846,,2987,3,,,0
190015019,'1179923',1416,,2988,3,,,0
190015019,'1179931',2046,,2989,3,,,0
190015019,'1179934',1816,,2990,3,0,12,0
190015019,'1179935',1646,,2991,3,,,0
190015019,'1179940',1116,,2992,3,,,0
190015019,'1179952',1146,,2993,3,,,0
190015019,'1179960',1246,,2994,3,,,0
190015019,'1179961',1446,,2995,3,,,0
190015019,'1179972',2246,,2996,3,0,12,0
190015019,'1179980',1016,,2997,3,,,0
190015019,'1179982',1716,,2998,3,,,0
190015019,'1179992',1516,,2999,3,,,0
190015019,'1179995',1046,,3000,3,,,0
190015019,'1179999',1216,,3001,3,,,0
190015019,'1180013',1846,,3002,3,,,0
190015019,'1180014',1946,,3003,3,,,0
190015019,'1180015',916,,3004,3,,,0
190015019,'1180016',1946,,3005,3,,,0
190015019,'1180021',2246,,3006,3,0,12,0
190015019,'1180026',1846,,3007,3,,,0
190015019,'1180029',946,,3008,3,,,0
190015019,'1180044',1546,,3009,3,,,0
190015019,'1180045',2146,,3010,3,0,12,0
190015019,'1180058',1316,,3011,3,,,0
190015019,'1180059',1646,,3012,3,,,0
190015019,'1180068',1746,,3013,3,,,0
190015019,'1180070',1546,,3014,3,,,0
190015019,'1180075',846,,3015,3,,,0
190015019,'1180077',1246,,3016,3,,,0
190015019,'1180080',716,,3017,3,,,0
190015019,'1180081',1346,,3018,3,,,0
