140019,'1178969',1328,,2352,22,,,0
140019,'1178977',1528,,2353,22,,,0
140019,'1179164',1628,,2354,22,,,0
140019,'1179344',1428,,2355,22,,,0
140019,'1179352',928,,2356,22,,,0
140019,'1179462',1228,,2357,22,,,0
140019,'1179512',1128,,2358,22,,,0
140019,'1179518',1028,,2359,22,,,0
140019,'1179634',1728,,2360,22,,,0
190013019,'1178916',1628,,2896,26,,,0
190013019,'1178919',1958,,2897,26,,,0
190013019,'1178920',1128,,2898,26,,,0
190013019,'1178929',758,,2899,26,,,0
190013019,'1178930',1658,,2900,26,,,0
190013019,'1178972',1958,,2901,26,,,0
190013019,'1178983',1228,,2902,26,,,0
190013019,'1178994',2158,,2903,26,,,0
190013019,'1178997',1158,,2904,26,,,0
190013019,'1179048',1528,,2905,26,,,0
190013019,'1179062',1558,,2906,26,,,0
190013019,'1179074',1328,,2907,26,,,0
190013019,'1179087',1258,,2908,26,,,0
190013019,'1179104',1028,,2909,26,,,0
190013019,'1179171',1828,,2910,26,0,8 21,0
190013019,'1179187',858,,2911,26,,,0
190013019,'1179202',1058,,2912,26,,,0
190013019,'1179203',958,,2913,26,,,0
190013019,'1179212',1458,,2914,26,,,0
190013019,'1179219',1258,,2915,26,,,0
190013019,'1179243',758,,2916,26,,,0
190013019,'1179287',2158,,2917,26,,,0
190013019,'1179292',1058,,2918,26,,,0
190013019,'1179300',728,,2919,26,,,0
190013019,'1179373',958,,2921,26,,,0
190013019,'1179380',1358,,2922,26,,,0
190013019,'1179402',1358,,2923,26,,,0
190013019,'1179411',1428,,2924,26,,,0
190013019,'1179457',1858,,2925,26,,,0
190013019,'1179504',658,,2926,26,,,0
190013019,'1179507',928,,2927,26,,,0
190013019,'1179509',1158,,2928,26,,,0
190013019,'1179516',1558,,2929,26,,,0
190013019,'1179531',2058,,2930,26,,,0
190013019,'1179537',858,,2931,26,,,0
190013019,'1179539',1758,,2932,26,,,0
190013019,'1179546',658,,2933,26,,,0
190013019,'1179553',1858,,2934,26,,,0
190013019,'1179591',1658,,2936,26,,,0
190013019,'1179611',1728,,2937,26,,,0
190013019,'1179635',1458,,2938,26,,,0
190013019,'1179694',828,,2939,26,,,0
190013019,'1179701',2058,,2940,26,,,0
190013019,'1179717',1758,,2941,26,,,0
