110029,'1178926',1257,,2248,4,,,0
110029,'1179044',857,,2249,4,,,0
110029,'1179118',1057,,2250,4,,,0
110029,'1179173',1157,,2251,4,,,0
110029,'1179459',1657,,2252,4,,,0
110029,'1179534',1357,,2253,4,,,0
110029,'1179542',1557,,2254,4,,,0
110029,'1179690',957,,2255,4,,,0
110029,'1179707',1457,,2256,4,,,0
190011019,'1178945',1547,,2848,4,,,0
190011019,'1178950',747,,2849,28,,,0
190011019,'1178970',1917,,2850,28,,,0
190011019,'1179040',2117,,2852,28,,,0
190011019,'1179064',1047,,2853,4,,,0
190011019,'1179145',917,,2854,28,,,0
190011019,'1179146',1147,,2855,4,,,0
190011019,'1179159',1817,,2856,28,,,0
190011019,'1179163',817,,2858,28,,,0
190011019,'1179248',717,,2859,28,,,0
190011019,'1179252',1817,,2860,28,,,0
190011019,'1179276',2017,,2861,28,,,0
190011019,'1179307',717,,2862,28,,,0
190011019,'1179317',1247,,2863,4,,,0
190011019,'1179332',1117,,2864,29,,,0
190011019,'1179340',917,,2865,28,,,0
190011019,'1179367',1747,,2866,28,,,0
190011019,'1179375',1447,,2867,4,,,0
190011019,'1179393',1647,,2868,4,,,0
190011019,'1179394',2217,,2869,28,,,0
190011019,'1179413',1317,,2871,29,,,0
190011019,'1179424',2217,,2872,28,,,0
190011019,'1179426',1417,,2873,29,,,0
190011019,'1179430',1617,,2874,29,,,0
190011019,'1179437',1117,,2875,29,,,0
190011019,'1179438',1617,,2876,29,,,0
190011019,'1179442',1917,,2877,28,,,0
190011019,'1179477',817,,2878,28,,,0
190011019,'1179521',1417,,2879,29,,,0
190011019,'1179528',1217,,2880,29,,,0
190011019,'1179530',647,,2881,4,,,0
190011019,'1179555',2017,,2882,28,,,0
190011019,'1179572',1217,,2883,29,,,0
190011019,'1179590',1517,,2884,29,,,0
190011019,'1179619',1717,,2885,28,,,0
190011019,'1179642',1017,,2886,28,,,0
190011019,'1179650',1317,,2887,29,,,0
190011019,'1179665',617,,2888,7,,,0
190011019,'1179666',847,,2889,28,,,0
190011019,'1179672',1347,,2890,4,,,0
190011019,'1179677',2117,,2891,28,,,0
190011019,'1179678',947,,2892,28,,,0
190011019,'1179688',1717,,2893,28,,,0
190011019,'1179700',1517,,2894,29,,,0
190011019,'1179709',1017,,2895,28,,,0
