140019,'1178969',1324,,2352,13,,,0
140019,'1178977',1524,,2353,13,,,0
140019,'1179164',1624,,2354,13,,,0
140019,'1179344',1424,,2355,13,,,0
140019,'1179352',924,,2356,13,,,0
140019,'1179462',1224,,2357,13,,,0
140019,'1179512',1124,,2358,13,,,0
140019,'1179518',1024,,2359,13,,,0
140019,'1179634',1724,,2360,13,,,0
190011019,'1178950',723,,2849,14,,,0
190011019,'1178970',1853,,2850,14,,,0
190011019,'1179009',1823,,2851,14,0,8 21,0
190011019,'1179040',2053,,2852,14,,,0
190011019,'1179145',853,,2854,14,,,0
190011019,'1179159',1753,,2856,14,,,0
190011019,'1179162',2248,,2857,14,0,12,0
190011019,'1179163',753,,2858,14,,,0
190011019,'1179248',653,,2859,14,,,0
190011019,'1179252',1753,,2860,14,,,0
190011019,'1179276',1953,,2861,14,,,0
190011019,'1179307',653,,2862,14,,,0
190011019,'1179332',1053,,2864,14,,,0
190011019,'1179340',853,,2865,14,,,0
190011019,'1179367',1723,,2866,14,,,0
190011019,'1179394',2153,,2869,14,,,0
190011019,'1179412',2248,,2870,14,0,12,0
190011019,'1179413',1253,,2871,14,,,0
190011019,'1179424',2153,,2872,14,,,0
190011019,'1179426',1353,,2873,14,,,0
190011019,'1179430',1553,,2874,14,,,0
190011019,'1179437',1053,,2875,14,,,0
190011019,'1179438',1553,,2876,14,,,0
190011019,'1179442',1853,,2877,14,,,0
190011019,'1179477',753,,2878,14,,,0
190011019,'1179521',1353,,2879,14,,,0
190011019,'1179528',1153,,2880,14,,,0
190011019,'1179555',1953,,2882,14,,,0
190011019,'1179572',1153,,2883,14,,,0
190011019,'1179590',1453,,2884,14,,,0
190011019,'1179619',1653,,2885,14,,,0
190011019,'1179642',953,,2886,14,,,0
190011019,'1179650',1253,,2887,14,,,0
190011019,'1179666',823,,2889,14,,,0
190011019,'1179677',2053,,2891,14,,,0
190011019,'1179678',923,,2892,14,,,0
190011019,'1179688',1653,,2893,14,,,0
190011019,'1179700',1453,,2894,14,,,0
190011019,'1179709',953,,2895,14,,,0
