160029,'1178957',911,,2424,27,,,0
160029,'1179098',1411,,2425,27,,,0
160029,'1179137',1611,,2426,27,,,0
160029,'1179301',1211,,2427,27,,,0
160029,'1179398',1311,,2428,27,,,0
160029,'1179410',1711,,2429,27,,,0
160029,'1179543',1111,,2430,27,,,0
160029,'1179558',1011,,2431,27,,,0
160029,'1179623',1511,,2432,27,,,0
216019,'1178924',802,,2470,29,,,0
216019,'1178948',632,,2471,29,,,0
216019,'1178963',2132,,2472,29,,,0
216019,'1178968',1232,,2473,29,,,0
216019,'1179019',1802,,2474,29,,,0
216019,'1179021',1602,,2475,29,,,0
216019,'1179029',1432,,2476,29,,,0
216019,'1179050',1532,,2477,29,,,0
216019,'1179070',1432,,2478,29,,,0
216019,'1179075',1832,,2479,29,,,0
216019,'1179116',734,,2480,30,,,0
216019,'1179123',1332,,2481,29,,,0
216019,'1179160',1734,,2482,30,,,0
216019,'1179179',2032,,2483,29,,,0
216019,'1179181',1132,,2484,29,,,0
216019,'1179199',932,,2485,29,,,0
216019,'1179206',1532,,2486,29,,,0
216019,'1179328',1032,,2487,29,,,0
216019,'1179338',1232,,2488,29,,,0
216019,'1179345',832,,2489,29,,,0
216019,'1179368',1704,,2490,30,,,0
216019,'1179369',1032,,2491,29,,,0
216019,'1179374',1634,,2492,30,,,0
216019,'1179421',1832,,2493,29,,,0
216019,'1179431',1132,,2494,29,,,0
216019,'1179458',1932,,2495,29,,,0
216019,'1179488',732,,2496,29,,,0
216019,'1179523',1332,,2497,29,,,0
216019,'1179574',2032,,2498,29,,,0
216019,'1179582',1932,,2499,29,,,0
216019,'1179605',902,,2500,29,,,0
216019,'1179647',1732,,2501,29,,,0
216019,'1179669',832,,2502,29,,,0
216019,'1179695',2132,,2503,29,,,0
216019,'1179712',704,,2504,30,,,0
216019,'1179714',932,,2505,29,,,0
216019,'1179719',1632,,2506,29,,,0
