116019,'1178927',1045,,2202,13,,,0
116019,'1178944',1445,,2203,13,,,0
116019,'1178984',2045,,2204,13,,,0
116019,'1178985',1545,,2205,13,,,0
116019,'1178993',1715,,2206,13,,,0
116019,'1179002',2045,,2207,13,,,0
116019,'1179004',845,,2208,13,,,0
116019,'1179020',1645,,2209,13,,,0
116019,'1179022',1645,,2210,13,,,0
116019,'1179025',1345,,2211,13,,,0
116019,'1179035',945,,2212,13,,,0
116019,'1179036',715,,2213,13,,,0
116019,'1179045',1945,,2214,13,,,0
116019,'1179090',2145,,2215,13,,,0
116019,'1179113',745,,2216,13,,,0
116019,'1179119',645,,2217,13,,,0
116019,'1179186',2145,,2218,13,,,0
116019,'1179192',1845,,2219,13,,,0
116019,'1179204',1845,,2220,13,,,0
116019,'1179214',915,,2221,13,,,0
116019,'1179218',1945,,2222,13,,,0
116019,'1179231',1345,,2223,13,,,0
116019,'1179239',845,,2224,13,,,0
116019,'1179249',1445,,2225,13,,,0
116019,'1179326',1145,,2226,13,,,0
116019,'1179334',1245,,2227,13,,,0
116019,'1179487',1745,,2228,13,,,0
116019,'1179497',1245,,2229,13,,,0
116019,'1179505',1615,,2230,13,,,0
116019,'1179506',1145,,2231,13,,,0
116019,'1179514',1815,,2232,13,,,0
116019,'1179540',1545,,2233,13,,,0
116019,'1179564',1045,,2234,13,,,0
116019,'1179589',945,,2235,13,,,0
116019,'1179630',1745,,2236,13,,,0
116019,'1179645',745,,2237,13,,,0
116019,'1179711',815,,2238,13,,,0
140010019,'1175755',851,,1743,19,,,0
140010019,'1175787',1751,,1744,19,,,0
140010019,'1175798',1751,,1745,19,,,0
140010019,'1175806',1121,,1746,19,0,8 21,0
140010019,'1175825',1551,,1748,19,,,0
140010019,'1175826',1251,,1749,19,,,0
140010019,'1175836',1721,,1750,19,,,0
140010019,'1175840',1951,,1751,19,,,0
140010019,'1175865',1021,,1752,19,0,8 21,0
140010019,'1175890',1951,,1753,19,,,0
140010019,'1175905',2051,,1754,19,,,0
140010019,'1175937',1351,,1755,19,,,0
140010019,'1175943',1651,,1756,19,,,0
140010019,'1175962',2251,,1757,19,0,8 21,0
140010019,'1175995',1051,,1758,19,,,0
140010019,'1176008',721,,1759,19,,,0
140010019,'1176017',751,,1760,19,,,0
140010019,'1176075',1651,,1761,19,,,0
140010019,'1176104',2151,,1762,19,,,0
140010019,'1176141',1251,,1763,19,,,0
140010019,'1176158',1451,,1764,19,,,0
140010019,'1176181',921,,1765,19,0,8 21,0
140010019,'1176198',951,,1766,19,,,0
140010019,'1176208',2151,,1767,19,,,0
140010019,'1176215',1851,,1768,19,,,0
140010019,'1176225',1321,,1769,19,0,8 21,0
140010019,'1176249',1051,,1770,19,,,0
140010019,'1176269',2051,,1771,19,,,0
140010019,'1176278',2251,,1772,19,0,8 21,0
140010019,'1176300',1521,,1773,19,0,8 21,0
140010019,'1176311',951,,1774,19,,,0
140010019,'1176346',821,,1775,19,,,0
140010019,'1176365',851,,1776,19,,,0
140010019,'1176376',1551,,1777,19,,,0
140010019,'1176382',1151,,1778,19,,,0
140010019,'1176449',651,,1779,19,,,0
140010019,'1176452',1221,,1780,19,0,8 21,0
140010019,'1176545',751,,1781,19,,,0
140010019,'1176551',1351,,1782,19,,,0
140010019,'1176579',1621,,1783,19,,,0
140010019,'1176580',1151,,1784,19,,,0
140010019,'1176607',1851,,1785,19,,,0
140010019,'1176612',1821,,1786,19,0,8 21,0
140010019,'1176628',1421,,1787,19,0,8 21,0
140010019,'1176653',1451,,1788,19,,,0
