116019,'1179803',1047,,2279,15,,,0
116019,'1179806',2147,,2280,15,,,0
116019,'1179811',1947,,2281,15,,,0
116019,'1179814',817,,2282,15,,,0
116019,'1179815',2147,,2283,15,,,0
116019,'1179816',2047,,2284,15,,,0
116019,'1179818',747,,2285,15,,,0
116019,'1179820',1617,,2286,15,,,0
116019,'1179826',747,,2287,15,,,0
116019,'1179838',847,,2288,15,,,0
116019,'1179860',1717,,2289,15,,,0
116019,'1179861',1647,,2290,15,,,0
116019,'1179871',1847,,2291,15,,,0
116019,'1179879',717,,2292,15,,,0
116019,'1179890',1847,,2293,15,,,0
116019,'1179910',1747,,2294,15,,,0
116019,'1179933',1447,,2295,15,,,0
116019,'1179936',1247,,2296,15,,,0
116019,'1179944',1547,,2297,15,,,0
116019,'1179946',1817,,2298,15,,,0
116019,'1179950',1547,,2299,15,,,0
116019,'1179954',947,,2300,15,,,0
116019,'1179959',2047,,2301,15,,,0
116019,'1179965',1647,,2302,15,,,0
116019,'1179966',847,,2303,15,,,0
116019,'1179975',1047,,2304,15,,,0
116019,'1179985',1747,,2305,15,,,0
116019,'1180003',1347,,2306,15,,,0
116019,'1180007',1147,,2307,15,,,0
116019,'1180008',1347,,2308,15,,,0
116019,'1180010',647,,2309,15,,,0
116019,'1180011',1947,,2310,15,,,0
116019,'1180027',917,,2311,15,,,0
116019,'1180032',1447,,2312,15,,,0
116019,'1180034',1147,,2313,15,,,0
116019,'1180036',947,,2314,15,,,0
116019,'1180063',1247,,2315,15,,,0
160019,'1179817',1039,,2415,15,,,0
160019,'1179829',1339,,2416,15,,,0
160019,'1179855',1539,,2417,15,,,0
160019,'1179873',1139,,2418,15,,,0
160019,'1179921',1739,,2419,15,,,0
160019,'1179929',1639,,2420,15,,,0
160019,'1180025',1439,,2421,15,,,0
160019,'1180042',939,,2422,15,,,0
160019,'1180067',1239,,2423,15,,,0
