160029,'1178957',907,,2424,19,,,0
160029,'1179098',1407,,2425,19,,,0
160029,'1179137',1607,,2426,19,,,0
160029,'1179301',1207,,2427,19,,,0
160029,'1179398',1307,,2428,19,,,0
160029,'1179410',1707,,2429,19,,,0
160029,'1179543',1107,,2430,19,,,0
160029,'1179558',1007,,2431,19,,,0
160029,'1179623',1507,,2432,19,,,0
216019,'1178924',758,,2470,21,,,0
216019,'1178948',628,,2471,21,,,0
216019,'1178963',2128,,2472,21,,,0
216019,'1178968',1228,,2473,21,,,0
216019,'1179019',1758,,2474,21,,,0
216019,'1179021',1558,,2475,21,,,0
216019,'1179029',1428,,2476,21,,,0
216019,'1179050',1528,,2477,21,,,0
216019,'1179070',1428,,2478,21,,,0
216019,'1179075',1828,,2479,21,,,0
216019,'1179116',731,,2480,22,,,0
216019,'1179123',1328,,2481,21,,,0
216019,'1179160',1731,,2482,22,,,0
216019,'1179179',2028,,2483,21,,,0
216019,'1179181',1128,,2484,21,,,0
216019,'1179199',928,,2485,21,,,0
216019,'1179206',1528,,2486,21,,,0
216019,'1179328',1028,,2487,21,,,0
216019,'1179338',1228,,2488,21,,,0
216019,'1179345',828,,2489,21,,,0
216019,'1179368',1701,,2490,22,,,0
216019,'1179369',1028,,2491,21,,,0
216019,'1179374',1631,,2492,22,,,0
216019,'1179421',1828,,2493,21,,,0
216019,'1179431',1128,,2494,21,,,0
216019,'1179458',1928,,2495,21,,,0
216019,'1179488',728,,2496,21,,,0
216019,'1179523',1328,,2497,21,,,0
216019,'1179574',2028,,2498,21,,,0
216019,'1179582',1928,,2499,21,,,0
216019,'1179605',858,,2500,21,,,0
216019,'1179647',1728,,2501,21,,,0
216019,'1179669',828,,2502,21,,,0
216019,'1179695',2128,,2503,21,,,0
216019,'1179712',701,,2504,22,,,0
216019,'1179714',928,,2505,21,,,0
216019,'1179719',1628,,2506,21,,,0
