120019,'1178966',1350,,2316,34,,,0
120019,'1178998',1550,,2317,34,,,0
120019,'1179031',1650,,2318,34,,,0
120019,'1179149',1450,,2319,34,,,0
120019,'1179182',1150,,2320,34,,,0
120019,'1179282',950,,2321,34,,,0
120019,'1179296',1803,,2322,34,,,0
120019,'1179596',1050,,2323,34,,,0
120019,'1179628',1250,,2324,34,,,0
140016019,'1179063',725,,2776,15,,,0
140016019,'1179792',925,,2805,35,,,0
140016019,'1179800',1725,,2806,35,,,0
140016019,'1179808',1925,,2807,35,,,0
140016019,'1179822',1555,,2808,35,,,0
140016019,'1179827',855,,2809,35,,,0
140016019,'1179831',1625,,2810,35,,,0
140016019,'1179835',2225,,2811,35,,,0
140016019,'1179868',1655,,2815,35,,,0
140016019,'1179875',1125,,2816,35,,,0
140016019,'1179886',1425,,2818,35,,,0
140016019,'1179907',1725,,2821,35,,,0
140016019,'1179913',1755,,2822,35,,,0
140016019,'1179926',1325,,2823,35,,,0
140016019,'1179938',1525,,2824,35,,,0
140016019,'1179943',2125,,2825,35,,,0
140016019,'1179945',825,,2826,35,,,0
140016019,'1179958',1425,,2827,35,,,0
140016019,'1179963',1825,,2828,35,,,0
140016019,'1179974',1025,,2829,35,,,0
140016019,'1179976',725,,2830,35,,,0
140016019,'1179989',925,,2831,35,,,0
140016019,'1179991',1525,,2832,35,,,0
140016019,'1179997',1625,,2833,35,,,0
140016019,'1180006',1025,,2834,35,,,0
140016019,'1180012',1925,,2835,35,,,0
140016019,'1180018',1125,,2836,35,,,0
140016019,'1180019',2225,,2837,35,,,0
140016019,'1180020',2025,,2838,35,,,0
140016019,'1180023',1325,,2839,35,,,0
140016019,'1180024',755,,2840,35,,,0
140016019,'1180028',825,,2841,35,,,0
140016019,'1180031',2025,,2842,35,,,0
140016019,'1180048',2125,,2843,35,,,0
140016019,'1180057',1825,,2844,35,,,0
140016019,'1180072',1225,,2846,35,,,0
140016019,'1180078',1225,,2847,35,,,0
