160029,'1178957',910,,2424,26,,,0
160029,'1179098',1410,,2425,26,,,0
160029,'1179137',1610,,2426,26,,,0
160029,'1179301',1210,,2427,26,,,0
160029,'1179398',1310,,2428,26,,,0
160029,'1179410',1710,,2429,26,,,0
160029,'1179543',1110,,2430,26,,,0
160029,'1179558',1010,,2431,26,,,0
160029,'1179623',1510,,2432,26,,,0
216019,'1178924',801,,2470,28,,,0
216019,'1178948',631,,2471,28,,,0
216019,'1178963',2131,,2472,28,,,0
216019,'1178968',1231,,2473,28,,,0
216019,'1179019',1801,,2474,28,,,0
216019,'1179021',1601,,2475,28,,,0
216019,'1179029',1431,,2476,28,,,0
216019,'1179050',1531,,2477,28,,,0
216019,'1179070',1431,,2478,28,,,0
216019,'1179075',1831,,2479,28,,,0
216019,'1179116',734,,2480,29,,,0
216019,'1179123',1331,,2481,28,,,0
216019,'1179160',1734,,2482,29,,,0
216019,'1179179',2031,,2483,28,,,0
216019,'1179181',1131,,2484,28,,,0
216019,'1179199',931,,2485,28,,,0
216019,'1179206',1531,,2486,28,,,0
216019,'1179328',1031,,2487,28,,,0
216019,'1179338',1231,,2488,28,,,0
216019,'1179345',831,,2489,28,,,0
216019,'1179368',1704,,2490,29,,,0
216019,'1179369',1031,,2491,28,,,0
216019,'1179374',1634,,2492,29,,,0
216019,'1179421',1831,,2493,28,,,0
216019,'1179431',1131,,2494,28,,,0
216019,'1179458',1931,,2495,28,,,0
216019,'1179488',731,,2496,28,,,0
216019,'1179523',1331,,2497,28,,,0
216019,'1179574',2031,,2498,28,,,0
216019,'1179582',1931,,2499,28,,,0
216019,'1179605',901,,2500,28,,,0
216019,'1179647',1731,,2501,28,,,0
216019,'1179669',831,,2502,28,,,0
216019,'1179695',2131,,2503,28,,,0
216019,'1179712',704,,2504,29,,,0
216019,'1179714',931,,2505,28,,,0
216019,'1179719',1631,,2506,28,,,0
