110019,'1178947',940,,2239,15,,,0
110019,'1178964',1440,,2240,15,,,0
110019,'1178973',1740,,2241,15,,,0
110019,'1179028',1540,,2242,15,,,0
110019,'1179105',1640,,2243,15,,,0
110019,'1179114',1040,,2244,15,,,0
110019,'1179176',1240,,2245,15,,,0
110019,'1179184',1340,,2246,15,,,0
110019,'1179290',1140,,2247,15,,,0
140010019,'1178914',1121,,2633,17,0,8 21,0
140010019,'1178921',1451,,2634,17,,,0
140010019,'1178922',950,,2635,17,,,0
140010019,'1178936',721,,2636,17,,,0
140010019,'1178946',2251,,2637,17,0,8 21,0
140010019,'1178979',1050,,2638,17,,,0
140010019,'1179012',750,,2639,17,,,0
140010019,'1179037',1951,,2640,17,,,0
140010019,'1179103',1550,,2641,17,,,0
140010019,'1179122',1321,,2642,17,0,8 21,0
140010019,'1179131',1151,,2643,17,,,0
140010019,'1179140',2151,,2644,17,,,0
140010019,'1179147',921,,2645,17,0,8 21,0
140010019,'1179157',651,,2646,17,,,0
140010019,'1179167',1051,,2647,17,,,0
140010019,'1179178',1750,,2648,17,,,0
140010019,'1179180',2150,,2649,17,,,0
140010019,'1179188',1450,,2650,17,,,0
140010019,'1179217',1950,,2651,17,,,0
140010019,'1179232',1521,,2652,17,0,8 21,0
140010019,'1179251',1621,,2653,17,,,0
140010019,'1179253',821,,2654,17,,,0
140010019,'1179268',1721,,2655,17,,,0
140010019,'1179270',1650,,2656,17,,,0
140010019,'1179336',851,,2658,17,,,0
140010019,'1179347',751,,2659,17,,,0
140010019,'1179361',2051,,2660,17,,,0
140010019,'1179396',2050,,2661,17,,,0
140010019,'1179408',2250,,2662,17,0,8 21,0
140010019,'1179415',1150,,2663,17,,,0
140010019,'1179445',1351,,2664,17,,,0
140010019,'1179452',1751,,2665,17,,,0
140010019,'1179453',1350,,2666,17,,,0
140010019,'1179479',1251,,2667,17,,,0
140010019,'1179483',1221,,2668,17,0,8 21,0
140010019,'1179494',1651,,2669,17,,,0
140010019,'1179496',1551,,2670,17,,,0
140010019,'1179498',1421,,2671,17,0,8 21,0
140010019,'1179544',1851,,2672,17,,,0
140010019,'1179548',1021,,2673,17,0,8 21,0
140010019,'1179613',1850,,2674,17,,,0
140010019,'1179620',850,,2675,17,,,0
140010019,'1179629',1821,,2676,17,0,8 21,0
140010019,'1179659',1250,,2677,17,,,0
140010019,'1179692',951,,2678,17,,,0
