116019,'1178992',739,,2257,3,,,0
116019,'1179088',639,,2258,3,,,0
116019,'1179141',1439,,2259,3,,,0
116019,'1179172',1139,,2260,3,,,0
116019,'1179177',839,,2261,3,,,0
116019,'1179190',1609,,2262,3,,,0
116019,'1179215',1039,,2263,3,,,0
116019,'1179228',809,,2264,3,,,0
116019,'1179247',939,,2265,3,,,0
116019,'1179275',1539,,2266,3,,,0
116019,'1179278',1239,,2267,3,,,0
116019,'1179313',1739,,2268,3,,,0
116019,'1179314',2039,,2269,3,,,0
116019,'1179339',709,,2270,3,,,0
116019,'1179343',1939,,2271,3,,,0
116019,'1179381',1839,,2272,3,,,0
116019,'1179418',1639,,2273,3,,,0
116019,'1179432',1709,,2274,3,,,0
116019,'1179439',1339,,2275,3,,,0
116019,'1179515',909,,2276,3,,,0
116019,'1179606',1809,,2277,3,,,0
116019,'1179706',2139,,2278,3,,,0
116019,'1179803',1039,,2279,3,,,0
116019,'1179806',2139,,2280,3,,,0
116019,'1179811',1939,,2281,3,,,0
116019,'1179814',809,,2282,3,,,0
116019,'1179815',2139,,2283,3,,,0
116019,'1179816',2039,,2284,3,,,0
116019,'1179818',739,,2285,3,,,0
116019,'1179820',1609,,2286,3,,,0
116019,'1179826',739,,2287,3,,,0
116019,'1179838',839,,2288,3,,,0
116019,'1179860',1709,,2289,3,,,0
116019,'1179861',1639,,2290,3,,,0
116019,'1179871',1839,,2291,3,,,0
116019,'1179879',709,,2292,3,,,0
116019,'1179890',1839,,2293,3,,,0
116019,'1179910',1739,,2294,3,,,0
116019,'1179933',1439,,2295,3,,,0
116019,'1179936',1239,,2296,3,,,0
116019,'1179944',1539,,2297,3,,,0
116019,'1179946',1809,,2298,3,,,0
116019,'1179950',1539,,2299,3,,,0
116019,'1179954',939,,2300,3,,,0
116019,'1179959',2039,,2301,3,,,0
116019,'1179965',1639,,2302,3,,,0
116019,'1179966',839,,2303,3,,,0
116019,'1179975',1039,,2304,3,,,0
116019,'1179985',1739,,2305,3,,,0
116019,'1180003',1339,,2306,3,,,0
116019,'1180007',1139,,2307,3,,,0
116019,'1180008',1339,,2308,3,,,0
116019,'1180010',639,,2309,3,,,0
116019,'1180011',1939,,2310,3,,,0
116019,'1180027',909,,2311,3,,,0
116019,'1180032',1439,,2312,3,,,0
116019,'1180034',1139,,2313,3,,,0
116019,'1180036',939,,2314,3,,,0
116019,'1180063',1239,,2315,3,,,0
160019,'1178943',1530,,2406,3,,,0
160019,'1178949',930,,2407,3,,,0
160019,'1178951',1330,,2408,3,,,0
160019,'1179047',1430,,2409,3,,,0
160019,'1179060',1730,,2410,3,,,0
160019,'1179205',1130,,2411,3,,,0
160019,'1179319',1230,,2412,3,,,0
160019,'1179451',1630,,2413,3,,,0
160019,'1179697',1030,,2414,3,,,0
160019,'1179817',1030,,2415,3,,,0
160019,'1179829',1330,,2416,3,,,0
160019,'1179855',1530,,2417,3,,,0
160019,'1179873',1130,,2418,3,,,0
160019,'1179921',1730,,2419,3,,,0
160019,'1179929',1630,,2420,3,,,0
160019,'1180025',1430,,2421,3,,,0
160019,'1180042',930,,2422,3,,,0
160019,'1180067',1230,,2423,3,,,0
