130019,'1179053',1729,,2334,11,,,0
130019,'1179067',1329,,2335,11,,,0
130019,'1179069',1029,,2336,11,,,0
130019,'1179093',1129,,2337,11,,,0
130019,'1179108',1229,,2338,11,,,0
130019,'1179294',1529,,2339,11,,,0
130019,'1179386',1629,,2340,11,,,0
130019,'1179541',929,,2341,11,,,0
130019,'1179675',1429,,2342,11,,,0
140012019,'1178913',1153,,2679,11,,,0
140012019,'1178923',1153,,2680,11,,,0
140012019,'1178934',953,,2681,11,,,0
140012019,'1178935',753,,2682,11,,,0
140012019,'1178953',853,,2683,11,,,0
140012019,'1178981',653,,2684,11,,,0
140012019,'1178986',1423,,2685,11,,,0
140012019,'1179006',1323,,2686,11,,,0
140012019,'1179011',723,,2687,11,,,0
140012019,'1179015',1853,,2688,11,,,0
140012019,'1179046',853,,2689,11,,,0
140012019,'1179102',1553,,2690,11,,,0
140012019,'1179154',1353,,2691,11,,,0
140012019,'1179183',1953,,2692,11,,,0
140012019,'1179185',923,,2693,11,,,0
140012019,'1179216',2253,,2694,11,0,8 21,0
140012019,'1179230',953,,2695,11,,,0
140012019,'1179233',1553,,2696,11,,,0
140012019,'1179236',753,,2697,11,,,0
140012019,'1179238',1453,,2698,11,,,0
140012019,'1179244',2053,,2699,11,,,0
140012019,'1179245',1853,,2700,11,,,0
140012019,'1179255',1823,,2702,11,0,8 21,0
140012019,'1179261',1053,,2703,11,,,0
140012019,'1179316',1953,,2704,11,,,0
140012019,'1179325',823,,2705,11,,,0
140012019,'1179348',1253,,2706,11,,,0
140012019,'1179359',1723,,2707,11,,,0
140012019,'1179372',2153,,2708,11,,,0
140012019,'1179387',1253,,2709,11,,,0
140012019,'1179399',1123,,2710,11,,,0
140012019,'1179425',2053,,2711,11,,,0
140012019,'1179444',1623,,2712,11,,,0
140012019,'1179495',1353,,2713,11,,,0
140012019,'1179499',1523,,2714,11,,,0
140012019,'1179510',1653,,2715,11,,,0
140012019,'1179511',2153,,2716,11,,,0
140012019,'1179526',1753,,2717,11,,,0
140012019,'1179556',1053,,2718,11,,,0
140012019,'1179567',1223,,2719,11,,,0
140012019,'1179578',2253,,2720,11,0,8 21,0
140012019,'1179644',1753,,2721,11,,,0
140012019,'1179693',1023,,2722,11,,,0
140012019,'1179704',1453,,2723,11,,,0
140012019,'1179715',1653,,2724,11,,,0
