130029,'1178925',1511,,2343,24,,,0
130029,'1178989',1411,,2344,24,,,0
130029,'1179023',1611,,2345,24,,,0
130029,'1179120',1711,,2346,24,,,0
130029,'1179168',1311,,2347,24,,,0
130029,'1179423',911,,2348,24,,,0
130029,'1179469',1211,,2349,24,,,0
130029,'1179639',1011,,2350,24,,,0
130029,'1179657',1111,,2351,24,,,0
150029,'1179828',1029,,2397,34,,,0
150029,'1179915',1229,,2398,34,,,0
150029,'1179932',929,,2399,34,,,0
150029,'1179948',1529,,2400,34,,,0
150029,'1179983',1329,,2401,34,,,0
150029,'1180009',1129,,2402,34,,,0
150029,'1180017',1729,,2403,34,,,0
150029,'1180040',1629,,2404,34,,,0
150029,'1180079',1429,,2405,34,,,0
300019,'1179789',709,,2559,17,0,23 24 2 25,0
300019,'1179794',1939,,2560,18,0,23 24 2 25,0
300019,'1179795',1039,,2561,18,0,23 24 2 25,0
300019,'1179797',1739,,2562,18,0,23 24 2 25,0
300019,'1179805',939,,2565,18,0,23 24 2 25,0
300019,'1179809',1139,,2566,18,0,23 24 2 25,0
300019,'1179830',839,,2568,18,0,23 24 2 25,0
300019,'1179844',1739,,2573,18,0,23 24 2 25,0
300019,'1179848',2039,,2574,18,0,23 24 2 25,0
300019,'1179851',2039,,2576,18,0,23 24 2 25,0
300019,'1179853',1239,,2578,18,0,23 24 2 25,0
300019,'1179857',1809,,2580,18,0,23 24 2 25,0
300019,'1179864',1439,,2582,18,0,23 24 2 25,0
300019,'1179878',1839,,2585,18,0,23 24 2 25,0
300019,'1179880',939,,2586,18,0,23 24 2 25,0
300019,'1179883',1939,,2588,18,0,23 24 2 25,0
300019,'1179889',1009,,2589,18,0,23 24 2 25,0
300019,'1179892',1239,,2590,18,0,23 24 2 25,0
300019,'1179900',1709,,2592,18,0,23 24 2 25,0
300019,'1179902',1539,,2593,18,0,23 24 2 25,0
300019,'1179916',1039,,2597,18,0,23 24 2 25,0
300019,'1179927',1839,,2599,18,0,23 24 2 25,0
300019,'1179928',809,,2600,18,0,23 24 2 25,0
300019,'1179937',2139,,2601,18,0,23 24 2 25,0
300019,'1179956',739,,2604,17,0,23 24 2 25,0
300019,'1179962',1539,,2606,18,0,23 24 2 25,0
300019,'1179964',1339,,2607,18,0,23 24 2 25,0
300019,'1179969',2139,,2609,18,0,23 24 2 25,0
300019,'1179990',1439,,2613,18,0,23 24 2 25,0
300019,'1179993',1639,,2614,18,0,23 24 2 25,0
300019,'1180030',739,,2619,18,0,23 24 2 25,0
300019,'1180038',1339,,2622,18,0,23 24 2 25,0
300019,'1180039',1609,,2623,18,0,23 24 2 25,0
300019,'1180051',1139,,2627,18,0,23 24 2 25,0
300019,'1180066',909,,2630,18,0,23 24 2 25,0
300019,'1180071',839,,2631,18,0,23 24 2 25,0
300019,'1180073',1639,,2632,18,0,23 24 2 25,0
140014019,'1178954',1551,,2725,11,,,0
140014019,'1178955',1121,,2726,11,,,0
140014019,'1178974',951,,2727,11,,,0
140014019,'1179007',1751,,2728,11,,,0
140014019,'1179027',1451,,2729,11,,,0
140014019,'1179052',751,,2730,11,,,0
140014019,'1179079',721,,2731,11,,,0
140014019,'1179080',1451,,2732,11,,,0
140014019,'1179082',821,,2733,11,,,0
140014019,'1179084',651,,2734,11,,,0
140014019,'1179111',2151,,2735,11,,,0
140014019,'1179143',751,,2736,11,,,0
140014019,'1179200',1221,,2737,11,,,0
140014019,'1179207',1721,,2738,11,,,0
140014019,'1179221',1351,,2739,11,,,0
140014019,'1179271',1151,,2740,11,,,0
140014019,'1179298',1651,,2741,11,,,0
140014019,'1179320',1421,,2742,11,,,0
140014019,'1179323',951,,2743,11,,,0
140014019,'1179350',851,,2745,11,,,0
140014019,'1179353',1751,,2746,11,,,0
140014019,'1179366',1951,,2747,11,,,0
140014019,'1179392',1551,,2748,11,,,0
140014019,'1179403',1851,,2749,11,,,0
140014019,'1179433',1351,,2751,11,,,0
140014019,'1179443',921,,2752,11,,,0
140014019,'1179446',1151,,2753,11,,,0
140014019,'1179449',1021,,2754,11,,,0
140014019,'1179493',1051,,2755,11,,,0
140014019,'1179524',1651,,2757,11,,,0
140014019,'1179535',1321,,2758,11,,,0
140014019,'1179547',1251,,2759,11,,,0
140014019,'1179557',1821,,2761,11,0,8 21,0
140014019,'1179561',1521,,2762,11,,,0
140014019,'1179577',1251,,2763,11,,,0
140014019,'1179598',2051,,2764,11,,,0
140014019,'1179600',2151,,2765,11,,,0
140014019,'1179608',1851,,2766,11,,,0
140014019,'1179636',1621,,2767,11,,,0
140014019,'1179638',851,,2768,11,,,0
140014019,'1179648',1951,,2769,11,,,0
140014019,'1179654',2051,,2770,11,,,0
140014019,'1179662',1051,,2771,11,,,0
190013019,'1178916',1702,,2896,56,,,0
190013019,'1178919',2032,,2897,56,,,0
190013019,'1178920',1202,,2898,56,,,0
190013019,'1178929',832,,2899,56,,,0
190013019,'1178930',1732,,2900,56,,,0
190013019,'1178972',2032,,2901,56,,,0
190013019,'1178983',1302,,2902,56,,,0
190013019,'1178994',2232,,2903,56,,,0
190013019,'1178997',1232,,2904,56,,,0
190013019,'1179048',1602,,2905,56,,,0
190013019,'1179062',1632,,2906,56,,,0
190013019,'1179074',1402,,2907,56,,,0
190013019,'1179087',1332,,2908,56,,,0
190013019,'1179104',1102,,2909,56,,,0
190013019,'1179187',932,,2911,56,,,0
190013019,'1179202',1132,,2912,56,,,0
190013019,'1179203',1032,,2913,56,,,0
190013019,'1179212',1532,,2914,56,,,0
190013019,'1179219',1332,,2915,56,,,0
190013019,'1179243',832,,2916,56,,,0
190013019,'1179287',2232,,2917,56,,,0
190013019,'1179292',1132,,2918,56,,,0
190013019,'1179300',802,,2919,56,,,0
190013019,'1179354',632,,2920,24,,,0
190013019,'1179373',1032,,2921,56,,,0
190013019,'1179380',1432,,2922,56,,,0
190013019,'1179402',1432,,2923,56,,,0
190013019,'1179411',1502,,2924,56,,,0
190013019,'1179457',1932,,2925,56,,,0
190013019,'1179504',732,,2926,56,,,0
190013019,'1179507',1002,,2927,56,,,0
190013019,'1179509',1232,,2928,56,,,0
190013019,'1179516',1632,,2929,56,,,0
190013019,'1179531',2132,,2930,56,,,0
190013019,'1179537',932,,2931,56,,,0
190013019,'1179539',1832,,2932,56,,,0
190013019,'1179546',732,,2933,56,,,0
190013019,'1179553',1932,,2934,56,,,0
190013019,'1179581',702,,2935,24,,,0
190013019,'1179591',1732,,2936,56,,,0
190013019,'1179611',1802,,2937,56,,,0
190013019,'1179635',1532,,2938,56,,,0
190013019,'1179694',902,,2939,56,,,0
190013019,'1179701',2132,,2940,56,,,0
190013019,'1179717',1832,,2941,56,,,0
