120019,'1178966',1333,,2316,17,,,0
120019,'1178998',1533,,2317,17,,,0
120019,'1179031',1633,,2318,17,,,0
120019,'1179149',1433,,2319,17,,,0
120019,'1179182',1133,,2320,17,,,0
120019,'1179282',933,,2321,17,,,0
120019,'1179296',1733,,2322,17,,,0
120019,'1179596',1033,,2323,17,,,0
120019,'1179628',1233,,2324,17,,,0
190013019,'1178916',1622,,2896,17,,,0
190013019,'1178919',1952,,2897,17,,,0
190013019,'1178920',1122,,2898,17,,,0
190013019,'1178929',752,,2899,17,,,0
190013019,'1178930',1652,,2900,17,,,0
190013019,'1178972',1952,,2901,17,,,0
190013019,'1178983',1222,,2902,17,,,0
190013019,'1178994',2152,,2903,17,,,0
190013019,'1178997',1152,,2904,17,,,0
190013019,'1179048',1522,,2905,17,,,0
190013019,'1179062',1552,,2906,17,,,0
190013019,'1179074',1322,,2907,17,,,0
190013019,'1179087',1252,,2908,17,,,0
190013019,'1179104',1022,,2909,17,,,0
190013019,'1179171',1822,,2910,17,0,8 21,0
190013019,'1179187',852,,2911,17,,,0
190013019,'1179202',1052,,2912,17,,,0
190013019,'1179203',952,,2913,17,,,0
190013019,'1179212',1452,,2914,17,,,0
190013019,'1179219',1252,,2915,17,,,0
190013019,'1179243',752,,2916,17,,,0
190013019,'1179287',2152,,2917,17,,,0
190013019,'1179292',1052,,2918,17,,,0
190013019,'1179300',722,,2919,17,,,0
190013019,'1179373',952,,2921,17,,,0
190013019,'1179380',1352,,2922,17,,,0
190013019,'1179402',1352,,2923,17,,,0
190013019,'1179411',1422,,2924,17,,,0
190013019,'1179457',1852,,2925,17,,,0
190013019,'1179504',652,,2926,17,,,0
190013019,'1179507',922,,2927,17,,,0
190013019,'1179509',1152,,2928,17,,,0
190013019,'1179516',1552,,2929,17,,,0
190013019,'1179531',2052,,2930,17,,,0
190013019,'1179537',852,,2931,17,,,0
190013019,'1179539',1752,,2932,17,,,0
190013019,'1179546',652,,2933,17,,,0
190013019,'1179553',1852,,2934,17,,,0
190013019,'1179591',1652,,2936,17,,,0
190013019,'1179611',1722,,2937,17,,,0
190013019,'1179635',1452,,2938,17,,,0
190013019,'1179694',822,,2939,17,,,0
190013019,'1179701',2052,,2940,17,,,0
190013019,'1179717',1752,,2941,17,,,0
