116019,'1178927',1038,,2202,2,,,0
116019,'1178944',1438,,2203,2,,,0
116019,'1178984',2038,,2204,2,,,0
116019,'1178985',1538,,2205,2,,,0
116019,'1178993',1708,,2206,2,,,0
116019,'1179002',2038,,2207,2,,,0
116019,'1179004',838,,2208,2,,,0
116019,'1179020',1638,,2209,2,,,0
116019,'1179022',1638,,2210,2,,,0
116019,'1179025',1338,,2211,2,,,0
116019,'1179035',938,,2212,2,,,0
116019,'1179036',708,,2213,2,,,0
116019,'1179045',1938,,2214,2,,,0
116019,'1179090',2138,,2215,2,,,0
116019,'1179113',738,,2216,2,,,0
116019,'1179119',638,,2217,2,,,0
116019,'1179186',2138,,2218,2,,,0
116019,'1179192',1838,,2219,2,,,0
116019,'1179204',1838,,2220,2,,,0
116019,'1179214',908,,2221,2,,,0
116019,'1179218',1938,,2222,2,,,0
116019,'1179231',1338,,2223,2,,,0
116019,'1179239',838,,2224,2,,,0
116019,'1179249',1438,,2225,2,,,0
116019,'1179326',1138,,2226,2,,,0
116019,'1179334',1238,,2227,2,,,0
116019,'1179487',1738,,2228,2,,,0
116019,'1179497',1238,,2229,2,,,0
116019,'1179505',1608,,2230,2,,,0
116019,'1179506',1138,,2231,2,,,0
116019,'1179514',1808,,2232,2,,,0
116019,'1179540',1538,,2233,2,,,0
116019,'1179564',1038,,2234,2,,,0
116019,'1179589',938,,2235,2,,,0
116019,'1179630',1738,,2236,2,,,0
116019,'1179645',738,,2237,2,,,0
116019,'1179711',808,,2238,2,,,0
140010019,'1175755',839,,1743,2,,,0
140010019,'1175787',1739,,1744,2,,,0
140010019,'1175798',1739,,1745,2,,,0
140010019,'1175806',1109,,1746,2,0,8 21,0
140010019,'1175825',1539,,1748,2,,,0
140010019,'1175826',1239,,1749,2,,,0
140010019,'1175836',1709,,1750,2,,,0
140010019,'1175840',1939,,1751,2,,,0
140010019,'1175865',1009,,1752,2,0,8 21,0
140010019,'1175890',1939,,1753,2,,,0
140010019,'1175905',2039,,1754,2,,,0
140010019,'1175937',1339,,1755,2,,,0
140010019,'1175943',1639,,1756,2,,,0
140010019,'1175962',2239,,1757,2,0,8 21,0
140010019,'1175995',1039,,1758,2,,,0
140010019,'1176008',709,,1759,2,,,0
140010019,'1176017',739,,1760,2,,,0
140010019,'1176075',1639,,1761,2,,,0
140010019,'1176104',2139,,1762,2,,,0
140010019,'1176141',1239,,1763,2,,,0
140010019,'1176158',1439,,1764,2,,,0
140010019,'1176181',909,,1765,2,0,8 21,0
140010019,'1176198',939,,1766,2,,,0
140010019,'1176208',2139,,1767,2,,,0
140010019,'1176215',1839,,1768,2,,,0
140010019,'1176225',1309,,1769,2,0,8 21,0
140010019,'1176249',1039,,1770,2,,,0
140010019,'1176269',2039,,1771,2,,,0
140010019,'1176278',2239,,1772,2,0,8 21,0
140010019,'1176300',1509,,1773,2,0,8 21,0
140010019,'1176311',939,,1774,2,,,0
140010019,'1176346',809,,1775,2,,,0
140010019,'1176365',839,,1776,2,,,0
140010019,'1176376',1539,,1777,2,,,0
140010019,'1176382',1139,,1778,2,,,0
140010019,'1176449',639,,1779,2,,,0
140010019,'1176452',1209,,1780,2,0,8 21,0
140010019,'1176545',739,,1781,2,,,0
140010019,'1176551',1339,,1782,2,,,0
140010019,'1176579',1609,,1783,2,,,0
140010019,'1176580',1139,,1784,2,,,0
140010019,'1176607',1839,,1785,2,,,0
140010019,'1176612',1809,,1786,2,0,8 21,0
140010019,'1176628',1409,,1787,2,0,8 21,0
140010019,'1176653',1439,,1788,2,,,0
