140010019,'1175755',926,,1743,47,,,0
140010019,'1175787',1826,,1744,47,,,0
140010019,'1175798',1826,,1745,47,,,0
140010019,'1175810',726,,1747,14,,,0
140010019,'1175825',1626,,1748,47,,,0
140010019,'1175826',1324,,1749,48,,,0
140010019,'1175836',1756,,1750,47,,,0
140010019,'1175840',2026,,1751,47,,,0
140010019,'1175890',2026,,1753,47,,,0
140010019,'1175905',2126,,1754,47,,,0
140010019,'1175937',1424,,1755,48,,,0
140010019,'1175943',1726,,1756,47,,,0
140010019,'1175995',1124,,1758,48,,,0
140010019,'1176008',756,,1759,47,,,0
140010019,'1176017',826,,1760,47,,,0
140010019,'1176075',1726,,1761,47,,,0
140010019,'1176104',2226,,1762,47,,,0
140010019,'1176141',1326,,1763,48,,,0
140010019,'1176158',1526,,1764,48,,,0
140010019,'1176198',1026,,1766,48,,,0
140010019,'1176208',2226,,1767,47,,,0
140010019,'1176215',1926,,1768,47,,,0
140010019,'1176249',1126,,1770,48,,,0
140010019,'1176269',2126,,1771,47,,,0
140010019,'1176311',1024,,1774,48,,,0
140010019,'1176346',856,,1775,47,,,0
140010019,'1176365',926,,1776,47,,,0
140010019,'1176376',1626,,1777,47,,,0
140010019,'1176382',1224,,1778,48,,,0
140010019,'1176449',726,,1779,47,,,0
140010019,'1176545',826,,1781,47,,,0
140010019,'1176551',1426,,1782,48,,,0
140010019,'1176579',1656,,1783,47,,,0
140010019,'1176580',1226,,1784,48,,,0
140010019,'1176607',1926,,1785,47,,,0
140010019,'1176653',1524,,1788,48,,,0
