300019,'1180121',656,,3098,6,0,23 24 2 25,0
300019,'1180125',726,,3102,6,0,23 24 2 25,0
300019,'1180126',1426,,3103,7,0,23 24 2 25,0
300019,'1180130',926,,3107,7,0,23 24 2 25,0
300019,'1180131',1226,,3108,7,0,23 24 2 25,0
300019,'1180132',1126,,3109,7,0,23 24 2 25,0
300019,'1180133',2126,,3110,7,0,23 24 2 25,0
300019,'1180134',1556,,3111,7,0,23 24 2 25,0
300019,'1180136',826,,3113,7,0,23 24 2 25,0
300019,'1180138',1126,,3115,7,0,23 24 2 25,0
300019,'1180139',1326,,3116,7,0,23 24 2 25,0
300019,'1180140',1626,,3117,7,0,23 24 2 25,0
300019,'1180143',1756,,3120,7,0,23 24 2 25,0
300019,'1180145',1426,,3122,7,0,23 24 2 25,0
300019,'1180150',856,,3127,7,0,23 24 2 25,0
300019,'1180151',2026,,3128,7,0,23 24 2 25,0
300019,'1180152',826,,3129,7,0,23 24 2 25,0
300019,'1180156',926,,3133,7,0,23 24 2 25,0
300019,'1180159',956,,3136,7,0,23 24 2 25,0
300019,'1180161',1726,,3138,7,0,23 24 2 25,0
300019,'1180164',1026,,3141,7,0,23 24 2 25,0
300019,'1180166',1526,,3143,7,0,23 24 2 25,0
300019,'1180167',1226,,3144,7,0,23 24 2 25,0
300019,'1180168',1926,,3145,7,0,23 24 2 25,0
300019,'1180169',1726,,3146,7,0,23 24 2 25,0
300019,'1180175',726,,3152,7,0,23 24 2 25,0
300019,'1180176',1026,,3153,7,0,23 24 2 25,0
300019,'1180177',1656,,3154,7,0,23 24 2 25,0
300019,'1180178',1626,,3155,7,0,23 24 2 25,0
300019,'1180179',1526,,3156,7,0,23 24 2 25,0
300019,'1180181',2126,,3158,7,0,23 24 2 25,0
300019,'1180182',1826,,3159,7,0,23 24 2 25,0
300019,'1180183',756,,3160,7,0,23 24 2 25,0
300019,'1180188',2026,,3165,7,0,23 24 2 25,0
300019,'1180189',1926,,3166,7,0,23 24 2 25,0
300019,'1180191',1826,,3168,7,0,23 24 2 25,0
300019,'1180194',1326,,3171,7,0,23 24 2 25,0
