120019,'1178966',1334,,2316,19,,,0
120019,'1178998',1534,,2317,19,,,0
120019,'1179031',1634,,2318,19,,,0
120019,'1179149',1434,,2319,19,,,0
120019,'1179182',1134,,2320,19,,,0
120019,'1179282',934,,2321,19,,,0
120019,'1179296',1734,,2322,19,,,0
120019,'1179596',1034,,2323,19,,,0
120019,'1179628',1234,,2324,19,,,0
120029,'1179032',1552,,2325,33,,,0
120029,'1179055',1352,,2326,33,,,0
120029,'1179056',1652,,2327,33,,,0
120029,'1179099',1805,,2328,33,,,0
120029,'1179153',952,,2329,33,,,0
120029,'1179222',1452,,2330,33,,,0
120029,'1179429',1152,,2331,33,,,0
120029,'1179447',1052,,2332,33,,,0
120029,'1179575',1252,,2333,33,,,0
140019,'1178969',1325,,2352,14,,,0
140019,'1178977',1525,,2353,14,,,0
140019,'1179164',1625,,2354,14,,,0
140019,'1179344',1425,,2355,14,,,0
140019,'1179352',925,,2356,14,,,0
140019,'1179462',1225,,2357,14,,,0
140019,'1179512',1125,,2358,14,,,0
140019,'1179518',1025,,2359,14,,,0
140019,'1179634',1725,,2360,14,,,0
140029,'1178990',1455,,2361,28,,,0
140029,'1179039',1155,,2362,28,,,0
140029,'1179106',1055,,2363,28,,,0
140029,'1179281',1355,,2364,28,,,0
140029,'1179335',1655,,2365,28,,,0
140029,'1179461',1808,,2366,28,,,0
140029,'1179478',1555,,2367,28,,,0
140029,'1179522',1255,,2368,28,,,0
140029,'1179651',955,,2369,28,,,0
140029,'1179802',1555,,2370,27,,,0
140029,'1179837',1355,,2371,27,,,0
140029,'1179865',1808,,2372,27,,,0
140029,'1179930',1255,,2373,27,,,0
140029,'1179947',1655,,2374,27,,,0
140029,'1179984',1455,,2375,27,,,0
140029,'1180047',955,,2376,27,,,0
140029,'1180060',1055,,2377,27,,,0
140029,'1180076',1155,,2378,27,,,0
140010019,'1178921',1523,,2634,43,,,0
140010019,'1178922',1023,,2635,44,,,0
140010019,'1178979',1123,,2638,44,,,0
140010019,'1179131',1223,,2643,43,,,0
140010019,'1179167',1123,,2647,43,,,0
140010019,'1179188',1523,,2650,44,,,0
140010019,'1179415',1223,,2663,44,,,0
140010019,'1179445',1423,,2664,43,,,0
140010019,'1179453',1423,,2666,44,,,0
140010019,'1179479',1323,,2667,43,,,0
140010019,'1179659',1323,,2677,44,,,0
140010019,'1179692',1023,,2678,43,,,0
190011019,'1179332',1053,,2864,15,,,0
190011019,'1179413',1253,,2871,15,,,0
190011019,'1179426',1353,,2873,15,,,0
190011019,'1179430',1553,,2874,15,,,0
190011019,'1179437',1053,,2875,15,,,0
190011019,'1179438',1553,,2876,15,,,0
190011019,'1179521',1353,,2879,15,,,0
190011019,'1179528',1153,,2880,15,,,0
190011019,'1179572',1153,,2883,15,,,0
190011019,'1179590',1453,,2884,15,,,0
190011019,'1179650',1253,,2887,15,,,0
190011019,'1179700',1453,,2894,15,,,0
