116019,'1178992',750,,2257,23,,,0
116019,'1179088',654,,2258,24,,,0
116019,'1179141',1450,,2259,23,,,0
116019,'1179172',1150,,2260,23,,,0
116019,'1179177',850,,2261,23,,,0
116019,'1179190',1620,,2262,23,,,0
116019,'1179215',1050,,2263,23,,,0
116019,'1179228',820,,2264,23,,,0
116019,'1179247',950,,2265,23,,,0
116019,'1179275',1550,,2266,23,,,0
116019,'1179278',1250,,2267,23,,,0
116019,'1179313',1750,,2268,23,,,0
116019,'1179314',2050,,2269,23,,,0
116019,'1179339',724,,2270,24,,,0
116019,'1179343',1950,,2271,23,,,0
116019,'1179381',1850,,2272,23,,,0
116019,'1179418',1654,,2273,24,,,0
116019,'1179432',1724,,2274,24,,,0
116019,'1179439',1350,,2275,23,,,0
116019,'1179515',920,,2276,23,,,0
116019,'1179606',1820,,2277,23,,,0
116019,'1179706',2150,,2278,23,,,0
116019,'1179803',1050,,2279,23,,,0
116019,'1179806',2150,,2280,23,,,0
116019,'1179811',1950,,2281,23,,,0
116019,'1179814',820,,2282,23,,,0
116019,'1179815',2150,,2283,23,,,0
116019,'1179816',2050,,2284,23,,,0
116019,'1179818',750,,2285,23,,,0
116019,'1179820',1620,,2286,23,,,0
116019,'1179826',750,,2287,23,,,0
116019,'1179838',850,,2288,23,,,0
116019,'1179860',1724,,2289,24,,,0
116019,'1179861',1650,,2290,23,,,0
116019,'1179871',1850,,2291,23,,,0
116019,'1179879',724,,2292,24,,,0
116019,'1179890',1850,,2293,23,,,0
116019,'1179910',1750,,2294,23,,,0
116019,'1179933',1450,,2295,23,,,0
116019,'1179936',1250,,2296,23,,,0
116019,'1179944',1550,,2297,23,,,0
116019,'1179946',1820,,2298,23,,,0
116019,'1179950',1550,,2299,23,,,0
116019,'1179954',950,,2300,23,,,0
116019,'1179959',2050,,2301,23,,,0
116019,'1179965',1654,,2302,24,,,0
116019,'1179966',850,,2303,23,,,0
116019,'1179975',1050,,2304,23,,,0
116019,'1179985',1750,,2305,23,,,0
116019,'1180003',1350,,2306,23,,,0
116019,'1180007',1150,,2307,23,,,0
116019,'1180008',1350,,2308,23,,,0
116019,'1180010',654,,2309,24,,,0
116019,'1180011',1950,,2310,23,,,0
116019,'1180027',920,,2311,23,,,0
116019,'1180032',1450,,2312,23,,,0
116019,'1180034',1150,,2313,23,,,0
116019,'1180036',950,,2314,23,,,0
116019,'1180063',1250,,2315,23,,,0
160019,'1178943',1541,,2406,21,,,0
160019,'1178949',941,,2407,21,,,0
160019,'1178951',1341,,2408,21,,,0
160019,'1179047',1441,,2409,21,,,0
160019,'1179060',1741,,2410,21,,,0
160019,'1179205',1141,,2411,21,,,0
160019,'1179319',1241,,2412,21,,,0
160019,'1179451',1641,,2413,21,,,0
160019,'1179697',1041,,2414,21,,,0
160019,'1179817',1041,,2415,21,,,0
160019,'1179829',1341,,2416,21,,,0
160019,'1179855',1541,,2417,21,,,0
160019,'1179873',1141,,2418,21,,,0
160019,'1179921',1741,,2419,21,,,0
160019,'1179929',1641,,2420,21,,,0
160019,'1180025',1441,,2421,21,,,0
160019,'1180042',941,,2422,21,,,0
160019,'1180067',1241,,2423,21,,,0
