140019,'1178969',1320,,2352,9,,,0
140019,'1178977',1520,,2353,9,,,0
140019,'1179164',1620,,2354,9,,,0
140019,'1179344',1420,,2355,9,,,0
140019,'1179352',920,,2356,9,,,0
140019,'1179462',1220,,2357,9,,,0
140019,'1179512',1120,,2358,9,,,0
140019,'1179518',1020,,2359,9,,,0
140019,'1179634',1720,,2360,9,,,0
190011019,'1178950',719,,2849,9,,,0
190011019,'1178970',1849,,2850,9,,,0
190011019,'1179009',1819,,2851,9,0,8 21,0
190011019,'1179040',2049,,2852,9,,,0
190011019,'1179145',849,,2854,9,,,0
190011019,'1179159',1749,,2856,9,,,0
190011019,'1179162',2244,,2857,9,0,12,0
190011019,'1179163',749,,2858,9,,,0
190011019,'1179248',649,,2859,9,,,0
190011019,'1179252',1749,,2860,9,,,0
190011019,'1179276',1949,,2861,9,,,0
190011019,'1179307',649,,2862,9,,,0
190011019,'1179332',1049,,2864,9,,,0
190011019,'1179340',849,,2865,9,,,0
190011019,'1179367',1719,,2866,9,,,0
190011019,'1179394',2149,,2869,9,,,0
190011019,'1179412',2244,,2870,9,0,12,0
190011019,'1179413',1249,,2871,9,,,0
190011019,'1179424',2149,,2872,9,,,0
190011019,'1179426',1349,,2873,9,,,0
190011019,'1179430',1549,,2874,9,,,0
190011019,'1179437',1049,,2875,9,,,0
190011019,'1179438',1549,,2876,9,,,0
190011019,'1179442',1849,,2877,9,,,0
190011019,'1179477',749,,2878,9,,,0
190011019,'1179521',1349,,2879,9,,,0
190011019,'1179528',1149,,2880,9,,,0
190011019,'1179555',1949,,2882,9,,,0
190011019,'1179572',1149,,2883,9,,,0
190011019,'1179590',1449,,2884,9,,,0
190011019,'1179619',1649,,2885,9,,,0
190011019,'1179642',949,,2886,9,,,0
190011019,'1179650',1249,,2887,9,,,0
190011019,'1179666',819,,2889,9,,,0
190011019,'1179677',2049,,2891,9,,,0
190011019,'1179678',919,,2892,9,,,0
190011019,'1179688',1649,,2893,9,,,0
190011019,'1179700',1449,,2894,9,,,0
190011019,'1179709',949,,2895,9,,,0
