116019,'1175732',1547,,1479,17,,,0
116019,'1175756',1347,,1480,17,,,0
116019,'1175773',2047,,1481,17,,,0
116019,'1175832',1817,,1482,17,,,0
116019,'1175918',1647,,1486,17,,,0
116019,'1175942',1747,,1487,17,,,0
116019,'1175949',1717,,1488,17,,,0
116019,'1175954',947,,1489,17,,,0
116019,'1175970',1147,,1491,17,,,0
116019,'1176137',1847,,1495,17,,,0
116019,'1176239',1247,,1497,17,,,0
116019,'1176240',747,,1498,17,,,0
116019,'1176243',647,,1499,17,,,0
116019,'1176254',817,,1500,17,,,0
116019,'1176276',847,,1502,17,,,0
116019,'1176432',717,,1503,17,,,0
116019,'1176433',1617,,1504,17,,,0
116019,'1176442',917,,1505,17,,,0
116019,'1176630',2147,,1509,17,,,0
116019,'1176639',1947,,1510,17,,,0
116019,'1176641',1047,,1511,17,,,0
116019,'1176685',1447,,1514,17,,,0
116019,'1178927',1047,,2202,17,,,0
116019,'1178944',1447,,2203,17,,,0
116019,'1178984',2047,,2204,17,,,0
116019,'1178985',1547,,2205,17,,,0
116019,'1178993',1717,,2206,17,,,0
116019,'1179002',2047,,2207,17,,,0
116019,'1179004',847,,2208,17,,,0
116019,'1179020',1647,,2209,17,,,0
116019,'1179022',1647,,2210,17,,,0
116019,'1179025',1347,,2211,17,,,0
116019,'1179035',947,,2212,17,,,0
116019,'1179036',717,,2213,17,,,0
116019,'1179045',1947,,2214,17,,,0
116019,'1179090',2147,,2215,17,,,0
116019,'1179113',747,,2216,17,,,0
116019,'1179119',647,,2217,17,,,0
116019,'1179186',2147,,2218,17,,,0
116019,'1179192',1847,,2219,17,,,0
116019,'1179204',1847,,2220,17,,,0
116019,'1179214',917,,2221,17,,,0
116019,'1179218',1947,,2222,17,,,0
116019,'1179231',1347,,2223,17,,,0
116019,'1179239',847,,2224,17,,,0
116019,'1179249',1447,,2225,17,,,0
116019,'1179326',1147,,2226,17,,,0
116019,'1179334',1247,,2227,17,,,0
116019,'1179487',1747,,2228,17,,,0
116019,'1179497',1247,,2229,17,,,0
116019,'1179505',1617,,2230,17,,,0
116019,'1179506',1147,,2231,17,,,0
116019,'1179514',1817,,2232,17,,,0
116019,'1179540',1547,,2233,17,,,0
116019,'1179564',1047,,2234,17,,,0
116019,'1179589',947,,2235,17,,,0
116019,'1179630',1747,,2236,17,,,0
116019,'1179645',747,,2237,17,,,0
116019,'1179711',817,,2238,17,,,0
160019,'1175859',1239,,1588,18,,,0
160019,'1176087',1339,,1589,18,,,0
160019,'1176112',1439,,1590,18,,,0
160019,'1176128',1739,,1591,18,,,0
160019,'1176235',1039,,1593,18,,,0
160019,'1176236',1639,,1594,18,,,0
160019,'1176410',1539,,1599,18,,,0
160019,'1176572',939,,1602,18,,,0
160019,'1176585',1139,,1603,18,,,0
