120029,'1179032',1529,,2325,23,,,0
120029,'1179055',1329,,2326,23,,,0
120029,'1179056',1629,,2327,23,,,0
120029,'1179099',1729,,2328,23,,,0
120029,'1179153',929,,2329,23,,,0
120029,'1179222',1429,,2330,23,,,0
120029,'1179429',1129,,2331,23,,,0
120029,'1179447',1029,,2332,23,,,0
120029,'1179575',1229,,2333,23,,,0
190017019,'1179790',1155,,3050,23,,,0
190017019,'1179796',1355,,3051,23,,,0
190017019,'1179813',2255,,3052,23,0,8 21,0
190017019,'1179821',1455,,3053,23,,,0
190017019,'1179824',625,,3054,23,,,0
190017019,'1179832',1055,,3055,23,,,0
190017019,'1179843',855,,3056,23,,,0
190017019,'1179845',2055,,3057,23,,,0
190017019,'1179847',2155,,3058,23,0,8 21,0
190017019,'1179859',1655,,3060,23,,,0
190017019,'1179863',955,,3061,23,,,0
190017019,'1179870',825,,3062,23,,,0
190017019,'1179874',1255,,3063,23,,,0
190017019,'1179876',1855,,3064,23,,,0
190017019,'1179884',1625,,3065,23,,,0
190017019,'1179891',1555,,3066,23,,,0
190017019,'1179895',1825,,3067,23,0,8 21,0
190017019,'1179896',755,,3068,23,,,0
190017019,'1179899',1555,,3069,23,,,0
190017019,'1179905',655,,3070,23,,,0
190017019,'1179912',2055,,3071,23,,,0
190017019,'1179917',1755,,3072,23,,,0
190017019,'1179922',1355,,3073,23,,,0
190017019,'1179924',1455,,3074,23,,,0
190017019,'1179953',2155,,3078,23,0,8 21,0
190017019,'1179955',855,,3079,23,,,0
190017019,'1179971',1255,,3080,23,,,0
190017019,'1179977',1855,,3081,23,,,0
190017019,'1179978',1055,,3082,23,,,0
190017019,'1179979',1725,,3083,23,,,0
190017019,'1179986',755,,3084,23,,,0
190017019,'1179987',955,,3085,23,,,0
190017019,'1179994',1655,,3086,23,,,0
190017019,'1180001',925,,3087,23,,,0
190017019,'1180005',655,,3089,23,,,0
190017019,'1180041',2255,,3091,23,0,8 21,0
190017019,'1180050',1955,,3092,23,,,0
190017019,'1180055',1155,,3093,23,,,0
190017019,'1180056',1755,,3094,23,,,0
190017019,'1180065',1955,,3095,23,,,0
190017019,'1180069',725,,3096,23,,,0
