216019,'1178924',756,,2470,16,,,0
216019,'1178948',626,,2471,16,,,0
216019,'1178963',2126,,2472,16,,,0
216019,'1178968',1226,,2473,16,,,0
216019,'1179019',1756,,2474,16,,,0
216019,'1179021',1556,,2475,16,,,0
216019,'1179029',1426,,2476,16,,,0
216019,'1179050',1526,,2477,16,,,0
216019,'1179070',1426,,2478,16,,,0
216019,'1179075',1826,,2479,16,,,0
216019,'1179116',729,,2480,17,,,0
216019,'1179123',1326,,2481,16,,,0
216019,'1179160',1729,,2482,17,,,0
216019,'1179179',2026,,2483,16,,,0
216019,'1179181',1126,,2484,16,,,0
216019,'1179199',926,,2485,16,,,0
216019,'1179206',1526,,2486,16,,,0
216019,'1179328',1026,,2487,16,,,0
216019,'1179338',1226,,2488,16,,,0
216019,'1179345',826,,2489,16,,,0
216019,'1179368',1659,,2490,17,,,0
216019,'1179369',1026,,2491,16,,,0
216019,'1179374',1629,,2492,17,,,0
216019,'1179421',1826,,2493,16,,,0
216019,'1179431',1126,,2494,16,,,0
216019,'1179458',1926,,2495,16,,,0
216019,'1179488',726,,2496,16,,,0
216019,'1179523',1326,,2497,16,,,0
216019,'1179574',2026,,2498,16,,,0
216019,'1179582',1926,,2499,16,,,0
216019,'1179605',856,,2500,16,,,0
216019,'1179647',1726,,2501,16,,,0
216019,'1179669',826,,2502,16,,,0
216019,'1179695',2126,,2503,16,,,0
216019,'1179712',659,,2504,17,,,0
216019,'1179714',926,,2505,16,,,0
216019,'1179719',1626,,2506,16,,,0
