160029,'1178957',905,,2424,15,,,0
160029,'1179098',1405,,2425,15,,,0
160029,'1179137',1605,,2426,15,,,0
160029,'1179301',1205,,2427,15,,,0
160029,'1179398',1305,,2428,15,,,0
160029,'1179410',1705,,2429,15,,,0
160029,'1179543',1105,,2430,15,,,0
160029,'1179558',1005,,2431,15,,,0
160029,'1179623',1505,,2432,15,,,0
216019,'1178924',757,,2470,17,,,0
216019,'1178948',627,,2471,17,,,0
216019,'1178963',2127,,2472,17,,,0
216019,'1178968',1227,,2473,17,,,0
216019,'1179019',1757,,2474,17,,,0
216019,'1179021',1557,,2475,17,,,0
216019,'1179029',1427,,2476,17,,,0
216019,'1179050',1527,,2477,17,,,0
216019,'1179070',1427,,2478,17,,,0
216019,'1179075',1827,,2479,17,,,0
216019,'1179116',730,,2480,18,,,0
216019,'1179123',1327,,2481,17,,,0
216019,'1179160',1730,,2482,18,,,0
216019,'1179179',2027,,2483,17,,,0
216019,'1179181',1127,,2484,17,,,0
216019,'1179199',927,,2485,17,,,0
216019,'1179206',1527,,2486,17,,,0
216019,'1179328',1027,,2487,17,,,0
216019,'1179338',1227,,2488,17,,,0
216019,'1179345',827,,2489,17,,,0
216019,'1179368',1700,,2490,18,,,0
216019,'1179369',1027,,2491,17,,,0
216019,'1179374',1630,,2492,18,,,0
216019,'1179421',1827,,2493,17,,,0
216019,'1179431',1127,,2494,17,,,0
216019,'1179458',1927,,2495,17,,,0
216019,'1179488',727,,2496,17,,,0
216019,'1179523',1327,,2497,17,,,0
216019,'1179574',2027,,2498,17,,,0
216019,'1179582',1927,,2499,17,,,0
216019,'1179605',857,,2500,17,,,0
216019,'1179647',1727,,2501,17,,,0
216019,'1179669',827,,2502,17,,,0
216019,'1179695',2127,,2503,17,,,0
216019,'1179712',700,,2504,18,,,0
216019,'1179714',927,,2505,17,,,0
216019,'1179719',1627,,2506,17,,,0
