140019,'1178969',1350,,2352,35,,,0
140019,'1178977',1550,,2353,35,,,0
140019,'1179164',1650,,2354,35,,,0
140019,'1179344',1450,,2355,35,,,0
140019,'1179352',950,,2356,35,,,0
140019,'1179462',1250,,2357,35,,,0
140019,'1179512',1150,,2358,35,,,0
140019,'1179518',1050,,2359,35,,,0
140019,'1179634',1803,,2360,35,,,0
140014019,'1178954',1633,,2725,42,,,0
140014019,'1178955',1203,,2726,42,,,0
140014019,'1178974',1033,,2727,42,,,0
140014019,'1179007',1831,,2728,42,,,0
140014019,'1179027',1533,,2729,42,,,0
140014019,'1179052',831,,2730,42,,,0
140014019,'1179079',803,,2731,42,,,0
140014019,'1179080',1531,,2732,42,,,0
140014019,'1179082',903,,2733,42,,,0
140014019,'1179084',733,,2734,42,,,0
140014019,'1179111',2233,,2735,42,,,0
140014019,'1179143',833,,2736,42,,,0
140014019,'1179200',1303,,2737,42,,,0
140014019,'1179207',1803,,2738,42,,,0
140014019,'1179221',1431,,2739,42,,,0
140014019,'1179271',1233,,2740,42,,,0
140014019,'1179298',1731,,2741,42,,,0
140014019,'1179320',1503,,2742,42,,,0
140014019,'1179323',1031,,2743,42,,,0
140014019,'1179337',631,,2744,14,,,0
140014019,'1179350',931,,2745,42,,,0
140014019,'1179353',1833,,2746,42,,,0
140014019,'1179366',2031,,2747,42,,,0
140014019,'1179392',1631,,2748,42,,,0
140014019,'1179403',1933,,2749,42,,,0
140014019,'1179417',731,,2750,21,,,0
140014019,'1179433',1433,,2751,42,,,0
140014019,'1179443',1003,,2752,42,,,0
140014019,'1179446',1231,,2753,42,,,0
140014019,'1179449',1103,,2754,42,,,0
140014019,'1179493',1133,,2755,42,,,0
140014019,'1179513',633,,2756,14,,,0
140014019,'1179524',1733,,2757,42,,,0
140014019,'1179535',1403,,2758,42,,,0
140014019,'1179547',1331,,2759,42,,,0
140014019,'1179550',703,,2760,21,,,0
140014019,'1179561',1603,,2762,42,,,0
140014019,'1179577',1333,,2763,42,,,0
140014019,'1179598',2133,,2764,42,,,0
140014019,'1179600',2231,,2765,42,,,0
140014019,'1179608',1931,,2766,42,,,0
140014019,'1179636',1703,,2767,42,,,0
140014019,'1179638',933,,2768,42,,,0
140014019,'1179648',2033,,2769,42,,,0
140014019,'1179654',2131,,2770,42,,,0
140014019,'1179662',1131,,2771,42,,,0
