120019,'1178966',1323,,2316,8,,,0
120019,'1178998',1523,,2317,8,,,0
120019,'1179031',1623,,2318,8,,,0
120019,'1179149',1423,,2319,8,,,0
120019,'1179182',1123,,2320,8,,,0
120019,'1179282',923,,2321,8,,,0
120019,'1179296',1723,,2322,8,,,0
120019,'1179596',1023,,2323,8,,,0
120019,'1179628',1223,,2324,8,,,0
190013019,'1178916',1614,,2896,8,,,0
190013019,'1178919',1944,,2897,8,,,0
190013019,'1178920',1114,,2898,8,,,0
190013019,'1178929',744,,2899,8,,,0
190013019,'1178930',1644,,2900,8,,,0
190013019,'1178972',1944,,2901,8,,,0
190013019,'1178983',1214,,2902,8,,,0
190013019,'1178994',2144,,2903,8,,,0
190013019,'1178997',1144,,2904,8,,,0
190013019,'1179048',1514,,2905,8,,,0
190013019,'1179062',1544,,2906,8,,,0
190013019,'1179074',1314,,2907,8,,,0
190013019,'1179087',1244,,2908,8,,,0
190013019,'1179104',1014,,2909,8,,,0
190013019,'1179171',1814,,2910,8,0,8 21,0
190013019,'1179187',844,,2911,8,,,0
190013019,'1179202',1044,,2912,8,,,0
190013019,'1179203',944,,2913,8,,,0
190013019,'1179212',1444,,2914,8,,,0
190013019,'1179219',1244,,2915,8,,,0
190013019,'1179243',744,,2916,8,,,0
190013019,'1179287',2144,,2917,8,,,0
190013019,'1179292',1044,,2918,8,,,0
190013019,'1179300',714,,2919,8,,,0
190013019,'1179373',944,,2921,8,,,0
190013019,'1179380',1344,,2922,8,,,0
190013019,'1179402',1344,,2923,8,,,0
190013019,'1179411',1414,,2924,8,,,0
190013019,'1179457',1844,,2925,8,,,0
190013019,'1179504',644,,2926,8,,,0
190013019,'1179507',914,,2927,8,,,0
190013019,'1179509',1144,,2928,8,,,0
190013019,'1179516',1544,,2929,8,,,0
190013019,'1179531',2044,,2930,8,,,0
190013019,'1179537',844,,2931,8,,,0
190013019,'1179539',1744,,2932,8,,,0
190013019,'1179546',644,,2933,8,,,0
190013019,'1179553',1844,,2934,8,,,0
190013019,'1179591',1644,,2936,8,,,0
190013019,'1179611',1714,,2937,8,,,0
190013019,'1179635',1444,,2938,8,,,0
190013019,'1179694',814,,2939,8,,,0
190013019,'1179701',2044,,2940,8,,,0
190013019,'1179717',1744,,2941,8,,,0
