200029,'1178971',1031,,2451,4,,,0
200029,'1179034',1631,,2452,4,,,0
200029,'1179043',1231,,2453,4,,,0
200029,'1179091',1431,,2454,4,,,0
200029,'1179198',1131,,2456,4,,,0
200029,'1179229',1715,,2457,4,,,0
200029,'1179283',1331,,2458,4,,,0
200029,'1179383',1531,,2459,4,,,0
200029,'1179689',931,,2460,4,,,0
200029,'1179807',931,,2461,4,,,0
200029,'1179834',1331,,2462,4,,,0
200029,'1179867',1631,,2463,4,,,0
200029,'1179877',1131,,2464,4,,,0
200029,'1179888',1531,,2465,4,,,0
200029,'1179893',1231,,2466,4,,,0
200029,'1179998',1431,,2467,4,,,0
200029,'1180064',1031,,2469,4,,,0
140014019,'1178954',1625,,2725,32,,,0
140014019,'1178955',1155,,2726,32,,,0
140014019,'1178974',1025,,2727,32,,,0
140014019,'1179007',1824,,2728,32,,,0
140014019,'1179027',1525,,2729,32,,,0
140014019,'1179052',824,,2730,32,,,0
140014019,'1179079',755,,2731,32,,,0
140014019,'1179080',1524,,2732,32,,,0
140014019,'1179082',855,,2733,32,,,0
140014019,'1179084',725,,2734,32,,,0
140014019,'1179111',2225,,2735,32,,,0
140014019,'1179143',825,,2736,32,,,0
140014019,'1179200',1255,,2737,32,,,0
140014019,'1179207',1755,,2738,32,,,0
140014019,'1179221',1424,,2739,32,,,0
140014019,'1179271',1225,,2740,32,,,0
140014019,'1179298',1724,,2741,32,,,0
140014019,'1179320',1455,,2742,32,,,0
140014019,'1179323',1024,,2743,32,,,0
140014019,'1179337',624,,2744,4,,,0
140014019,'1179350',924,,2745,32,,,0
140014019,'1179353',1825,,2746,32,,,0
140014019,'1179366',2024,,2747,32,,,0
140014019,'1179392',1624,,2748,32,,,0
140014019,'1179403',1925,,2749,32,,,0
140014019,'1179417',724,,2750,11,,,0
140014019,'1179433',1425,,2751,32,,,0
140014019,'1179443',955,,2752,32,,,0
140014019,'1179446',1224,,2753,32,,,0
140014019,'1179449',1055,,2754,32,,,0
140014019,'1179493',1125,,2755,32,,,0
140014019,'1179513',625,,2756,4,,,0
140014019,'1179524',1725,,2757,32,,,0
140014019,'1179535',1355,,2758,32,,,0
140014019,'1179547',1324,,2759,32,,,0
140014019,'1179550',655,,2760,11,,,0
140014019,'1179561',1555,,2762,32,,,0
140014019,'1179577',1325,,2763,32,,,0
140014019,'1179598',2125,,2764,32,,,0
140014019,'1179600',2224,,2765,32,,,0
140014019,'1179608',1924,,2766,32,,,0
140014019,'1179636',1655,,2767,32,,,0
140014019,'1179638',925,,2768,32,,,0
140014019,'1179648',2025,,2769,32,,,0
140014019,'1179654',2124,,2770,32,,,0
140014019,'1179662',1124,,2771,32,,,0
