140014019,'1175733',1902,,1835,21,,,0
140014019,'1175775',1202,,1836,21,,,0
140014019,'1175776',2102,,1837,21,,,0
140014019,'1175786',2002,,1838,21,,,0
140014019,'1175790',1602,,1839,21,,,0
140014019,'1175803',1402,,1840,21,,,0
140014019,'1175809',932,,1841,21,,,0
140014019,'1175820',1502,,1842,21,,,0
140014019,'1175821',1202,,1843,21,,,0
140014019,'1175838',1132,,1844,21,,,0
140014019,'1175856',1102,,1845,21,,,0
140014019,'1175876',1602,,1846,21,,,0
140014019,'1175893',1902,,1847,21,,,0
140014019,'1175894',1732,,1848,21,,,0
140014019,'1175902',1632,,1849,21,,,0
140014019,'1175961',1302,,1850,21,,,0
140014019,'1175973',902,,1851,21,,,0
140014019,'1175975',1802,,1852,21,,,0
140014019,'1175979',1832,,1853,21,0,8 21,0
140014019,'1175999',832,,1854,21,,,0
140014019,'1176001',1032,,1855,21,,,0
140014019,'1176014',1102,,1856,21,,,0
140014019,'1176036',732,,1857,21,,,0
140014019,'1176047',1402,,1858,21,,,0
140014019,'1176050',2102,,1859,21,,,0
140014019,'1176071',1232,,1860,21,,,0
140014019,'1176160',1702,,1861,21,,,0
140014019,'1176250',802,,1862,21,,,0
140014019,'1176268',2202,,1863,21,,,0
140014019,'1176283',1332,,1864,21,,,0
140014019,'1176308',2202,,1866,21,,,0
140014019,'1176314',702,,1867,21,,,0
140014019,'1176393',1002,,1869,21,,,0
140014019,'1176423',802,,1870,21,,,0
140014019,'1176476',1532,,1872,21,,,0
140014019,'1176485',1002,,1873,21,,,0
140014019,'1176522',902,,1874,21,,,0
140014019,'1176556',1702,,1876,21,,,0
140014019,'1176558',1502,,1877,21,,,0
140014019,'1176598',2002,,1878,21,,,0
140014019,'1176631',1302,,1879,21,,,0
140014019,'1176643',1432,,1880,21,,,0
140014019,'1176681',1802,,1881,21,,,0
