140029,'1178990',1446,,2361,16,,,0
140029,'1179039',1146,,2362,16,,,0
140029,'1179106',1046,,2363,16,,,0
140029,'1179281',1346,,2364,16,,,0
140029,'1179335',1646,,2365,16,,,0
140029,'1179461',1759,,2366,16,,,0
140029,'1179478',1546,,2367,16,,,0
140029,'1179522',1246,,2368,16,,,0
140029,'1179651',946,,2369,16,,,0
140029,'1179802',1546,,2370,15,,,0
140029,'1179837',1346,,2371,15,,,0
140029,'1179865',1759,,2372,15,,,0
140029,'1179930',1246,,2373,15,,,0
140029,'1179947',1646,,2374,15,,,0
140029,'1179984',1446,,2375,15,,,0
140029,'1180047',946,,2376,15,,,0
140029,'1180060',1046,,2377,15,,,0
140029,'1180076',1146,,2378,15,,,0
140012019,'1178913',1219,,2679,26,,,0
140012019,'1178923',1219,,2680,26,,,0
140012019,'1178934',1019,,2681,26,,,0
140012019,'1178935',819,,2682,26,,,0
140012019,'1178953',919,,2683,26,,,0
140012019,'1178981',719,,2684,26,,,0
140012019,'1178986',1449,,2685,26,,,0
140012019,'1179006',1349,,2686,26,,,0
140012019,'1179011',749,,2687,26,,,0
140012019,'1179015',1919,,2688,26,,,0
140012019,'1179046',919,,2689,26,,,0
140012019,'1179102',1619,,2690,26,,,0
140012019,'1179154',1419,,2691,26,,,0
140012019,'1179183',2019,,2692,26,,,0
140012019,'1179185',949,,2693,26,,,0
140012019,'1179230',1019,,2695,26,,,0
140012019,'1179233',1619,,2696,26,,,0
140012019,'1179236',819,,2697,26,,,0
140012019,'1179238',1519,,2698,26,,,0
140012019,'1179244',2119,,2699,26,,,0
140012019,'1179245',1919,,2700,26,,,0
140012019,'1179250',719,,2701,4,,,0
140012019,'1179261',1119,,2703,26,,,0
140012019,'1179316',2019,,2704,26,,,0
140012019,'1179325',849,,2705,26,,,0
140012019,'1179348',1319,,2706,26,,,0
140012019,'1179359',1749,,2707,26,,,0
140012019,'1179372',2219,,2708,26,,,0
140012019,'1179387',1319,,2709,26,,,0
140012019,'1179399',1149,,2710,26,,,0
140012019,'1179425',2119,,2711,26,,,0
140012019,'1179444',1649,,2712,26,,,0
140012019,'1179495',1419,,2713,26,,,0
140012019,'1179499',1549,,2714,26,,,0
140012019,'1179510',1719,,2715,26,,,0
140012019,'1179511',2219,,2716,26,,,0
140012019,'1179526',1819,,2717,26,,,0
140012019,'1179556',1119,,2718,26,,,0
140012019,'1179567',1249,,2719,26,,,0
140012019,'1179644',1819,,2721,26,,,0
140012019,'1179693',1049,,2722,26,,,0
140012019,'1179704',1519,,2723,26,,,0
140012019,'1179715',1719,,2724,26,,,0
