116019,'1178992',742,,2257,7,,,0
116019,'1179088',642,,2258,7,,,0
116019,'1179141',1442,,2259,7,,,0
116019,'1179172',1142,,2260,7,,,0
116019,'1179177',842,,2261,7,,,0
116019,'1179190',1612,,2262,7,,,0
116019,'1179215',1042,,2263,7,,,0
116019,'1179228',812,,2264,7,,,0
116019,'1179247',942,,2265,7,,,0
116019,'1179275',1542,,2266,7,,,0
116019,'1179278',1242,,2267,7,,,0
116019,'1179313',1742,,2268,7,,,0
116019,'1179314',2042,,2269,7,,,0
116019,'1179339',712,,2270,7,,,0
116019,'1179343',1942,,2271,7,,,0
116019,'1179381',1842,,2272,7,,,0
116019,'1179418',1642,,2273,7,,,0
116019,'1179432',1712,,2274,7,,,0
116019,'1179439',1342,,2275,7,,,0
116019,'1179515',912,,2276,7,,,0
116019,'1179606',1812,,2277,7,,,0
116019,'1179706',2142,,2278,7,,,0
116019,'1179803',1042,,2279,7,,,0
116019,'1179806',2142,,2280,7,,,0
116019,'1179811',1942,,2281,7,,,0
116019,'1179814',812,,2282,7,,,0
116019,'1179815',2142,,2283,7,,,0
116019,'1179816',2042,,2284,7,,,0
116019,'1179818',742,,2285,7,,,0
116019,'1179820',1612,,2286,7,,,0
116019,'1179826',742,,2287,7,,,0
116019,'1179838',842,,2288,7,,,0
116019,'1179860',1712,,2289,7,,,0
116019,'1179861',1642,,2290,7,,,0
116019,'1179871',1842,,2291,7,,,0
116019,'1179879',712,,2292,7,,,0
116019,'1179890',1842,,2293,7,,,0
116019,'1179910',1742,,2294,7,,,0
116019,'1179933',1442,,2295,7,,,0
116019,'1179936',1242,,2296,7,,,0
116019,'1179944',1542,,2297,7,,,0
116019,'1179946',1812,,2298,7,,,0
116019,'1179950',1542,,2299,7,,,0
116019,'1179954',942,,2300,7,,,0
116019,'1179959',2042,,2301,7,,,0
116019,'1179965',1642,,2302,7,,,0
116019,'1179966',842,,2303,7,,,0
116019,'1179975',1042,,2304,7,,,0
116019,'1179985',1742,,2305,7,,,0
116019,'1180003',1342,,2306,7,,,0
116019,'1180007',1142,,2307,7,,,0
116019,'1180008',1342,,2308,7,,,0
116019,'1180010',642,,2309,7,,,0
116019,'1180011',1942,,2310,7,,,0
116019,'1180027',912,,2311,7,,,0
116019,'1180032',1442,,2312,7,,,0
116019,'1180034',1142,,2313,7,,,0
116019,'1180036',942,,2314,7,,,0
116019,'1180063',1242,,2315,7,,,0
160019,'1178943',1534,,2406,7,,,0
160019,'1178949',934,,2407,7,,,0
160019,'1178951',1334,,2408,7,,,0
160019,'1179047',1434,,2409,7,,,0
160019,'1179060',1734,,2410,7,,,0
160019,'1179205',1134,,2411,7,,,0
160019,'1179319',1234,,2412,7,,,0
160019,'1179451',1634,,2413,7,,,0
160019,'1179697',1034,,2414,7,,,0
160019,'1179817',1034,,2415,7,,,0
160019,'1179829',1334,,2416,7,,,0
160019,'1179855',1534,,2417,7,,,0
160019,'1179873',1134,,2418,7,,,0
160019,'1179921',1734,,2419,7,,,0
160019,'1179929',1634,,2420,7,,,0
160019,'1180025',1434,,2421,7,,,0
160019,'1180042',934,,2422,7,,,0
160019,'1180067',1234,,2423,7,,,0
