120019,'1178966',1332,,2316,16,,,0
120019,'1178998',1532,,2317,16,,,0
120019,'1179031',1632,,2318,16,,,0
120019,'1179149',1432,,2319,16,,,0
120019,'1179182',1132,,2320,16,,,0
120019,'1179282',932,,2321,16,,,0
120019,'1179296',1732,,2322,16,,,0
120019,'1179596',1032,,2323,16,,,0
120019,'1179628',1232,,2324,16,,,0
190013019,'1178916',1621,,2896,16,,,0
190013019,'1178919',1951,,2897,16,,,0
190013019,'1178920',1121,,2898,16,,,0
190013019,'1178929',751,,2899,16,,,0
190013019,'1178930',1651,,2900,16,,,0
190013019,'1178972',1951,,2901,16,,,0
190013019,'1178983',1221,,2902,16,,,0
190013019,'1178994',2151,,2903,16,,,0
190013019,'1178997',1151,,2904,16,,,0
190013019,'1179048',1521,,2905,16,,,0
190013019,'1179062',1551,,2906,16,,,0
190013019,'1179074',1321,,2907,16,,,0
190013019,'1179087',1251,,2908,16,,,0
190013019,'1179104',1021,,2909,16,,,0
190013019,'1179171',1821,,2910,16,0,8 21,0
190013019,'1179187',851,,2911,16,,,0
190013019,'1179202',1051,,2912,16,,,0
190013019,'1179203',951,,2913,16,,,0
190013019,'1179212',1451,,2914,16,,,0
190013019,'1179219',1251,,2915,16,,,0
190013019,'1179243',751,,2916,16,,,0
190013019,'1179287',2151,,2917,16,,,0
190013019,'1179292',1051,,2918,16,,,0
190013019,'1179300',721,,2919,16,,,0
190013019,'1179373',951,,2921,16,,,0
190013019,'1179380',1351,,2922,16,,,0
190013019,'1179402',1351,,2923,16,,,0
190013019,'1179411',1421,,2924,16,,,0
190013019,'1179457',1851,,2925,16,,,0
190013019,'1179504',651,,2926,16,,,0
190013019,'1179507',921,,2927,16,,,0
190013019,'1179509',1151,,2928,16,,,0
190013019,'1179516',1551,,2929,16,,,0
190013019,'1179531',2051,,2930,16,,,0
190013019,'1179537',851,,2931,16,,,0
190013019,'1179539',1751,,2932,16,,,0
190013019,'1179546',651,,2933,16,,,0
190013019,'1179553',1851,,2934,16,,,0
190013019,'1179591',1651,,2936,16,,,0
190013019,'1179611',1721,,2937,16,,,0
190013019,'1179635',1451,,2938,16,,,0
190013019,'1179694',821,,2939,16,,,0
190013019,'1179701',2051,,2940,16,,,0
190013019,'1179717',1751,,2941,16,,,0
