110029,'1178926',1303,,2248,14,,,0
110029,'1179044',903,,2249,14,,,0
110029,'1179118',1103,,2250,14,,,0
110029,'1179173',1203,,2251,14,,,0
110029,'1179459',1703,,2252,14,,,0
110029,'1179534',1403,,2253,14,,,0
110029,'1179542',1603,,2254,14,,,0
110029,'1179690',1003,,2255,14,,,0
110029,'1179707',1503,,2256,14,,,0
160029,'1178957',908,,2424,24,,,0
160029,'1179098',1408,,2425,24,,,0
160029,'1179137',1608,,2426,24,,,0
160029,'1179301',1208,,2427,24,,,0
160029,'1179398',1308,,2428,24,,,0
160029,'1179410',1708,,2429,24,,,0
160029,'1179543',1108,,2430,24,,,0
160029,'1179558',1008,,2431,24,,,0
160029,'1179623',1508,,2432,24,,,0
216019,'1178924',800,,2470,26,,,0
216019,'1178948',630,,2471,26,,,0
216019,'1178963',2130,,2472,26,,,0
216019,'1178968',1230,,2473,26,,,0
216019,'1179019',1800,,2474,26,,,0
216019,'1179021',1600,,2475,26,,,0
216019,'1179029',1430,,2476,26,,,0
216019,'1179050',1530,,2477,26,,,0
216019,'1179070',1430,,2478,26,,,0
216019,'1179075',1830,,2479,26,,,0
216019,'1179116',733,,2480,27,,,0
216019,'1179123',1330,,2481,26,,,0
216019,'1179160',1733,,2482,27,,,0
216019,'1179179',2030,,2483,26,,,0
216019,'1179181',1130,,2484,26,,,0
216019,'1179199',930,,2485,26,,,0
216019,'1179206',1530,,2486,26,,,0
216019,'1179328',1030,,2487,26,,,0
216019,'1179338',1230,,2488,26,,,0
216019,'1179345',830,,2489,26,,,0
216019,'1179368',1703,,2490,27,,,0
216019,'1179369',1030,,2491,26,,,0
216019,'1179374',1633,,2492,27,,,0
216019,'1179421',1830,,2493,26,,,0
216019,'1179431',1130,,2494,26,,,0
216019,'1179458',1930,,2495,26,,,0
216019,'1179488',730,,2496,26,,,0
216019,'1179523',1330,,2497,26,,,0
216019,'1179574',2030,,2498,26,,,0
216019,'1179582',1930,,2499,26,,,0
216019,'1179605',900,,2500,26,,,0
216019,'1179647',1730,,2501,26,,,0
216019,'1179669',830,,2502,26,,,0
216019,'1179695',2130,,2503,26,,,0
216019,'1179712',703,,2504,27,,,0
216019,'1179714',930,,2505,26,,,0
216019,'1179719',1630,,2506,26,,,0
190011019,'1178945',1554,,2848,14,,,0
190011019,'1178950',754,,2849,38,,,0
190011019,'1178970',1924,,2850,38,,,0
190011019,'1179040',2124,,2852,38,,,0
190011019,'1179064',1054,,2853,14,,,0
190011019,'1179145',924,,2854,38,,,0
190011019,'1179146',1154,,2855,14,,,0
190011019,'1179159',1824,,2856,38,,,0
190011019,'1179163',824,,2858,38,,,0
190011019,'1179248',724,,2859,38,,,0
190011019,'1179252',1824,,2860,38,,,0
190011019,'1179276',2024,,2861,38,,,0
190011019,'1179307',724,,2862,38,,,0
190011019,'1179317',1254,,2863,14,,,0
190011019,'1179332',1124,,2864,39,,,0
190011019,'1179340',924,,2865,38,,,0
190011019,'1179367',1754,,2866,38,,,0
190011019,'1179375',1454,,2867,14,,,0
190011019,'1179393',1654,,2868,14,,,0
190011019,'1179394',2224,,2869,38,,,0
190011019,'1179413',1324,,2871,39,,,0
190011019,'1179424',2224,,2872,38,,,0
190011019,'1179426',1424,,2873,39,,,0
190011019,'1179430',1624,,2874,39,,,0
190011019,'1179437',1124,,2875,39,,,0
190011019,'1179438',1624,,2876,39,,,0
190011019,'1179442',1924,,2877,38,,,0
190011019,'1179477',824,,2878,38,,,0
190011019,'1179521',1424,,2879,39,,,0
190011019,'1179528',1224,,2880,39,,,0
190011019,'1179530',654,,2881,14,,,0
190011019,'1179555',2024,,2882,38,,,0
190011019,'1179572',1224,,2883,39,,,0
190011019,'1179590',1524,,2884,39,,,0
190011019,'1179619',1724,,2885,38,,,0
190011019,'1179642',1024,,2886,38,,,0
190011019,'1179650',1324,,2887,39,,,0
190011019,'1179665',624,,2888,17,,,0
190011019,'1179666',854,,2889,38,,,0
190011019,'1179672',1354,,2890,14,,,0
190011019,'1179677',2124,,2891,38,,,0
190011019,'1179678',954,,2892,38,,,0
190011019,'1179688',1724,,2893,38,,,0
190011019,'1179700',1524,,2894,39,,,0
190011019,'1179709',1024,,2895,38,,,0
