110019,'1178947',944,,2239,22,,,0
110019,'1178964',1444,,2240,22,,,0
110019,'1178973',1744,,2241,22,,,0
110019,'1179028',1544,,2242,22,,,0
110019,'1179105',1644,,2243,22,,,0
110019,'1179114',1044,,2244,22,,,0
110019,'1179176',1244,,2245,22,,,0
110019,'1179184',1344,,2246,22,,,0
110019,'1179290',1144,,2247,22,,,0
140010019,'1178914',1124,,2633,24,0,8 21,0
140010019,'1178921',1454,,2634,24,,,0
140010019,'1178922',954,,2635,25,,,0
140010019,'1178936',724,,2636,24,,,0
140010019,'1178946',2254,,2637,24,0,8 21,0
140010019,'1178979',1054,,2638,25,,,0
140010019,'1179012',754,,2639,25,,,0
140010019,'1179037',1954,,2640,24,,,0
140010019,'1179103',1554,,2641,25,,,0
140010019,'1179122',1324,,2642,24,0,8 21,0
140010019,'1179131',1154,,2643,24,,,0
140010019,'1179140',2154,,2644,24,,,0
140010019,'1179147',924,,2645,24,0,8 21,0
140010019,'1179157',654,,2646,24,,,0
140010019,'1179167',1054,,2647,24,,,0
140010019,'1179178',1754,,2648,25,,,0
140010019,'1179180',2154,,2649,25,,,0
140010019,'1179188',1454,,2650,25,,,0
140010019,'1179217',1954,,2651,25,,,0
140010019,'1179232',1524,,2652,24,0,8 21,0
140010019,'1179251',1624,,2653,24,,,0
140010019,'1179253',824,,2654,24,,,0
140010019,'1179268',1724,,2655,24,,,0
140010019,'1179270',1654,,2656,25,,,0
140010019,'1179336',854,,2658,24,,,0
140010019,'1179347',754,,2659,24,,,0
140010019,'1179361',2054,,2660,24,,,0
140010019,'1179396',2054,,2661,25,,,0
140010019,'1179408',2254,,2662,25,0,8 21,0
140010019,'1179415',1154,,2663,25,,,0
140010019,'1179445',1354,,2664,24,,,0
140010019,'1179452',1754,,2665,24,,,0
140010019,'1179453',1354,,2666,25,,,0
140010019,'1179479',1254,,2667,24,,,0
140010019,'1179483',1224,,2668,24,0,8 21,0
140010019,'1179494',1654,,2669,24,,,0
140010019,'1179496',1554,,2670,24,,,0
140010019,'1179498',1424,,2671,24,0,8 21,0
140010019,'1179544',1854,,2672,24,,,0
140010019,'1179548',1024,,2673,24,0,8 21,0
140010019,'1179613',1854,,2674,25,,,0
140010019,'1179620',854,,2675,25,,,0
140010019,'1179629',1824,,2676,24,0,8 21,0
140010019,'1179659',1254,,2677,25,,,0
140010019,'1179692',954,,2678,24,,,0
