140016019,'1175722',1054,,1882,11,,,0
140016019,'1175752',654,,1883,11,,,0
140016019,'1175760',1954,,1884,11,,,0
140016019,'1175799',924,,1885,11,0,8 21,0
140016019,'1175804',1024,,1886,11,0,8 21,0
140016019,'1175908',824,,1888,11,,,0
140016019,'1175922',1154,,1889,11,,,0
140016019,'1175936',754,,1890,11,,,0
140016019,'1175982',1124,,1891,11,0,8 21,0
140016019,'1175986',1354,,1892,11,,,0
140016019,'1175988',1254,,1893,11,,,0
140016019,'1175989',1754,,1894,11,,,0
140016019,'1176010',1224,,1895,11,0,8 21,0
140016019,'1176015',854,,1896,11,,,0
140016019,'1176131',1324,,1897,11,0,8 21,0
140016019,'1176168',1254,,1898,11,,,0
140016019,'1176170',1524,,1899,11,,,0
140016019,'1176241',2054,,1900,11,,,0
140016019,'1176247',724,,1901,11,,,0
140016019,'1176270',2154,,1902,11,,,0
140016019,'1176280',1554,,1903,11,,,0
140016019,'1176296',1454,,1904,11,,,0
140016019,'1176309',2154,,1905,11,,,0
140016019,'1176320',1754,,1906,11,,,0
140016019,'1176374',1824,,1907,11,0,8 21,0
140016019,'1176381',954,,1908,11,,,0
140016019,'1176402',1954,,1909,11,,,0
140016019,'1176421',754,,1910,11,,,0
140016019,'1176486',1724,,1911,11,,,0
140016019,'1176492',1054,,1912,11,,,0
140016019,'1176495',1854,,1913,11,,,0
140016019,'1176500',1554,,1914,11,,,0
140016019,'1176504',1654,,1915,11,,,0
140016019,'1176510',1454,,1916,11,,,0
140016019,'1176518',1624,,1917,11,,,0
140016019,'1176524',954,,1918,11,,,0
140016019,'1176533',854,,1919,11,,,0
140016019,'1176577',2054,,1921,11,,,0
140016019,'1176593',1424,,1923,11,0,8 21,0
140016019,'1176602',1354,,1924,11,,,0
140016019,'1176621',1854,,1926,11,,,0
140016019,'1176627',1654,,1927,11,,,0
140016019,'1176671',1154,,1929,11,,,0
