116019,'1175732',1548,,1479,19,,,0
116019,'1175756',1348,,1480,19,,,0
116019,'1175773',2048,,1481,19,,,0
116019,'1175832',1818,,1482,19,,,0
116019,'1175918',1648,,1486,19,,,0
116019,'1175942',1748,,1487,19,,,0
116019,'1175949',1718,,1488,19,,,0
116019,'1175954',948,,1489,19,,,0
116019,'1175970',1148,,1491,19,,,0
116019,'1176137',1848,,1495,19,,,0
116019,'1176239',1248,,1497,19,,,0
116019,'1176240',748,,1498,19,,,0
116019,'1176243',648,,1499,19,,,0
116019,'1176254',818,,1500,19,,,0
116019,'1176276',848,,1502,19,,,0
116019,'1176432',718,,1503,19,,,0
116019,'1176433',1618,,1504,19,,,0
116019,'1176442',918,,1505,19,,,0
116019,'1176630',2148,,1509,19,,,0
116019,'1176639',1948,,1510,19,,,0
116019,'1176641',1048,,1511,19,,,0
116019,'1176685',1448,,1514,19,,,0
116019,'1178927',1048,,2202,19,,,0
116019,'1178944',1448,,2203,19,,,0
116019,'1178984',2048,,2204,19,,,0
116019,'1178985',1548,,2205,19,,,0
116019,'1178993',1718,,2206,19,,,0
116019,'1179002',2048,,2207,19,,,0
116019,'1179004',848,,2208,19,,,0
116019,'1179020',1648,,2209,19,,,0
116019,'1179022',1648,,2210,19,,,0
116019,'1179025',1348,,2211,19,,,0
116019,'1179035',948,,2212,19,,,0
116019,'1179036',718,,2213,19,,,0
116019,'1179045',1948,,2214,19,,,0
116019,'1179090',2148,,2215,19,,,0
116019,'1179113',748,,2216,19,,,0
116019,'1179119',648,,2217,19,,,0
116019,'1179186',2148,,2218,19,,,0
116019,'1179192',1848,,2219,19,,,0
116019,'1179204',1848,,2220,19,,,0
116019,'1179214',918,,2221,19,,,0
116019,'1179218',1948,,2222,19,,,0
116019,'1179231',1348,,2223,19,,,0
116019,'1179239',848,,2224,19,,,0
116019,'1179249',1448,,2225,19,,,0
116019,'1179326',1148,,2226,19,,,0
116019,'1179334',1248,,2227,19,,,0
116019,'1179487',1748,,2228,19,,,0
116019,'1179497',1248,,2229,19,,,0
116019,'1179505',1618,,2230,19,,,0
116019,'1179506',1148,,2231,19,,,0
116019,'1179514',1818,,2232,19,,,0
116019,'1179540',1548,,2233,19,,,0
116019,'1179564',1048,,2234,19,,,0
116019,'1179589',948,,2235,19,,,0
116019,'1179630',1748,,2236,19,,,0
116019,'1179645',748,,2237,19,,,0
116019,'1179711',818,,2238,19,,,0
160019,'1175859',1240,,1588,20,,,0
160019,'1176087',1340,,1589,20,,,0
160019,'1176112',1440,,1590,20,,,0
160019,'1176128',1740,,1591,20,,,0
160019,'1176235',1040,,1593,20,,,0
160019,'1176236',1640,,1594,20,,,0
160019,'1176410',1540,,1599,20,,,0
160019,'1176572',940,,1602,20,,,0
160019,'1176585',1140,,1603,20,,,0
