130029,'1178925',1507,,2343,17,,,0
130029,'1178989',1407,,2344,17,,,0
130029,'1179023',1607,,2345,17,,,0
130029,'1179120',1707,,2346,17,,,0
130029,'1179168',1307,,2347,17,,,0
130029,'1179423',907,,2348,17,,,0
130029,'1179469',1207,,2349,17,,,0
130029,'1179639',1007,,2350,17,,,0
130029,'1179657',1107,,2351,17,,,0
190013019,'1178916',1658,,2896,49,,,0
190013019,'1178919',2028,,2897,49,,,0
190013019,'1178920',1158,,2898,49,,,0
190013019,'1178929',828,,2899,49,,,0
190013019,'1178930',1728,,2900,49,,,0
190013019,'1178972',2028,,2901,49,,,0
190013019,'1178983',1258,,2902,49,,,0
190013019,'1178994',2228,,2903,49,,,0
190013019,'1178997',1228,,2904,49,,,0
190013019,'1179048',1558,,2905,49,,,0
190013019,'1179062',1628,,2906,49,,,0
190013019,'1179074',1358,,2907,49,,,0
190013019,'1179087',1328,,2908,49,,,0
190013019,'1179104',1058,,2909,49,,,0
190013019,'1179187',928,,2911,49,,,0
190013019,'1179202',1128,,2912,49,,,0
190013019,'1179203',1028,,2913,49,,,0
190013019,'1179212',1528,,2914,49,,,0
190013019,'1179219',1328,,2915,49,,,0
190013019,'1179243',828,,2916,49,,,0
190013019,'1179287',2228,,2917,49,,,0
190013019,'1179292',1128,,2918,49,,,0
190013019,'1179300',758,,2919,49,,,0
190013019,'1179354',628,,2920,17,,,0
190013019,'1179373',1028,,2921,49,,,0
190013019,'1179380',1428,,2922,49,,,0
190013019,'1179402',1428,,2923,49,,,0
190013019,'1179411',1458,,2924,49,,,0
190013019,'1179457',1928,,2925,49,,,0
190013019,'1179504',728,,2926,49,,,0
190013019,'1179507',958,,2927,49,,,0
190013019,'1179509',1228,,2928,49,,,0
190013019,'1179516',1628,,2929,49,,,0
190013019,'1179531',2128,,2930,49,,,0
190013019,'1179537',928,,2931,49,,,0
190013019,'1179539',1828,,2932,49,,,0
190013019,'1179546',728,,2933,49,,,0
190013019,'1179553',1928,,2934,49,,,0
190013019,'1179581',658,,2935,17,,,0
190013019,'1179591',1728,,2936,49,,,0
190013019,'1179611',1758,,2937,49,,,0
190013019,'1179635',1528,,2938,49,,,0
190013019,'1179694',858,,2939,49,,,0
190013019,'1179701',2128,,2940,49,,,0
190013019,'1179717',1828,,2941,49,,,0
