140019,'1178969',1347,,2352,33,,,0
140019,'1178977',1547,,2353,33,,,0
140019,'1179164',1647,,2354,33,,,0
140019,'1179344',1447,,2355,33,,,0
140019,'1179352',947,,2356,33,,,0
140019,'1179462',1247,,2357,33,,,0
140019,'1179512',1147,,2358,33,,,0
140019,'1179518',1047,,2359,33,,,0
140019,'1179634',1800,,2360,33,,,0
140014019,'1178954',1630,,2725,40,,,0
140014019,'1178955',1200,,2726,40,,,0
140014019,'1178974',1030,,2727,40,,,0
140014019,'1179007',1828,,2728,40,,,0
140014019,'1179027',1530,,2729,40,,,0
140014019,'1179052',828,,2730,40,,,0
140014019,'1179079',800,,2731,40,,,0
140014019,'1179080',1528,,2732,40,,,0
140014019,'1179082',900,,2733,40,,,0
140014019,'1179084',730,,2734,40,,,0
140014019,'1179111',2230,,2735,40,,,0
140014019,'1179143',830,,2736,40,,,0
140014019,'1179200',1300,,2737,40,,,0
140014019,'1179207',1800,,2738,40,,,0
140014019,'1179221',1428,,2739,40,,,0
140014019,'1179271',1230,,2740,40,,,0
140014019,'1179298',1728,,2741,40,,,0
140014019,'1179320',1500,,2742,40,,,0
140014019,'1179323',1028,,2743,40,,,0
140014019,'1179337',628,,2744,12,,,0
140014019,'1179350',928,,2745,40,,,0
140014019,'1179353',1830,,2746,40,,,0
140014019,'1179366',2028,,2747,40,,,0
140014019,'1179392',1628,,2748,40,,,0
140014019,'1179403',1930,,2749,40,,,0
140014019,'1179417',728,,2750,19,,,0
140014019,'1179433',1430,,2751,40,,,0
140014019,'1179443',1000,,2752,40,,,0
140014019,'1179446',1228,,2753,40,,,0
140014019,'1179449',1100,,2754,40,,,0
140014019,'1179493',1130,,2755,40,,,0
140014019,'1179513',630,,2756,12,,,0
140014019,'1179524',1730,,2757,40,,,0
140014019,'1179535',1400,,2758,40,,,0
140014019,'1179547',1328,,2759,40,,,0
140014019,'1179550',700,,2760,19,,,0
140014019,'1179561',1600,,2762,40,,,0
140014019,'1179577',1330,,2763,40,,,0
140014019,'1179598',2130,,2764,40,,,0
140014019,'1179600',2228,,2765,40,,,0
140014019,'1179608',1928,,2766,40,,,0
140014019,'1179636',1700,,2767,40,,,0
140014019,'1179638',930,,2768,40,,,0
140014019,'1179648',2030,,2769,40,,,0
140014019,'1179654',2128,,2770,40,,,0
140014019,'1179662',1128,,2771,40,,,0
