120029,'1179032',1524,,2325,12,,,0
120029,'1179055',1324,,2326,12,,,0
120029,'1179056',1624,,2327,12,,,0
120029,'1179099',1724,,2328,12,,,0
120029,'1179153',924,,2329,12,,,0
120029,'1179222',1424,,2330,12,,,0
120029,'1179429',1124,,2331,12,,,0
120029,'1179447',1024,,2332,12,,,0
120029,'1179575',1224,,2333,12,,,0
190017019,'1178932',918,,3019,12,,,0
190017019,'1179000',2148,,3021,12,0,8 21,0
190017019,'1179014',1818,,3022,12,0,8 21,0
190017019,'1179016',618,,3023,12,,,0
190017019,'1179092',648,,3025,12,,,0
190017019,'1179151',1848,,3026,12,,,0
190017019,'1179161',1718,,3027,12,,,0
190017019,'1179277',818,,3028,12,,,0
190017019,'1179427',1248,,3032,12,,,0
190017019,'1179455',1348,,3033,12,,,0
190017019,'1179519',1748,,3035,12,,,0
190017019,'1179529',2248,,3036,12,0,8 21,0
190017019,'1179533',718,,3037,12,,,0
190017019,'1179573',1148,,3039,12,,,0
190017019,'1179579',1048,,3040,12,,,0
190017019,'1179599',2048,,3041,12,,,0
190017019,'1179610',1948,,3042,12,,,0
190017019,'1179626',1618,,3043,12,,,0
190017019,'1179667',748,,3044,12,,,0
190017019,'1179680',1548,,3045,12,,,0
190017019,'1179683',848,,3046,12,,,0
190017019,'1179686',1448,,3047,12,,,0
190017019,'1179699',948,,3048,12,,,0
190017019,'1179710',1648,,3049,12,,,0
190017019,'1179790',1148,,3050,12,,,0
190017019,'1179796',1348,,3051,12,,,0
190017019,'1179813',2248,,3052,12,0,8 21,0
190017019,'1179821',1448,,3053,12,,,0
190017019,'1179824',618,,3054,12,,,0
190017019,'1179832',1048,,3055,12,,,0
190017019,'1179843',848,,3056,12,,,0
190017019,'1179845',2048,,3057,12,,,0
190017019,'1179847',2148,,3058,12,0,8 21,0
190017019,'1179859',1648,,3060,12,,,0
190017019,'1179863',948,,3061,12,,,0
190017019,'1179870',818,,3062,12,,,0
190017019,'1179874',1248,,3063,12,,,0
190017019,'1179876',1848,,3064,12,,,0
190017019,'1179884',1618,,3065,12,,,0
190017019,'1179891',1548,,3066,12,,,0
190017019,'1179895',1818,,3067,12,0,8 21,0
190017019,'1179896',748,,3068,12,,,0
190017019,'1179899',1548,,3069,12,,,0
190017019,'1179905',648,,3070,12,,,0
190017019,'1179912',2048,,3071,12,,,0
190017019,'1179917',1748,,3072,12,,,0
190017019,'1179922',1348,,3073,12,,,0
190017019,'1179924',1448,,3074,12,,,0
190017019,'1179953',2148,,3078,12,0,8 21,0
190017019,'1179955',848,,3079,12,,,0
190017019,'1179971',1248,,3080,12,,,0
190017019,'1179977',1848,,3081,12,,,0
190017019,'1179978',1048,,3082,12,,,0
190017019,'1179979',1718,,3083,12,,,0
190017019,'1179986',748,,3084,12,,,0
190017019,'1179987',948,,3085,12,,,0
190017019,'1179994',1648,,3086,12,,,0
190017019,'1180001',918,,3087,12,,,0
190017019,'1180005',648,,3089,12,,,0
190017019,'1180041',2248,,3091,12,0,8 21,0
190017019,'1180050',1948,,3092,12,,,0
190017019,'1180055',1148,,3093,12,,,0
190017019,'1180056',1748,,3094,12,,,0
190017019,'1180065',1948,,3095,12,,,0
190017019,'1180069',718,,3096,12,,,0
