110019,'1178947',947,,2239,27,,,0
110019,'1178964',1447,,2240,27,,,0
110019,'1178973',1747,,2241,27,,,0
110019,'1179028',1547,,2242,27,,,0
110019,'1179105',1647,,2243,27,,,0
110019,'1179114',1047,,2244,27,,,0
110019,'1179176',1247,,2245,27,,,0
110019,'1179184',1347,,2246,27,,,0
110019,'1179290',1147,,2247,27,,,0
140010019,'1178914',1127,,2633,29,0,8 21,0
140010019,'1178921',1458,,2634,29,,,0
140010019,'1178922',958,,2635,30,,,0
140010019,'1178936',727,,2636,29,,,0
140010019,'1178946',2257,,2637,29,0,8 21,0
140010019,'1178979',1058,,2638,30,,,0
140010019,'1179012',757,,2639,30,,,0
140010019,'1179037',1957,,2640,29,,,0
140010019,'1179103',1557,,2641,30,,,0
140010019,'1179122',1327,,2642,29,0,8 21,0
140010019,'1179131',1158,,2643,29,,,0
140010019,'1179140',2157,,2644,29,,,0
140010019,'1179147',927,,2645,29,0,8 21,0
140010019,'1179157',657,,2646,29,,,0
140010019,'1179167',1058,,2647,29,,,0
140010019,'1179178',1757,,2648,30,,,0
140010019,'1179180',2157,,2649,30,,,0
140010019,'1179188',1458,,2650,30,,,0
140010019,'1179217',1957,,2651,30,,,0
140010019,'1179232',1527,,2652,29,0,8 21,0
140010019,'1179251',1627,,2653,29,,,0
140010019,'1179253',827,,2654,29,,,0
140010019,'1179268',1727,,2655,29,,,0
140010019,'1179270',1657,,2656,30,,,0
140010019,'1179336',857,,2658,29,,,0
140010019,'1179347',757,,2659,29,,,0
140010019,'1179361',2057,,2660,29,,,0
140010019,'1179396',2057,,2661,30,,,0
140010019,'1179408',2257,,2662,30,0,8 21,0
140010019,'1179415',1158,,2663,30,,,0
140010019,'1179445',1358,,2664,29,,,0
140010019,'1179452',1757,,2665,29,,,0
140010019,'1179453',1358,,2666,30,,,0
140010019,'1179479',1258,,2667,29,,,0
140010019,'1179483',1227,,2668,29,0,8 21,0
140010019,'1179494',1657,,2669,29,,,0
140010019,'1179496',1557,,2670,29,,,0
140010019,'1179498',1427,,2671,29,0,8 21,0
140010019,'1179544',1857,,2672,29,,,0
140010019,'1179548',1027,,2673,29,0,8 21,0
140010019,'1179613',1857,,2674,30,,,0
140010019,'1179620',857,,2675,30,,,0
140010019,'1179629',1827,,2676,29,0,8 21,0
140010019,'1179659',1258,,2677,30,,,0
140010019,'1179692',958,,2678,29,,,0
