110019,'1178947',935,,2239,4,,,0
110019,'1178964',1435,,2240,4,,,0
110019,'1178973',1735,,2241,4,,,0
110019,'1179028',1535,,2242,4,,,0
110019,'1179105',1635,,2243,4,,,0
110019,'1179114',1035,,2244,4,,,0
110019,'1179176',1235,,2245,4,,,0
110019,'1179184',1335,,2246,4,,,0
110019,'1179290',1135,,2247,4,,,0
140010019,'1178914',1115,,2633,6,0,8 21,0
140010019,'1178921',1445,,2634,6,,,0
140010019,'1178922',945,,2635,6,,,0
140010019,'1178936',715,,2636,6,,,0
140010019,'1178946',2245,,2637,6,0,8 21,0
140010019,'1178979',1045,,2638,6,,,0
140010019,'1179012',745,,2639,6,,,0
140010019,'1179037',1945,,2640,6,,,0
140010019,'1179103',1545,,2641,6,,,0
140010019,'1179122',1315,,2642,6,0,8 21,0
140010019,'1179131',1145,,2643,6,,,0
140010019,'1179140',2145,,2644,6,,,0
140010019,'1179147',915,,2645,6,0,8 21,0
140010019,'1179157',645,,2646,6,,,0
140010019,'1179167',1045,,2647,6,,,0
140010019,'1179178',1745,,2648,6,,,0
140010019,'1179180',2145,,2649,6,,,0
140010019,'1179188',1445,,2650,6,,,0
140010019,'1179217',1945,,2651,6,,,0
140010019,'1179232',1515,,2652,6,0,8 21,0
140010019,'1179251',1615,,2653,6,,,0
140010019,'1179253',815,,2654,6,,,0
140010019,'1179268',1715,,2655,6,,,0
140010019,'1179270',1645,,2656,6,,,0
140010019,'1179336',845,,2658,6,,,0
140010019,'1179347',745,,2659,6,,,0
140010019,'1179361',2045,,2660,6,,,0
140010019,'1179396',2045,,2661,6,,,0
140010019,'1179408',2245,,2662,6,0,8 21,0
140010019,'1179415',1145,,2663,6,,,0
140010019,'1179445',1345,,2664,6,,,0
140010019,'1179452',1745,,2665,6,,,0
140010019,'1179453',1345,,2666,6,,,0
140010019,'1179479',1245,,2667,6,,,0
140010019,'1179483',1215,,2668,6,0,8 21,0
140010019,'1179494',1645,,2669,6,,,0
140010019,'1179496',1545,,2670,6,,,0
140010019,'1179498',1415,,2671,6,0,8 21,0
140010019,'1179544',1845,,2672,6,,,0
140010019,'1179548',1015,,2673,6,0,8 21,0
140010019,'1179613',1845,,2674,6,,,0
140010019,'1179620',845,,2675,6,,,0
140010019,'1179629',1815,,2676,6,0,8 21,0
140010019,'1179659',1245,,2677,6,,,0
140010019,'1179692',945,,2678,6,,,0
