120019,'1178966',1325,,2316,11,,,0
120019,'1178998',1525,,2317,11,,,0
120019,'1179031',1625,,2318,11,,,0
120019,'1179149',1425,,2319,11,,,0
120019,'1179182',1125,,2320,11,,,0
120019,'1179282',925,,2321,11,,,0
120019,'1179296',1725,,2322,11,,,0
120019,'1179596',1025,,2323,11,,,0
120019,'1179628',1225,,2324,11,,,0
190013019,'1178916',1617,,2896,11,,,0
190013019,'1178919',1947,,2897,11,,,0
190013019,'1178920',1117,,2898,11,,,0
190013019,'1178929',747,,2899,11,,,0
190013019,'1178930',1647,,2900,11,,,0
190013019,'1178972',1947,,2901,11,,,0
190013019,'1178983',1217,,2902,11,,,0
190013019,'1178994',2147,,2903,11,,,0
190013019,'1178997',1147,,2904,11,,,0
190013019,'1179048',1517,,2905,11,,,0
190013019,'1179062',1547,,2906,11,,,0
190013019,'1179074',1317,,2907,11,,,0
190013019,'1179087',1247,,2908,11,,,0
190013019,'1179104',1017,,2909,11,,,0
190013019,'1179171',1817,,2910,11,0,8 21,0
190013019,'1179187',847,,2911,11,,,0
190013019,'1179202',1047,,2912,11,,,0
190013019,'1179203',947,,2913,11,,,0
190013019,'1179212',1447,,2914,11,,,0
190013019,'1179219',1247,,2915,11,,,0
190013019,'1179243',747,,2916,11,,,0
190013019,'1179287',2147,,2917,11,,,0
190013019,'1179292',1047,,2918,11,,,0
190013019,'1179300',717,,2919,11,,,0
190013019,'1179373',947,,2921,11,,,0
190013019,'1179380',1347,,2922,11,,,0
190013019,'1179402',1347,,2923,11,,,0
190013019,'1179411',1417,,2924,11,,,0
190013019,'1179457',1847,,2925,11,,,0
190013019,'1179504',647,,2926,11,,,0
190013019,'1179507',917,,2927,11,,,0
190013019,'1179509',1147,,2928,11,,,0
190013019,'1179516',1547,,2929,11,,,0
190013019,'1179531',2047,,2930,11,,,0
190013019,'1179537',847,,2931,11,,,0
190013019,'1179539',1747,,2932,11,,,0
190013019,'1179546',647,,2933,11,,,0
190013019,'1179553',1847,,2934,11,,,0
190013019,'1179591',1647,,2936,11,,,0
190013019,'1179611',1717,,2937,11,,,0
190013019,'1179635',1447,,2938,11,,,0
190013019,'1179694',817,,2939,11,,,0
190013019,'1179701',2047,,2940,11,,,0
190013019,'1179717',1747,,2941,11,,,0
