116019,'1175732',1555,,1479,33,,,0
116019,'1175756',1355,,1480,33,,,0
116019,'1175773',2055,,1481,33,,,0
116019,'1175832',1825,,1482,33,,,0
116019,'1175918',1659,,1486,34,,,0
116019,'1175942',1755,,1487,33,,,0
116019,'1175949',1729,,1488,34,,,0
116019,'1175954',955,,1489,33,,,0
116019,'1175970',1155,,1491,33,,,0
116019,'1176137',1855,,1495,33,,,0
116019,'1176239',1255,,1497,33,,,0
116019,'1176240',755,,1498,33,,,0
116019,'1176243',659,,1499,34,,,0
116019,'1176254',825,,1500,33,,,0
116019,'1176276',855,,1502,33,,,0
116019,'1176432',729,,1503,34,,,0
116019,'1176433',1625,,1504,33,,,0
116019,'1176442',925,,1505,33,,,0
116019,'1176630',2155,,1509,33,,,0
116019,'1176639',1955,,1510,33,,,0
116019,'1176641',1055,,1511,33,,,0
116019,'1176685',1455,,1514,33,,,0
116019,'1178927',1055,,2202,33,,,0
116019,'1178944',1455,,2203,33,,,0
116019,'1178984',2055,,2204,33,,,0
116019,'1178985',1555,,2205,33,,,0
116019,'1178993',1729,,2206,34,,,0
116019,'1179002',2055,,2207,33,,,0
116019,'1179004',855,,2208,33,,,0
116019,'1179020',1655,,2209,33,,,0
116019,'1179022',1659,,2210,34,,,0
116019,'1179025',1355,,2211,33,,,0
116019,'1179035',955,,2212,33,,,0
116019,'1179036',729,,2213,34,,,0
116019,'1179045',1955,,2214,33,,,0
116019,'1179090',2155,,2215,33,,,0
116019,'1179113',755,,2216,33,,,0
116019,'1179119',659,,2217,34,,,0
116019,'1179186',2155,,2218,33,,,0
116019,'1179192',1855,,2219,33,,,0
116019,'1179204',1855,,2220,33,,,0
116019,'1179214',925,,2221,33,,,0
116019,'1179218',1955,,2222,33,,,0
116019,'1179231',1355,,2223,33,,,0
116019,'1179239',855,,2224,33,,,0
116019,'1179249',1455,,2225,33,,,0
116019,'1179326',1155,,2226,33,,,0
116019,'1179334',1255,,2227,33,,,0
116019,'1179487',1755,,2228,33,,,0
116019,'1179497',1255,,2229,33,,,0
116019,'1179505',1625,,2230,33,,,0
116019,'1179506',1155,,2231,33,,,0
116019,'1179514',1825,,2232,33,,,0
116019,'1179540',1555,,2233,33,,,0
116019,'1179564',1055,,2234,33,,,0
116019,'1179589',955,,2235,33,,,0
116019,'1179630',1755,,2236,33,,,0
116019,'1179645',755,,2237,33,,,0
116019,'1179711',825,,2238,33,,,0
160019,'1175859',1244,,1588,32,,,0
160019,'1176087',1344,,1589,32,,,0
160019,'1176112',1444,,1590,32,,,0
160019,'1176128',1744,,1591,32,,,0
160019,'1176235',1044,,1593,32,,,0
160019,'1176236',1644,,1594,32,,,0
160019,'1176410',1544,,1599,32,,,0
160019,'1176572',944,,1602,32,,,0
160019,'1176585',1144,,1603,32,,,0
