140019,'1178969',1345,,2352,30,,,0
140019,'1178977',1545,,2353,30,,,0
140019,'1179164',1645,,2354,30,,,0
140019,'1179344',1445,,2355,30,,,0
140019,'1179352',945,,2356,30,,,0
140019,'1179462',1245,,2357,30,,,0
140019,'1179512',1145,,2358,30,,,0
140019,'1179518',1045,,2359,30,,,0
140019,'1179634',1758,,2360,30,,,0
140014019,'1178954',1629,,2725,37,,,0
140014019,'1178955',1159,,2726,37,,,0
140014019,'1178974',1029,,2727,37,,,0
140014019,'1179007',1827,,2728,37,,,0
140014019,'1179027',1529,,2729,37,,,0
140014019,'1179052',827,,2730,37,,,0
140014019,'1179079',759,,2731,37,,,0
140014019,'1179080',1527,,2732,37,,,0
140014019,'1179082',859,,2733,37,,,0
140014019,'1179084',729,,2734,37,,,0
140014019,'1179111',2229,,2735,37,,,0
140014019,'1179143',829,,2736,37,,,0
140014019,'1179200',1259,,2737,37,,,0
140014019,'1179207',1759,,2738,37,,,0
140014019,'1179221',1427,,2739,37,,,0
140014019,'1179271',1229,,2740,37,,,0
140014019,'1179298',1727,,2741,37,,,0
140014019,'1179320',1459,,2742,37,,,0
140014019,'1179323',1027,,2743,37,,,0
140014019,'1179337',627,,2744,9,,,0
140014019,'1179350',927,,2745,37,,,0
140014019,'1179353',1829,,2746,37,,,0
140014019,'1179366',2027,,2747,37,,,0
140014019,'1179392',1627,,2748,37,,,0
140014019,'1179403',1929,,2749,37,,,0
140014019,'1179417',727,,2750,16,,,0
140014019,'1179433',1429,,2751,37,,,0
140014019,'1179443',959,,2752,37,,,0
140014019,'1179446',1227,,2753,37,,,0
140014019,'1179449',1059,,2754,37,,,0
140014019,'1179493',1129,,2755,37,,,0
140014019,'1179513',629,,2756,9,,,0
140014019,'1179524',1729,,2757,37,,,0
140014019,'1179535',1359,,2758,37,,,0
140014019,'1179547',1327,,2759,37,,,0
140014019,'1179550',659,,2760,16,,,0
140014019,'1179561',1559,,2762,37,,,0
140014019,'1179577',1329,,2763,37,,,0
140014019,'1179598',2129,,2764,37,,,0
140014019,'1179600',2227,,2765,37,,,0
140014019,'1179608',1927,,2766,37,,,0
140014019,'1179636',1659,,2767,37,,,0
140014019,'1179638',929,,2768,37,,,0
140014019,'1179648',2029,,2769,37,,,0
140014019,'1179654',2127,,2770,37,,,0
140014019,'1179662',1127,,2771,37,,,0
