150029,'1178980',1118,,2388,25,,,0
150029,'1179059',918,,2389,25,,,0
150029,'1179210',1318,,2390,25,,,0
150029,'1179274',1718,,2391,25,,,0
150029,'1179311',1018,,2392,25,,,0
150029,'1179362',1618,,2393,25,,,0
150029,'1179450',1418,,2394,25,,,0
150029,'1179616',1218,,2395,25,,,0
150029,'1179674',1518,,2396,25,,,0
150029,'1179828',1018,,2397,24,,,0
150029,'1179915',1218,,2398,24,,,0
150029,'1179932',918,,2399,24,,,0
150029,'1179948',1518,,2400,24,,,0
150029,'1179983',1318,,2401,24,,,0
150029,'1180009',1118,,2402,24,,,0
150029,'1180017',1718,,2403,24,,,0
150029,'1180040',1618,,2404,24,,,0
150029,'1180079',1418,,2405,24,,,0
140014019,'1178954',1543,,2725,1,,,0
140014019,'1178955',1113,,2726,1,,,0
140014019,'1178974',943,,2727,1,,,0
140014019,'1179007',1743,,2728,1,,,0
140014019,'1179027',1443,,2729,1,,,0
140014019,'1179052',743,,2730,1,,,0
140014019,'1179079',713,,2731,1,,,0
140014019,'1179080',1443,,2732,1,,,0
140014019,'1179082',813,,2733,1,,,0
140014019,'1179084',643,,2734,1,,,0
140014019,'1179111',2143,,2735,1,,,0
140014019,'1179143',743,,2736,1,,,0
140014019,'1179200',1213,,2737,1,,,0
140014019,'1179207',1713,,2738,1,,,0
140014019,'1179221',1343,,2739,1,,,0
140014019,'1179271',1143,,2740,1,,,0
140014019,'1179298',1643,,2741,1,,,0
140014019,'1179320',1413,,2742,1,,,0
140014019,'1179323',943,,2743,1,,,0
140014019,'1179350',843,,2745,1,,,0
140014019,'1179353',1743,,2746,1,,,0
140014019,'1179366',1943,,2747,1,,,0
140014019,'1179392',1543,,2748,1,,,0
140014019,'1179403',1843,,2749,1,,,0
140014019,'1179433',1343,,2751,1,,,0
140014019,'1179443',913,,2752,1,,,0
140014019,'1179446',1143,,2753,1,,,0
140014019,'1179449',1013,,2754,1,,,0
140014019,'1179493',1043,,2755,1,,,0
140014019,'1179524',1643,,2757,1,,,0
140014019,'1179535',1313,,2758,1,,,0
140014019,'1179547',1243,,2759,1,,,0
140014019,'1179557',1813,,2761,1,0,8 21,0
140014019,'1179561',1513,,2762,1,,,0
140014019,'1179577',1243,,2763,1,,,0
140014019,'1179598',2043,,2764,1,,,0
140014019,'1179600',2143,,2765,1,,,0
140014019,'1179608',1843,,2766,1,,,0
140014019,'1179636',1613,,2767,1,,,0
140014019,'1179638',843,,2768,1,,,0
140014019,'1179648',1943,,2769,1,,,0
140014019,'1179654',2043,,2770,1,,,0
140014019,'1179662',1043,,2771,1,,,0
190015019,'1178937',1208,,2942,45,4,,0
190015019,'1178958',1038,,2944,45,4,,0
190015019,'1179073',1408,,2945,45,4,,0
190015019,'1179083',638,,2946,20,4,,0
190015019,'1179089',1238,,2947,45,4,,0
190015019,'1179095',1738,,2948,45,4,,0
190015019,'1179152',1008,,2949,45,4,,0
190015019,'1179170',838,,2951,45,4,,0
190015019,'1179226',1838,,2952,45,4,,0
190015019,'1179329',1708,,2954,45,4,,0
190015019,'1179378',2038,,2955,45,4,,0
190015019,'1179382',1808,,2956,45,4,,0
190015019,'1179414',1538,,2957,45,4,,0
190015019,'1179456',1608,,2958,45,4,,0
190015019,'1179465',1638,,2959,45,4,,0
190015019,'1179480',1338,,2960,45,4,,0
190015019,'1179489',1308,,2961,45,4,,0
190015019,'1179491',1138,,2962,45,4,,0
190015019,'1179501',1108,,2963,45,4,,0
190015019,'1179560',2138,,2964,45,4,,0
190015019,'1179563',1438,,2965,45,4,,0
190015019,'1179576',1938,,2966,45,4,,0
190015019,'1179602',908,,2967,45,4,,0
190015019,'1179633',808,,2968,45,4,,0
190015019,'1179637',708,,2969,20,4,,0
190015019,'1179652',938,,2970,45,4,,0
190015019,'1179679',1508,,2971,45,4,,0
190015019,'1179716',738,,2972,45,4,,0
190015019,'1179791',2138,,2973,45,4,,0
190015019,'1179793',738,,2974,45,4,,0
190015019,'1179804',738,,2975,45,4,,0
190015019,'1179812',1138,,2976,45,4,,0
190015019,'1179819',838,,2977,45,4,,0
190015019,'1179825',1238,,2978,45,4,,0
190015019,'1179856',908,,2980,45,4,,0
190015019,'1179872',838,,2981,45,4,,0
190015019,'1179885',1708,,2982,45,4,,0
190015019,'1179887',1438,,2983,45,4,,0
190015019,'1179898',1538,,2984,45,4,,0
190015019,'1179909',1038,,2985,45,4,,0
190015019,'1179919',1838,,2986,45,4,,0
190015019,'1179920',938,,2987,45,4,,0
190015019,'1179923',1508,,2988,45,4,,0
190015019,'1179931',2138,,2989,45,4,,0
190015019,'1179935',1738,,2991,45,4,,0
190015019,'1179940',1208,,2992,45,4,,0
190015019,'1179952',1238,,2993,45,4,,0
190015019,'1179960',1338,,2994,45,4,,0
190015019,'1179961',1538,,2995,45,4,,0
190015019,'1179980',1108,,2997,45,4,,0
190015019,'1179982',1808,,2998,45,4,,0
190015019,'1179992',1608,,2999,45,4,,0
190015019,'1179995',1138,,3000,45,4,,0
190015019,'1179999',1308,,3001,45,4,,0
190015019,'1180013',1938,,3002,45,4,,0
190015019,'1180014',2038,,3003,45,4,,0
190015019,'1180015',1008,,3004,45,4,,0
190015019,'1180016',2038,,3005,45,4,,0
190015019,'1180026',1938,,3007,45,4,,0
190015019,'1180029',1038,,3008,45,4,,0
190015019,'1180044',1638,,3009,45,4,,0
190015019,'1180058',1408,,3011,45,4,,0
190015019,'1180059',1738,,3012,45,4,,0
190015019,'1180068',1838,,3013,45,4,,0
190015019,'1180070',1638,,3014,45,4,,0
190015019,'1180075',938,,3015,45,4,,0
190015019,'1180077',1338,,3016,45,4,,0
190015019,'1180080',808,,3017,45,4,,0
190015019,'1180081',1438,,3018,45,4,,0
