110,110019,'1178947',2239
110,110019,'1178964',2240
110,110019,'1178973',2241
110,110019,'1179028',2242
110,110019,'1179105',2243
110,110019,'1179114',2244
110,110019,'1179176',2245
110,110019,'1179184',2246
110,110019,'1179290',2247
110,110029,'1178926',2248
110,110029,'1179044',2249
110,110029,'1179118',2250
110,110029,'1179173',2251
110,110029,'1179459',2252
110,110029,'1179534',2253
110,110029,'1179542',2254
110,110029,'1179690',2255
110,110029,'1179707',2256
116,116019,'1179803',2279
116,116019,'1179806',2280
116,116019,'1179811',2281
116,116019,'1179814',2282
116,116019,'1179815',2283
116,116019,'1179816',2284
116,116019,'1179818',2285
116,116019,'1179820',2286
116,116019,'1179826',2287
116,116019,'1179838',2288
116,116019,'1179860',2289
116,116019,'1179861',2290
116,116019,'1179871',2291
116,116019,'1179879',2292
116,116019,'1179890',2293
116,116019,'1179910',2294
116,116019,'1179933',2295
116,116019,'1179936',2296
116,116019,'1179944',2297
116,116019,'1179946',2298
116,116019,'1179950',2299
116,116019,'1179954',2300
116,116019,'1179959',2301
116,116019,'1179965',2302
116,116019,'1179966',2303
116,116019,'1179975',2304
116,116019,'1179985',2305
116,116019,'1180003',2306
116,116019,'1180007',2307
116,116019,'1180008',2308
116,116019,'1180010',2309
116,116019,'1180011',2310
116,116019,'1180027',2311
116,116019,'1180032',2312
116,116019,'1180034',2313
116,116019,'1180036',2314
116,116019,'1180063',2315
120,120019,'1178966',2316
120,120019,'1178998',2317
120,120019,'1179031',2318
120,120019,'1179149',2319
120,120019,'1179182',2320
120,120019,'1179282',2321
120,120019,'1179296',2322
120,120019,'1179596',2323
120,120019,'1179628',2324
120,120029,'1179032',2325
120,120029,'1179055',2326
120,120029,'1179056',2327
120,120029,'1179099',2328
120,120029,'1179153',2329
120,120029,'1179222',2330
120,120029,'1179429',2331
120,120029,'1179447',2332
120,120029,'1179575',2333
130,130019,'1179053',2334
130,130019,'1179067',2335
130,130019,'1179069',2336
130,130019,'1179093',2337
130,130019,'1179108',2338
130,130019,'1179294',2339
130,130019,'1179386',2340
130,130019,'1179541',2341
130,130019,'1179675',2342
130,130029,'1178925',2343
130,130029,'1178989',2344
130,130029,'1179023',2345
130,130029,'1179120',2346
130,130029,'1179168',2347
130,130029,'1179423',2348
130,130029,'1179469',2349
130,130029,'1179639',2350
130,130029,'1179657',2351
140,140019,'1178969',2352
140,140019,'1178977',2353
140,140019,'1179164',2354
140,140019,'1179344',2355
140,140019,'1179352',2356
140,140019,'1179462',2357
140,140019,'1179512',2358
140,140019,'1179518',2359
140,140019,'1179634',2360
140,140029,'1179802',2370
140,140029,'1179837',2371
140,140029,'1179865',2372
140,140029,'1179930',2373
140,140029,'1179947',2374
140,140029,'1179984',2375
140,140029,'1180047',2376
140,140029,'1180060',2377
140,140029,'1180076',2378
150,150019,'1178942',2379
150,150019,'1178956',2380
150,150019,'1178976',2381
150,150019,'1179117',2382
150,150019,'1179150',2383
150,150019,'1179341',2384
150,150019,'1179473',2385
150,150019,'1179559',2386
150,150019,'1179673',2387
150,150029,'1179828',2397
150,150029,'1179915',2398
150,150029,'1179932',2399
150,150029,'1179948',2400
150,150029,'1179983',2401
150,150029,'1180009',2402
150,150029,'1180017',2403
150,150029,'1180040',2404
150,150029,'1180079',2405
160,160019,'1179817',2415
160,160019,'1179829',2416
160,160019,'1179855',2417
160,160019,'1179873',2418
160,160019,'1179921',2419
160,160019,'1179929',2420
160,160019,'1180025',2421
160,160019,'1180042',2422
160,160019,'1180067',2423
160,160029,'1178957',2424
160,160029,'1179098',2425
160,160029,'1179137',2426
160,160029,'1179301',2427
160,160029,'1179398',2428
160,160029,'1179410',2429
160,160029,'1179543',2430
160,160029,'1179558',2431
160,160029,'1179623',2432
200,200019,'1179798',2442
200,200019,'1179810',2443
200,200019,'1179901',2444
200,200019,'1179903',2445
200,200019,'1179911',2446
200,200019,'1179939',2447
200,200019,'1179968',2448
200,200019,'1179973',2449
200,200019,'1180054',2450
200,200029,'1179229',2457
200,200029,'1179807',2461
200,200029,'1179834',2462
200,200029,'1179867',2463
200,200029,'1179877',2464
200,200029,'1179888',2465
200,200029,'1179893',2466
200,200029,'1179998',2467
200,200029,'1180053',2468
200,200029,'1180064',2469
216,216019,'1178924',2470
216,216019,'1178948',2471
216,216019,'1178963',2472
216,216019,'1178968',2473
216,216019,'1179019',2474
216,216019,'1179021',2475
216,216019,'1179029',2476
216,216019,'1179050',2477
216,216019,'1179070',2478
216,216019,'1179075',2479
216,216019,'1179116',2480
216,216019,'1179123',2481
216,216019,'1179160',2482
216,216019,'1179179',2483
216,216019,'1179181',2484
216,216019,'1179199',2485
216,216019,'1179206',2486
216,216019,'1179328',2487
216,216019,'1179338',2488
216,216019,'1179345',2489
216,216019,'1179368',2490
216,216019,'1179369',2491
216,216019,'1179374',2492
216,216019,'1179421',2493
216,216019,'1179431',2494
216,216019,'1179458',2495
216,216019,'1179488',2496
216,216019,'1179523',2497
216,216019,'1179574',2498
216,216019,'1179582',2499
216,216019,'1179605',2500
216,216019,'1179647',2501
216,216019,'1179669',2502
216,216019,'1179695',2503
216,216019,'1179712',2504
216,216019,'1179714',2505
216,216019,'1179719',2506
300,300019,'1178962',2510
300,300019,'1179049',2515
300,300019,'1179297',2527
300,300019,'1179310',2528
300,300019,'1179551',2544
300,300019,'1179588',2548
300,300019,'1179640',2556
300,300019,'1179671',2558
300,300019,'1179789',2559
300,300019,'1179794',2560
300,300019,'1179795',2561
300,300019,'1179797',2562
300,300019,'1179799',2563
300,300019,'1179801',2564
300,300019,'1179805',2565
300,300019,'1179809',2566
300,300019,'1179823',2567
300,300019,'1179830',2568
300,300019,'1179833',2569
300,300019,'1179836',2570
300,300019,'1179840',2571
300,300019,'1179841',2572
300,300019,'1179844',2573
300,300019,'1179848',2574
300,300019,'1179850',2575
300,300019,'1179851',2576
300,300019,'1179852',2577
300,300019,'1179853',2578
300,300019,'1179854',2579
300,300019,'1179857',2580
300,300019,'1179858',2581
300,300019,'1179864',2582
300,300019,'1179866',2583
300,300019,'1179869',2584
300,300019,'1179878',2585
300,300019,'1179880',2586
300,300019,'1179882',2587
300,300019,'1179883',2588
300,300019,'1179889',2589
300,300019,'1179892',2590
300,300019,'1179894',2591
300,300019,'1179900',2592
300,300019,'1179902',2593
300,300019,'1179906',2594
300,300019,'1179908',2595
300,300019,'1179914',2596
300,300019,'1179916',2597
300,300019,'1179918',2598
300,300019,'1179927',2599
300,300019,'1179928',2600
300,300019,'1179937',2601
300,300019,'1179942',2602
300,300019,'1179951',2603
300,300019,'1179956',2604
300,300019,'1179957',2605
300,300019,'1179962',2606
300,300019,'1179964',2607
300,300019,'1179967',2608
300,300019,'1179969',2609
300,300019,'1179970',2610
300,300019,'1179981',2611
300,300019,'1179988',2612
300,300019,'1179990',2613
300,300019,'1179993',2614
300,300019,'1179996',2615
300,300019,'1180000',2616
300,300019,'1180004',2617
300,300019,'1180022',2618
300,300019,'1180030',2619
300,300019,'1180035',2620
300,300019,'1180037',2621
300,300019,'1180038',2622
300,300019,'1180039',2623
300,300019,'1180043',2624
300,300019,'1180046',2625
300,300019,'1180049',2626
300,300019,'1180051',2627
300,300019,'1180052',2628
300,300019,'1180061',2629
300,300019,'1180066',2630
300,300019,'1180071',2631
300,300019,'1180073',2632
140010,140010019,'1178914',2633
140010,140010019,'1178921',2634
140010,140010019,'1178922',2635
140010,140010019,'1178936',2636
140010,140010019,'1178946',2637
140010,140010019,'1178979',2638
140010,140010019,'1179012',2639
140010,140010019,'1179037',2640
140010,140010019,'1179103',2641
140010,140010019,'1179122',2642
140010,140010019,'1179131',2643
140010,140010019,'1179140',2644
140010,140010019,'1179147',2645
140010,140010019,'1179157',2646
140010,140010019,'1179167',2647
140010,140010019,'1179178',2648
140010,140010019,'1179180',2649
140010,140010019,'1179188',2650
140010,140010019,'1179217',2651
140010,140010019,'1179232',2652
140010,140010019,'1179251',2653
140010,140010019,'1179253',2654
140010,140010019,'1179268',2655
140010,140010019,'1179270',2656
140010,140010019,'1179302',2657
140010,140010019,'1179336',2658
140010,140010019,'1179347',2659
140010,140010019,'1179361',2660
140010,140010019,'1179396',2661
140010,140010019,'1179408',2662
140010,140010019,'1179415',2663
140010,140010019,'1179445',2664
140010,140010019,'1179452',2665
140010,140010019,'1179453',2666
140010,140010019,'1179479',2667
140010,140010019,'1179483',2668
140010,140010019,'1179494',2669
140010,140010019,'1179496',2670
140010,140010019,'1179498',2671
140010,140010019,'1179544',2672
140010,140010019,'1179548',2673
140010,140010019,'1179613',2674
140010,140010019,'1179620',2675
140010,140010019,'1179629',2676
140010,140010019,'1179659',2677
140010,140010019,'1179692',2678
140012,140012019,'1178913',2679
140012,140012019,'1178923',2680
140012,140012019,'1178934',2681
140012,140012019,'1178935',2682
140012,140012019,'1178953',2683
140012,140012019,'1178981',2684
140012,140012019,'1178986',2685
140012,140012019,'1179006',2686
140012,140012019,'1179011',2687
140012,140012019,'1179015',2688
140012,140012019,'1179046',2689
140012,140012019,'1179102',2690
140012,140012019,'1179154',2691
140012,140012019,'1179183',2692
140012,140012019,'1179185',2693
140012,140012019,'1179216',2694
140012,140012019,'1179230',2695
140012,140012019,'1179233',2696
140012,140012019,'1179236',2697
140012,140012019,'1179238',2698
140012,140012019,'1179244',2699
140012,140012019,'1179245',2700
140012,140012019,'1179250',2701
140012,140012019,'1179255',2702
140012,140012019,'1179261',2703
140012,140012019,'1179316',2704
140012,140012019,'1179325',2705
140012,140012019,'1179348',2706
140012,140012019,'1179359',2707
140012,140012019,'1179372',2708
140012,140012019,'1179387',2709
140012,140012019,'1179399',2710
140012,140012019,'1179425',2711
140012,140012019,'1179444',2712
140012,140012019,'1179495',2713
140012,140012019,'1179499',2714
140012,140012019,'1179510',2715
140012,140012019,'1179511',2716
140012,140012019,'1179526',2717
140012,140012019,'1179556',2718
140012,140012019,'1179567',2719
140012,140012019,'1179578',2720
140012,140012019,'1179644',2721
140012,140012019,'1179693',2722
140012,140012019,'1179704',2723
140012,140012019,'1179715',2724
140014,140014019,'1178954',2725
140014,140014019,'1178955',2726
140014,140014019,'1178974',2727
140014,140014019,'1179007',2728
140014,140014019,'1179027',2729
140014,140014019,'1179052',2730
140014,140014019,'1179079',2731
140014,140014019,'1179080',2732
140014,140014019,'1179082',2733
140014,140014019,'1179084',2734
140014,140014019,'1179111',2735
140014,140014019,'1179143',2736
140014,140014019,'1179200',2737
140014,140014019,'1179207',2738
140014,140014019,'1179221',2739
140014,140014019,'1179271',2740
140014,140014019,'1179298',2741
140014,140014019,'1179320',2742
140014,140014019,'1179323',2743
140014,140014019,'1179337',2744
140014,140014019,'1179350',2745
140014,140014019,'1179353',2746
140014,140014019,'1179366',2747
140014,140014019,'1179392',2748
140014,140014019,'1179403',2749
140014,140014019,'1179417',2750
140014,140014019,'1179433',2751
140014,140014019,'1179443',2752
140014,140014019,'1179446',2753
140014,140014019,'1179449',2754
140014,140014019,'1179493',2755
140014,140014019,'1179513',2756
140014,140014019,'1179524',2757
140014,140014019,'1179535',2758
140014,140014019,'1179547',2759
140014,140014019,'1179550',2760
140014,140014019,'1179557',2761
140014,140014019,'1179561',2762
140014,140014019,'1179577',2763
140014,140014019,'1179598',2764
140014,140014019,'1179600',2765
140014,140014019,'1179608',2766
140014,140014019,'1179636',2767
140014,140014019,'1179638',2768
140014,140014019,'1179648',2769
140014,140014019,'1179654',2770
140014,140014019,'1179662',2771
140016,140016019,'1179005',2774
140016,140016019,'1179063',2776
140016,140016019,'1179225',2781
140016,140016019,'1179286',2784
140016,140016019,'1179440',2795
140016,140016019,'1179792',2805
140016,140016019,'1179800',2806
140016,140016019,'1179808',2807
140016,140016019,'1179822',2808
140016,140016019,'1179827',2809
140016,140016019,'1179831',2810
140016,140016019,'1179835',2811
140016,140016019,'1179839',2812
140016,140016019,'1179842',2813
140016,140016019,'1179862',2814
140016,140016019,'1179868',2815
140016,140016019,'1179875',2816
140016,140016019,'1179881',2817
140016,140016019,'1179886',2818
140016,140016019,'1179897',2819
140016,140016019,'1179904',2820
140016,140016019,'1179907',2821
140016,140016019,'1179913',2822
140016,140016019,'1179926',2823
140016,140016019,'1179938',2824
140016,140016019,'1179943',2825
140016,140016019,'1179945',2826
140016,140016019,'1179958',2827
140016,140016019,'1179963',2828
140016,140016019,'1179974',2829
140016,140016019,'1179976',2830
140016,140016019,'1179989',2831
140016,140016019,'1179991',2832
140016,140016019,'1179997',2833
140016,140016019,'1180006',2834
140016,140016019,'1180012',2835
140016,140016019,'1180018',2836
140016,140016019,'1180019',2837
140016,140016019,'1180020',2838
140016,140016019,'1180023',2839
140016,140016019,'1180024',2840
140016,140016019,'1180028',2841
140016,140016019,'1180031',2842
140016,140016019,'1180048',2843
140016,140016019,'1180057',2844
140016,140016019,'1180062',2845
140016,140016019,'1180072',2846
140016,140016019,'1180078',2847
190011,190011019,'1178945',2848
190011,190011019,'1178950',2849
190011,190011019,'1178970',2850
190011,190011019,'1179009',2851
190011,190011019,'1179040',2852
190011,190011019,'1179064',2853
190011,190011019,'1179145',2854
190011,190011019,'1179146',2855
190011,190011019,'1179159',2856
190011,190011019,'1179162',2857
190011,190011019,'1179163',2858
190011,190011019,'1179248',2859
190011,190011019,'1179252',2860
190011,190011019,'1179276',2861
190011,190011019,'1179307',2862
190011,190011019,'1179317',2863
190011,190011019,'1179332',2864
190011,190011019,'1179340',2865
190011,190011019,'1179367',2866
190011,190011019,'1179375',2867
190011,190011019,'1179393',2868
190011,190011019,'1179394',2869
190011,190011019,'1179412',2870
190011,190011019,'1179413',2871
190011,190011019,'1179424',2872
190011,190011019,'1179426',2873
190011,190011019,'1179430',2874
190011,190011019,'1179437',2875
190011,190011019,'1179438',2876
190011,190011019,'1179442',2877
190011,190011019,'1179477',2878
190011,190011019,'1179521',2879
190011,190011019,'1179528',2880
190011,190011019,'1179530',2881
190011,190011019,'1179555',2882
190011,190011019,'1179572',2883
190011,190011019,'1179590',2884
190011,190011019,'1179619',2885
190011,190011019,'1179642',2886
190011,190011019,'1179650',2887
190011,190011019,'1179665',2888
190011,190011019,'1179666',2889
190011,190011019,'1179672',2890
190011,190011019,'1179677',2891
190011,190011019,'1179678',2892
190011,190011019,'1179688',2893
190011,190011019,'1179700',2894
190011,190011019,'1179709',2895
190013,190013019,'1178916',2896
190013,190013019,'1178919',2897
190013,190013019,'1178920',2898
190013,190013019,'1178929',2899
190013,190013019,'1178930',2900
190013,190013019,'1178972',2901
190013,190013019,'1178983',2902
190013,190013019,'1178994',2903
190013,190013019,'1178997',2904
190013,190013019,'1179048',2905
190013,190013019,'1179062',2906
190013,190013019,'1179074',2907
190013,190013019,'1179087',2908
190013,190013019,'1179104',2909
190013,190013019,'1179171',2910
190013,190013019,'1179187',2911
190013,190013019,'1179202',2912
190013,190013019,'1179203',2913
190013,190013019,'1179212',2914
190013,190013019,'1179219',2915
190013,190013019,'1179243',2916
190013,190013019,'1179287',2917
190013,190013019,'1179292',2918
190013,190013019,'1179300',2919
190013,190013019,'1179354',2920
190013,190013019,'1179373',2921
190013,190013019,'1179380',2922
190013,190013019,'1179402',2923
190013,190013019,'1179411',2924
190013,190013019,'1179457',2925
190013,190013019,'1179504',2926
190013,190013019,'1179507',2927
190013,190013019,'1179509',2928
190013,190013019,'1179516',2929
190013,190013019,'1179531',2930
190013,190013019,'1179537',2931
190013,190013019,'1179539',2932
190013,190013019,'1179546',2933
190013,190013019,'1179553',2934
190013,190013019,'1179581',2935
190013,190013019,'1179591',2936
190013,190013019,'1179611',2937
190013,190013019,'1179635',2938
190013,190013019,'1179694',2939
190013,190013019,'1179701',2940
190013,190013019,'1179717',2941
190015,190015019,'1179083',2946
190015,190015019,'1179637',2969
190015,190015019,'1179791',2973
190015,190015019,'1179793',2974
190015,190015019,'1179804',2975
190015,190015019,'1179812',2976
190015,190015019,'1179819',2977
190015,190015019,'1179825',2978
190015,190015019,'1179846',2979
190015,190015019,'1179856',2980
190015,190015019,'1179872',2981
190015,190015019,'1179885',2982
190015,190015019,'1179887',2983
190015,190015019,'1179898',2984
190015,190015019,'1179909',2985
190015,190015019,'1179919',2986
190015,190015019,'1179920',2987
190015,190015019,'1179923',2988
190015,190015019,'1179931',2989
190015,190015019,'1179934',2990
190015,190015019,'1179935',2991
190015,190015019,'1179940',2992
190015,190015019,'1179952',2993
190015,190015019,'1179960',2994
190015,190015019,'1179961',2995
190015,190015019,'1179972',2996
190015,190015019,'1179980',2997
190015,190015019,'1179982',2998
190015,190015019,'1179992',2999
190015,190015019,'1179995',3000
190015,190015019,'1179999',3001
190015,190015019,'1180013',3002
190015,190015019,'1180014',3003
190015,190015019,'1180015',3004
190015,190015019,'1180016',3005
190015,190015019,'1180021',3006
190015,190015019,'1180026',3007
190015,190015019,'1180029',3008
190015,190015019,'1180044',3009
190015,190015019,'1180045',3010
190015,190015019,'1180058',3011
190015,190015019,'1180059',3012
190015,190015019,'1180068',3013
190015,190015019,'1180070',3014
190015,190015019,'1180075',3015
190015,190015019,'1180077',3016
190015,190015019,'1180080',3017
190015,190015019,'1180081',3018
190017,190017019,'1179790',3050
190017,190017019,'1179796',3051
190017,190017019,'1179813',3052
190017,190017019,'1179821',3053
190017,190017019,'1179824',3054
190017,190017019,'1179832',3055
190017,190017019,'1179843',3056
190017,190017019,'1179845',3057
190017,190017019,'1179847',3058
190017,190017019,'1179849',3059
190017,190017019,'1179859',3060
190017,190017019,'1179863',3061
190017,190017019,'1179870',3062
190017,190017019,'1179874',3063
190017,190017019,'1179876',3064
190017,190017019,'1179884',3065
190017,190017019,'1179891',3066
190017,190017019,'1179895',3067
190017,190017019,'1179896',3068
190017,190017019,'1179899',3069
190017,190017019,'1179905',3070
190017,190017019,'1179912',3071
190017,190017019,'1179917',3072
190017,190017019,'1179922',3073
190017,190017019,'1179924',3074
190017,190017019,'1179925',3075
190017,190017019,'1179941',3076
190017,190017019,'1179949',3077
190017,190017019,'1179953',3078
190017,190017019,'1179955',3079
190017,190017019,'1179971',3080
190017,190017019,'1179977',3081
190017,190017019,'1179978',3082
190017,190017019,'1179979',3083
190017,190017019,'1179986',3084
190017,190017019,'1179987',3085
190017,190017019,'1179994',3086
190017,190017019,'1180001',3087
190017,190017019,'1180002',3088
190017,190017019,'1180005',3089
190017,190017019,'1180033',3090
190017,190017019,'1180041',3091
190017,190017019,'1180050',3092
190017,190017019,'1180055',3093
190017,190017019,'1180056',3094
190017,190017019,'1180065',3095
190017,190017019,'1180069',3096
190017,190017019,'1180074',3097
