140010019,'1178921',1521,,2634,40,,,0
140010019,'1178922',1021,,2635,41,,,0
140010019,'1178936',751,,2636,40,,,0
140010019,'1178979',1121,,2638,41,,,0
140010019,'1179012',821,,2639,41,,,0
140010019,'1179037',2021,,2640,40,,,0
140010019,'1179103',1621,,2641,41,,,0
140010019,'1179131',1221,,2643,40,,,0
140010019,'1179140',2221,,2644,40,,,0
140010019,'1179157',721,,2646,40,,,0
140010019,'1179167',1121,,2647,40,,,0
140010019,'1179178',1821,,2648,41,,,0
140010019,'1179180',2221,,2649,41,,,0
140010019,'1179188',1521,,2650,41,,,0
140010019,'1179217',2021,,2651,41,,,0
140010019,'1179251',1651,,2653,40,,,0
140010019,'1179253',851,,2654,40,,,0
140010019,'1179268',1751,,2655,40,,,0
140010019,'1179270',1721,,2656,41,,,0
140010019,'1179302',721,,2657,8,,,0
140010019,'1179336',921,,2658,40,,,0
140010019,'1179347',821,,2659,40,,,0
140010019,'1179361',2121,,2660,40,,,0
140010019,'1179396',2121,,2661,41,,,0
140010019,'1179415',1221,,2663,41,,,0
140010019,'1179445',1421,,2664,40,,,0
140010019,'1179452',1821,,2665,40,,,0
140010019,'1179453',1421,,2666,41,,,0
140010019,'1179479',1321,,2667,40,,,0
140010019,'1179494',1721,,2669,40,,,0
140010019,'1179496',1621,,2670,40,,,0
140010019,'1179544',1921,,2672,40,,,0
140010019,'1179613',1921,,2674,41,,,0
140010019,'1179620',921,,2675,41,,,0
140010019,'1179659',1321,,2677,41,,,0
140010019,'1179692',1021,,2678,40,,,0
