116019,'1178992',747,,2257,14,,,0
116019,'1179088',647,,2258,14,,,0
116019,'1179141',1447,,2259,14,,,0
116019,'1179172',1147,,2260,14,,,0
116019,'1179177',847,,2261,14,,,0
116019,'1179190',1617,,2262,14,,,0
116019,'1179215',1047,,2263,14,,,0
116019,'1179228',817,,2264,14,,,0
116019,'1179247',947,,2265,14,,,0
116019,'1179275',1547,,2266,14,,,0
116019,'1179278',1247,,2267,14,,,0
116019,'1179313',1747,,2268,14,,,0
116019,'1179314',2047,,2269,14,,,0
116019,'1179339',717,,2270,14,,,0
116019,'1179343',1947,,2271,14,,,0
116019,'1179381',1847,,2272,14,,,0
116019,'1179418',1647,,2273,14,,,0
116019,'1179432',1717,,2274,14,,,0
116019,'1179439',1347,,2275,14,,,0
116019,'1179515',917,,2276,14,,,0
116019,'1179606',1817,,2277,14,,,0
116019,'1179706',2147,,2278,14,,,0
116019,'1179803',1047,,2279,14,,,0
116019,'1179806',2147,,2280,14,,,0
116019,'1179811',1947,,2281,14,,,0
116019,'1179814',817,,2282,14,,,0
116019,'1179815',2147,,2283,14,,,0
116019,'1179816',2047,,2284,14,,,0
116019,'1179818',747,,2285,14,,,0
116019,'1179820',1617,,2286,14,,,0
116019,'1179826',747,,2287,14,,,0
116019,'1179838',847,,2288,14,,,0
116019,'1179860',1717,,2289,14,,,0
116019,'1179861',1647,,2290,14,,,0
116019,'1179871',1847,,2291,14,,,0
116019,'1179879',717,,2292,14,,,0
116019,'1179890',1847,,2293,14,,,0
116019,'1179910',1747,,2294,14,,,0
116019,'1179933',1447,,2295,14,,,0
116019,'1179936',1247,,2296,14,,,0
116019,'1179944',1547,,2297,14,,,0
116019,'1179946',1817,,2298,14,,,0
116019,'1179950',1547,,2299,14,,,0
116019,'1179954',947,,2300,14,,,0
116019,'1179959',2047,,2301,14,,,0
116019,'1179965',1647,,2302,14,,,0
116019,'1179966',847,,2303,14,,,0
116019,'1179975',1047,,2304,14,,,0
116019,'1179985',1747,,2305,14,,,0
116019,'1180003',1347,,2306,14,,,0
116019,'1180007',1147,,2307,14,,,0
116019,'1180008',1347,,2308,14,,,0
116019,'1180010',647,,2309,14,,,0
116019,'1180011',1947,,2310,14,,,0
116019,'1180027',917,,2311,14,,,0
116019,'1180032',1447,,2312,14,,,0
116019,'1180034',1147,,2313,14,,,0
116019,'1180036',947,,2314,14,,,0
116019,'1180063',1247,,2315,14,,,0
160019,'1178943',1538,,2406,14,,,0
160019,'1178949',938,,2407,14,,,0
160019,'1178951',1338,,2408,14,,,0
160019,'1179047',1438,,2409,14,,,0
160019,'1179060',1738,,2410,14,,,0
160019,'1179205',1138,,2411,14,,,0
160019,'1179319',1238,,2412,14,,,0
160019,'1179451',1638,,2413,14,,,0
160019,'1179697',1038,,2414,14,,,0
160019,'1179817',1038,,2415,14,,,0
160019,'1179829',1338,,2416,14,,,0
160019,'1179855',1538,,2417,14,,,0
160019,'1179873',1138,,2418,14,,,0
160019,'1179921',1738,,2419,14,,,0
160019,'1179929',1638,,2420,14,,,0
160019,'1180025',1438,,2421,14,,,0
160019,'1180042',938,,2422,14,,,0
160019,'1180067',1238,,2423,14,,,0
