150029,'1179828',1009,,2397,17,,,0
150029,'1179915',1209,,2398,17,,,0
150029,'1179932',909,,2399,17,,,0
150029,'1179948',1509,,2400,17,,,0
150029,'1179983',1309,,2401,17,,,0
150029,'1180009',1109,,2402,17,,,0
150029,'1180017',1709,,2403,17,,,0
150029,'1180040',1609,,2404,17,,,0
150029,'1180079',1409,,2405,17,,,0
300019,'1180121',701,,3098,10,0,23 24 2 25,0
300019,'1180122',1001,,3099,15,0,23 24 2 26,0
300019,'1180123',1001,,3100,15,0,23 24 2 26,0
300019,'1180124',1601,,3101,15,0,23 24 2 26,0
300019,'1180125',731,,3102,10,0,23 24 2 25,0
300019,'1180126',1431,,3103,11,0,23 24 2 25,0
300019,'1180127',731,,3104,15,0,23 24 2 26,0
300019,'1180128',1201,,3105,15,0,23 24 2 26,0
300019,'1180129',1801,,3106,15,0,23 24 2 26,0
300019,'1180130',931,,3107,11,0,23 24 2 25,0
300019,'1180131',1231,,3108,11,0,23 24 2 25,0
300019,'1180132',1131,,3109,11,0,23 24 2 25,0
300019,'1180133',2131,,3110,11,0,23 24 2 25,0
300019,'1180134',1601,,3111,11,0,23 24 2 25,0
300019,'1180135',1731,,3112,15,0,23 24 2 26,0
300019,'1180136',831,,3113,11,0,23 24 2 25,0
300019,'1180137',801,,3114,15,0,23 24 2 26,0
300019,'1180138',1131,,3115,11,0,23 24 2 25,0
300019,'1180139',1331,,3116,11,0,23 24 2 25,0
300019,'1180140',1631,,3117,11,0,23 24 2 25,0
300019,'1180141',901,,3118,15,0,23 24 2 26,0
300019,'1180142',1501,,3119,15,0,23 24 2 26,0
300019,'1180143',1801,,3120,11,0,23 24 2 25,0
300019,'1180144',2001,,3121,15,0,23 24 2 26,0
300019,'1180145',1431,,3122,11,0,23 24 2 25,0
300019,'1180146',2001,,3123,15,0,23 24 2 26,0
300019,'1180147',2201,,3124,15,0,8 9 2 26,0
300019,'1180148',1601,,3125,15,0,23 24 2 26,0
300019,'1180149',1501,,3126,15,0,23 24 2 26,0
300019,'1180150',901,,3127,11,0,23 24 2 25,0
300019,'1180151',2031,,3128,11,0,23 24 2 25,0
300019,'1180152',831,,3129,11,0,23 24 2 25,0
300019,'1180153',1101,,3130,15,0,23 24 2 26,0
300019,'1180154',1101,,3131,15,0,23 24 2 26,0
300019,'1180155',1401,,3132,15,0,23 24 2 26,0
300019,'1180156',931,,3133,11,0,23 24 2 25,0
300019,'1180157',2101,,3134,15,0,23 24 2 26,0
300019,'1180158',1831,,3135,15,0,8 9 2 26,0
300019,'1180159',1001,,3136,11,0,23 24 2 25,0
300019,'1180160',1701,,3137,15,0,23 24 2 26,0
300019,'1180161',1731,,3138,11,0,23 24 2 25,0
300019,'1180162',2201,,3139,15,0,8 9 2 26,0
300019,'1180163',1301,,3140,15,0,23 24 2 26,0
300019,'1180164',1031,,3141,11,0,23 24 2 25,0
300019,'1180165',1401,,3142,15,0,23 24 2 26,0
300019,'1180166',1531,,3143,11,0,23 24 2 25,0
300019,'1180167',1231,,3144,11,0,23 24 2 25,0
300019,'1180168',1931,,3145,11,0,23 24 2 25,0
300019,'1180169',1731,,3146,11,0,23 24 2 25,0
300019,'1180170',931,,3147,15,0,23 24 2 26,0
300019,'1180171',801,,3148,15,0,23 24 2 26,0
300019,'1180172',1201,,3149,15,0,23 24 2 26,0
300019,'1180173',1901,,3150,15,0,23 24 2 26,0
300019,'1180174',1301,,3151,15,0,23 24 2 26,0
300019,'1180175',731,,3152,11,0,23 24 2 25,0
300019,'1180176',1031,,3153,11,0,23 24 2 25,0
300019,'1180177',1701,,3154,11,0,23 24 2 25,0
300019,'1180178',1631,,3155,11,0,23 24 2 25,0
300019,'1180179',1531,,3156,11,0,23 24 2 25,0
300019,'1180180',1631,,3157,15,0,23 24 2 26,0
300019,'1180181',2131,,3158,11,0,23 24 2 25,0
300019,'1180182',1831,,3159,11,0,23 24 2 25,0
300019,'1180183',801,,3160,11,0,23 24 2 25,0
300019,'1180184',1701,,3161,15,0,23 24 2 26,0
300019,'1180185',1801,,3162,15,0,23 24 2 26,0
300019,'1180186',831,,3163,15,0,23 24 2 26,0
300019,'1180187',1031,,3164,15,0,8 9 2 26,0
300019,'1180188',2031,,3165,11,0,23 24 2 25,0
300019,'1180189',1931,,3166,11,0,23 24 2 25,0
300019,'1180190',2101,,3167,15,0,23 24 2 26,0
300019,'1180191',1831,,3168,11,0,23 24 2 25,0
300019,'1180192',1901,,3169,15,0,23 24 2 26,0
300019,'1180193',901,,3170,15,0,23 24 2 26,0
300019,'1180194',1331,,3171,11,0,23 24 2 25,0
