150019,'1178942',1742,,2379,10,,,0
150019,'1178956',1342,,2380,10,,,0
150019,'1178976',1642,,2381,10,,,0
150019,'1179117',1242,,2382,10,,,0
150019,'1179150',1542,,2383,10,,,0
150019,'1179341',942,,2384,10,,,0
150019,'1179473',1142,,2385,10,,,0
150019,'1179559',1442,,2386,10,,,0
150019,'1179673',1042,,2387,10,,,0
140014019,'1178954',1600,,2725,20,,,0
140014019,'1178955',1130,,2726,20,,,0
140014019,'1178974',1000,,2727,20,,,0
140014019,'1179007',1800,,2728,20,,,0
140014019,'1179027',1500,,2729,20,,,0
140014019,'1179052',800,,2730,20,,,0
140014019,'1179079',730,,2731,20,,,0
140014019,'1179080',1500,,2732,20,,,0
140014019,'1179082',830,,2733,20,,,0
140014019,'1179084',700,,2734,20,,,0
140014019,'1179111',2200,,2735,20,,,0
140014019,'1179143',800,,2736,20,,,0
140014019,'1179200',1230,,2737,20,,,0
140014019,'1179207',1730,,2738,20,,,0
140014019,'1179221',1400,,2739,20,,,0
140014019,'1179271',1200,,2740,20,,,0
140014019,'1179298',1700,,2741,20,,,0
140014019,'1179320',1430,,2742,20,,,0
140014019,'1179323',1000,,2743,20,,,0
140014019,'1179350',900,,2745,20,,,0
140014019,'1179353',1800,,2746,20,,,0
140014019,'1179366',2000,,2747,20,,,0
140014019,'1179392',1600,,2748,20,,,0
140014019,'1179403',1900,,2749,20,,,0
140014019,'1179433',1400,,2751,20,,,0
140014019,'1179443',930,,2752,20,,,0
140014019,'1179446',1200,,2753,20,,,0
140014019,'1179449',1030,,2754,20,,,0
140014019,'1179493',1100,,2755,20,,,0
140014019,'1179524',1700,,2757,20,,,0
140014019,'1179535',1330,,2758,20,,,0
140014019,'1179547',1300,,2759,20,,,0
140014019,'1179557',1830,,2761,20,0,8 21,0
140014019,'1179561',1530,,2762,20,,,0
140014019,'1179577',1300,,2763,20,,,0
140014019,'1179598',2100,,2764,20,,,0
140014019,'1179600',2200,,2765,20,,,0
140014019,'1179608',1900,,2766,20,,,0
140014019,'1179636',1630,,2767,20,,,0
140014019,'1179638',900,,2768,20,,,0
140014019,'1179648',2000,,2769,20,,,0
140014019,'1179654',2100,,2770,20,,,0
140014019,'1179662',1100,,2771,20,,,0
