200019,'1179798',1344,,2442,13,,,0
200019,'1179810',1544,,2443,13,,,0
200019,'1179901',1144,,2444,13,,,0
200019,'1179903',1744,,2445,13,,,0
200019,'1179911',1444,,2446,13,,,0
200019,'1179939',1044,,2447,13,,,0
200019,'1179968',1644,,2448,13,,,0
200019,'1179973',944,,2449,13,,,0
200019,'1180054',1244,,2450,13,,,0
140016019,'1179792',857,,2805,15,,,0
140016019,'1179800',1657,,2806,15,,,0
140016019,'1179808',1857,,2807,15,,,0
140016019,'1179822',1527,,2808,15,,,0
140016019,'1179827',827,,2809,15,,,0
140016019,'1179831',1557,,2810,15,,,0
140016019,'1179835',2157,,2811,15,,,0
140016019,'1179839',1327,,2812,15,0,8 21,0
140016019,'1179842',1127,,2813,15,0,8 21,0
140016019,'1179862',927,,2814,15,0,8 21,0
140016019,'1179868',1627,,2815,15,,,0
140016019,'1179875',1057,,2816,15,,,0
140016019,'1179881',1827,,2817,15,0,8 21,0
140016019,'1179886',1357,,2818,15,,,0
140016019,'1179897',1027,,2819,15,0,8 21,0
140016019,'1179904',1227,,2820,15,0,8 21,0
140016019,'1179907',1657,,2821,15,,,0
140016019,'1179913',1727,,2822,15,,,0
140016019,'1179926',1257,,2823,15,,,0
140016019,'1179938',1457,,2824,15,,,0
140016019,'1179943',2057,,2825,15,,,0
140016019,'1179945',757,,2826,15,,,0
140016019,'1179958',1357,,2827,15,,,0
140016019,'1179963',1757,,2828,15,,,0
140016019,'1179974',957,,2829,15,,,0
140016019,'1179976',657,,2830,15,,,0
140016019,'1179989',857,,2831,15,,,0
140016019,'1179991',1457,,2832,15,,,0
140016019,'1179997',1557,,2833,15,,,0
140016019,'1180006',957,,2834,15,,,0
140016019,'1180012',1857,,2835,15,,,0
140016019,'1180018',1057,,2836,15,,,0
140016019,'1180019',2157,,2837,15,,,0
140016019,'1180020',1957,,2838,15,,,0
140016019,'1180023',1257,,2839,15,,,0
140016019,'1180024',727,,2840,15,,,0
140016019,'1180028',757,,2841,15,,,0
140016019,'1180031',1957,,2842,15,,,0
140016019,'1180048',2057,,2843,15,,,0
140016019,'1180057',1757,,2844,15,,,0
140016019,'1180062',1427,,2845,15,0,8 21,0
140016019,'1180072',1157,,2846,15,,,0
140016019,'1180078',1157,,2847,15,,,0
