110019,'1178947',946,,2239,25,,,0
110019,'1178964',1446,,2240,25,,,0
110019,'1178973',1746,,2241,25,,,0
110019,'1179028',1546,,2242,25,,,0
110019,'1179105',1646,,2243,25,,,0
110019,'1179114',1046,,2244,25,,,0
110019,'1179176',1246,,2245,25,,,0
110019,'1179184',1346,,2246,25,,,0
110019,'1179290',1146,,2247,25,,,0
140010019,'1178914',1126,,2633,27,0,8 21,0
140010019,'1178921',1456,,2634,27,,,0
140010019,'1178922',956,,2635,28,,,0
140010019,'1178936',726,,2636,27,,,0
140010019,'1178946',2256,,2637,27,0,8 21,0
140010019,'1178979',1056,,2638,28,,,0
140010019,'1179012',756,,2639,28,,,0
140010019,'1179037',1956,,2640,27,,,0
140010019,'1179103',1556,,2641,28,,,0
140010019,'1179122',1326,,2642,27,0,8 21,0
140010019,'1179131',1156,,2643,27,,,0
140010019,'1179140',2156,,2644,27,,,0
140010019,'1179147',926,,2645,27,0,8 21,0
140010019,'1179157',656,,2646,27,,,0
140010019,'1179167',1056,,2647,27,,,0
140010019,'1179178',1756,,2648,28,,,0
140010019,'1179180',2156,,2649,28,,,0
140010019,'1179188',1456,,2650,28,,,0
140010019,'1179217',1956,,2651,28,,,0
140010019,'1179232',1526,,2652,27,0,8 21,0
140010019,'1179251',1626,,2653,27,,,0
140010019,'1179253',826,,2654,27,,,0
140010019,'1179268',1726,,2655,27,,,0
140010019,'1179270',1656,,2656,28,,,0
140010019,'1179336',856,,2658,27,,,0
140010019,'1179347',756,,2659,27,,,0
140010019,'1179361',2056,,2660,27,,,0
140010019,'1179396',2056,,2661,28,,,0
140010019,'1179408',2256,,2662,28,0,8 21,0
140010019,'1179415',1156,,2663,28,,,0
140010019,'1179445',1356,,2664,27,,,0
140010019,'1179452',1756,,2665,27,,,0
140010019,'1179453',1356,,2666,28,,,0
140010019,'1179479',1256,,2667,27,,,0
140010019,'1179483',1226,,2668,27,0,8 21,0
140010019,'1179494',1656,,2669,27,,,0
140010019,'1179496',1556,,2670,27,,,0
140010019,'1179498',1426,,2671,27,0,8 21,0
140010019,'1179544',1856,,2672,27,,,0
140010019,'1179548',1026,,2673,27,0,8 21,0
140010019,'1179613',1856,,2674,28,,,0
140010019,'1179620',856,,2675,28,,,0
140010019,'1179629',1826,,2676,27,0,8 21,0
140010019,'1179659',1256,,2677,28,,,0
140010019,'1179692',956,,2678,27,,,0
