140019,'1178969',1353,,2352,36,,,0
140019,'1178977',1553,,2353,36,,,0
140019,'1179164',1653,,2354,36,,,0
140019,'1179344',1453,,2355,36,,,0
140019,'1179352',953,,2356,36,,,0
140019,'1179462',1253,,2357,36,,,0
140019,'1179512',1153,,2358,36,,,0
140019,'1179518',1053,,2359,36,,,0
140019,'1179634',1806,,2360,36,,,0
140014019,'1178954',1634,,2725,43,,,0
140014019,'1178955',1204,,2726,43,,,0
140014019,'1178974',1034,,2727,43,,,0
140014019,'1179007',1832,,2728,43,,,0
140014019,'1179027',1534,,2729,43,,,0
140014019,'1179052',832,,2730,43,,,0
140014019,'1179079',804,,2731,43,,,0
140014019,'1179080',1532,,2732,43,,,0
140014019,'1179082',904,,2733,43,,,0
140014019,'1179084',734,,2734,43,,,0
140014019,'1179111',2234,,2735,43,,,0
140014019,'1179143',834,,2736,43,,,0
140014019,'1179200',1304,,2737,43,,,0
140014019,'1179207',1804,,2738,43,,,0
140014019,'1179221',1432,,2739,43,,,0
140014019,'1179271',1234,,2740,43,,,0
140014019,'1179298',1732,,2741,43,,,0
140014019,'1179320',1504,,2742,43,,,0
140014019,'1179323',1032,,2743,43,,,0
140014019,'1179337',632,,2744,15,,,0
140014019,'1179350',932,,2745,43,,,0
140014019,'1179353',1834,,2746,43,,,0
140014019,'1179366',2032,,2747,43,,,0
140014019,'1179392',1632,,2748,43,,,0
140014019,'1179403',1934,,2749,43,,,0
140014019,'1179417',732,,2750,22,,,0
140014019,'1179433',1434,,2751,43,,,0
140014019,'1179443',1004,,2752,43,,,0
140014019,'1179446',1232,,2753,43,,,0
140014019,'1179449',1104,,2754,43,,,0
140014019,'1179493',1134,,2755,43,,,0
140014019,'1179513',634,,2756,15,,,0
140014019,'1179524',1734,,2757,43,,,0
140014019,'1179535',1404,,2758,43,,,0
140014019,'1179547',1332,,2759,43,,,0
140014019,'1179550',704,,2760,22,,,0
140014019,'1179561',1604,,2762,43,,,0
140014019,'1179577',1334,,2763,43,,,0
140014019,'1179598',2134,,2764,43,,,0
140014019,'1179600',2232,,2765,43,,,0
140014019,'1179608',1932,,2766,43,,,0
140014019,'1179636',1704,,2767,43,,,0
140014019,'1179638',934,,2768,43,,,0
140014019,'1179648',2034,,2769,43,,,0
140014019,'1179654',2132,,2770,43,,,0
140014019,'1179662',1132,,2771,43,,,0
