116019,'1178927',1045,,2202,12,,,0
116019,'1178944',1445,,2203,12,,,0
116019,'1178984',2045,,2204,12,,,0
116019,'1178985',1545,,2205,12,,,0
116019,'1178993',1715,,2206,12,,,0
116019,'1179002',2045,,2207,12,,,0
116019,'1179004',845,,2208,12,,,0
116019,'1179020',1645,,2209,12,,,0
116019,'1179022',1645,,2210,12,,,0
116019,'1179025',1345,,2211,12,,,0
116019,'1179035',945,,2212,12,,,0
116019,'1179036',715,,2213,12,,,0
116019,'1179045',1945,,2214,12,,,0
116019,'1179090',2145,,2215,12,,,0
116019,'1179113',745,,2216,12,,,0
116019,'1179119',645,,2217,12,,,0
116019,'1179186',2145,,2218,12,,,0
116019,'1179192',1845,,2219,12,,,0
116019,'1179204',1845,,2220,12,,,0
116019,'1179214',915,,2221,12,,,0
116019,'1179218',1945,,2222,12,,,0
116019,'1179231',1345,,2223,12,,,0
116019,'1179239',845,,2224,12,,,0
116019,'1179249',1445,,2225,12,,,0
116019,'1179326',1145,,2226,12,,,0
116019,'1179334',1245,,2227,12,,,0
116019,'1179487',1745,,2228,12,,,0
116019,'1179497',1245,,2229,12,,,0
116019,'1179505',1615,,2230,12,,,0
116019,'1179506',1145,,2231,12,,,0
116019,'1179514',1815,,2232,12,,,0
116019,'1179540',1545,,2233,12,,,0
116019,'1179564',1045,,2234,12,,,0
116019,'1179589',945,,2235,12,,,0
116019,'1179630',1745,,2236,12,,,0
116019,'1179645',745,,2237,12,,,0
116019,'1179711',815,,2238,12,,,0
140010019,'1175755',850,,1743,18,,,0
140010019,'1175787',1750,,1744,18,,,0
140010019,'1175798',1750,,1745,18,,,0
140010019,'1175806',1120,,1746,18,0,8 21,0
140010019,'1175825',1550,,1748,18,,,0
140010019,'1175826',1250,,1749,18,,,0
140010019,'1175836',1720,,1750,18,,,0
140010019,'1175840',1950,,1751,18,,,0
140010019,'1175865',1020,,1752,18,0,8 21,0
140010019,'1175890',1950,,1753,18,,,0
140010019,'1175905',2050,,1754,18,,,0
140010019,'1175937',1350,,1755,18,,,0
140010019,'1175943',1650,,1756,18,,,0
140010019,'1175962',2250,,1757,18,0,8 21,0
140010019,'1175995',1050,,1758,18,,,0
140010019,'1176008',720,,1759,18,,,0
140010019,'1176017',750,,1760,18,,,0
140010019,'1176075',1650,,1761,18,,,0
140010019,'1176104',2150,,1762,18,,,0
140010019,'1176141',1250,,1763,18,,,0
140010019,'1176158',1450,,1764,18,,,0
140010019,'1176181',920,,1765,18,0,8 21,0
140010019,'1176198',950,,1766,18,,,0
140010019,'1176208',2150,,1767,18,,,0
140010019,'1176215',1850,,1768,18,,,0
140010019,'1176225',1320,,1769,18,0,8 21,0
140010019,'1176249',1050,,1770,18,,,0
140010019,'1176269',2050,,1771,18,,,0
140010019,'1176278',2250,,1772,18,0,8 21,0
140010019,'1176300',1520,,1773,18,0,8 21,0
140010019,'1176311',950,,1774,18,,,0
140010019,'1176346',820,,1775,18,,,0
140010019,'1176365',850,,1776,18,,,0
140010019,'1176376',1550,,1777,18,,,0
140010019,'1176382',1150,,1778,18,,,0
140010019,'1176449',650,,1779,18,,,0
140010019,'1176452',1220,,1780,18,0,8 21,0
140010019,'1176545',750,,1781,18,,,0
140010019,'1176551',1350,,1782,18,,,0
140010019,'1176579',1620,,1783,18,,,0
140010019,'1176580',1150,,1784,18,,,0
140010019,'1176607',1850,,1785,18,,,0
140010019,'1176612',1820,,1786,18,0,8 21,0
140010019,'1176628',1420,,1787,18,0,8 21,0
140010019,'1176653',1450,,1788,18,,,0
