130019,'1179053',1728,,2334,10,,,0
130019,'1179067',1328,,2335,10,,,0
130019,'1179069',1028,,2336,10,,,0
130019,'1179093',1128,,2337,10,,,0
130019,'1179108',1228,,2338,10,,,0
130019,'1179294',1528,,2339,10,,,0
130019,'1179386',1628,,2340,10,,,0
130019,'1179541',928,,2341,10,,,0
130019,'1179675',1428,,2342,10,,,0
140012019,'1178913',1152,,2679,10,,,0
140012019,'1178923',1152,,2680,10,,,0
140012019,'1178934',952,,2681,10,,,0
140012019,'1178935',752,,2682,10,,,0
140012019,'1178953',852,,2683,10,,,0
140012019,'1178981',652,,2684,10,,,0
140012019,'1178986',1422,,2685,10,,,0
140012019,'1179006',1322,,2686,10,,,0
140012019,'1179011',722,,2687,10,,,0
140012019,'1179015',1852,,2688,10,,,0
140012019,'1179046',852,,2689,10,,,0
140012019,'1179102',1552,,2690,10,,,0
140012019,'1179154',1352,,2691,10,,,0
140012019,'1179183',1952,,2692,10,,,0
140012019,'1179185',922,,2693,10,,,0
140012019,'1179216',2252,,2694,10,0,8 21,0
140012019,'1179230',952,,2695,10,,,0
140012019,'1179233',1552,,2696,10,,,0
140012019,'1179236',752,,2697,10,,,0
140012019,'1179238',1452,,2698,10,,,0
140012019,'1179244',2052,,2699,10,,,0
140012019,'1179245',1852,,2700,10,,,0
140012019,'1179255',1822,,2702,10,0,8 21,0
140012019,'1179261',1052,,2703,10,,,0
140012019,'1179316',1952,,2704,10,,,0
140012019,'1179325',822,,2705,10,,,0
140012019,'1179348',1252,,2706,10,,,0
140012019,'1179359',1722,,2707,10,,,0
140012019,'1179372',2152,,2708,10,,,0
140012019,'1179387',1252,,2709,10,,,0
140012019,'1179399',1122,,2710,10,,,0
140012019,'1179425',2052,,2711,10,,,0
140012019,'1179444',1622,,2712,10,,,0
140012019,'1179495',1352,,2713,10,,,0
140012019,'1179499',1522,,2714,10,,,0
140012019,'1179510',1652,,2715,10,,,0
140012019,'1179511',2152,,2716,10,,,0
140012019,'1179526',1752,,2717,10,,,0
140012019,'1179556',1052,,2718,10,,,0
140012019,'1179567',1222,,2719,10,,,0
140012019,'1179578',2252,,2720,10,0,8 21,0
140012019,'1179644',1752,,2721,10,,,0
140012019,'1179693',1022,,2722,10,,,0
140012019,'1179704',1452,,2723,10,,,0
140012019,'1179715',1652,,2724,10,,,0
