200029,'1179229',1714,,2457,2,,,0
200029,'1179807',930,,2461,2,,,0
200029,'1179834',1330,,2462,2,,,0
200029,'1179867',1630,,2463,2,,,0
200029,'1179877',1130,,2464,2,,,0
200029,'1179888',1530,,2465,2,,,0
200029,'1179893',1230,,2466,2,,,0
200029,'1179998',1430,,2467,2,,,0
200029,'1180064',1030,,2469,2,,,0
140014019,'1178954',1623,,2725,30,,,0
140014019,'1178955',1153,,2726,30,,,0
140014019,'1178974',1023,,2727,30,,,0
140014019,'1179007',1823,,2728,30,,,0
140014019,'1179027',1523,,2729,30,,,0
140014019,'1179052',823,,2730,30,,,0
140014019,'1179079',753,,2731,30,,,0
140014019,'1179080',1523,,2732,30,,,0
140014019,'1179082',853,,2733,30,,,0
140014019,'1179084',723,,2734,30,,,0
140014019,'1179111',2223,,2735,30,,,0
140014019,'1179143',823,,2736,30,,,0
140014019,'1179200',1253,,2737,30,,,0
140014019,'1179207',1753,,2738,30,,,0
140014019,'1179221',1423,,2739,30,,,0
140014019,'1179271',1223,,2740,30,,,0
140014019,'1179298',1723,,2741,30,,,0
140014019,'1179320',1453,,2742,30,,,0
140014019,'1179323',1023,,2743,30,,,0
140014019,'1179337',623,,2744,2,,,0
140014019,'1179350',923,,2745,30,,,0
140014019,'1179353',1823,,2746,30,,,0
140014019,'1179366',2023,,2747,30,,,0
140014019,'1179392',1623,,2748,30,,,0
140014019,'1179403',1923,,2749,30,,,0
140014019,'1179417',723,,2750,9,,,0
140014019,'1179433',1423,,2751,30,,,0
140014019,'1179443',953,,2752,30,,,0
140014019,'1179446',1223,,2753,30,,,0
140014019,'1179449',1053,,2754,30,,,0
140014019,'1179493',1123,,2755,30,,,0
140014019,'1179513',623,,2756,2,,,0
140014019,'1179524',1723,,2757,30,,,0
140014019,'1179535',1353,,2758,30,,,0
140014019,'1179547',1323,,2759,30,,,0
140014019,'1179550',653,,2760,9,,,0
140014019,'1179561',1553,,2762,30,,,0
140014019,'1179577',1323,,2763,30,,,0
140014019,'1179598',2123,,2764,30,,,0
140014019,'1179600',2223,,2765,30,,,0
140014019,'1179608',1923,,2766,30,,,0
140014019,'1179636',1653,,2767,30,,,0
140014019,'1179638',923,,2768,30,,,0
140014019,'1179648',2023,,2769,30,,,0
140014019,'1179654',2123,,2770,30,,,0
140014019,'1179662',1123,,2771,30,,,0
190015019,'1179791',2056,,2973,19,,,0
190015019,'1179793',656,,2974,19,,,0
190015019,'1179804',656,,2975,19,,,0
190015019,'1179812',1056,,2976,19,,,0
190015019,'1179819',756,,2977,19,,,0
190015019,'1179825',1156,,2978,19,,,0
190015019,'1179846',2156,,2979,19,0,12,0
190015019,'1179856',826,,2980,19,,,0
190015019,'1179872',756,,2981,19,,,0
190015019,'1179885',1626,,2982,19,,,0
190015019,'1179887',1356,,2983,19,,,0
190015019,'1179898',1456,,2984,19,,,0
190015019,'1179909',956,,2985,19,,,0
190015019,'1179919',1756,,2986,19,,,0
190015019,'1179920',856,,2987,19,,,0
190015019,'1179923',1426,,2988,19,,,0
190015019,'1179931',2056,,2989,19,,,0
190015019,'1179934',1826,,2990,19,0,12,0
190015019,'1179935',1656,,2991,19,,,0
190015019,'1179940',1126,,2992,19,,,0
190015019,'1179952',1156,,2993,19,,,0
190015019,'1179960',1256,,2994,19,,,0
190015019,'1179961',1456,,2995,19,,,0
190015019,'1179972',2256,,2996,19,0,12,0
190015019,'1179980',1026,,2997,19,,,0
190015019,'1179982',1726,,2998,19,,,0
190015019,'1179992',1526,,2999,19,,,0
190015019,'1179995',1056,,3000,19,,,0
190015019,'1179999',1226,,3001,19,,,0
190015019,'1180013',1856,,3002,19,,,0
190015019,'1180014',1956,,3003,19,,,0
190015019,'1180015',926,,3004,19,,,0
190015019,'1180016',1956,,3005,19,,,0
190015019,'1180021',2256,,3006,19,0,12,0
190015019,'1180026',1856,,3007,19,,,0
190015019,'1180029',956,,3008,19,,,0
190015019,'1180044',1556,,3009,19,,,0
190015019,'1180045',2156,,3010,19,0,12,0
190015019,'1180058',1326,,3011,19,,,0
190015019,'1180059',1656,,3012,19,,,0
190015019,'1180068',1756,,3013,19,,,0
190015019,'1180070',1556,,3014,19,,,0
190015019,'1180075',856,,3015,19,,,0
190015019,'1180077',1256,,3016,19,,,0
190015019,'1180080',726,,3017,19,,,0
190015019,'1180081',1356,,3018,19,,,0
