120029,'1179032',1557,,2325,37,,,0
120029,'1179055',1357,,2326,37,,,0
120029,'1179056',1657,,2327,37,,,0
120029,'1179099',1810,,2328,37,,,0
120029,'1179153',957,,2329,37,,,0
120029,'1179222',1457,,2330,37,,,0
120029,'1179429',1157,,2331,37,,,0
120029,'1179447',1057,,2332,37,,,0
120029,'1179575',1257,,2333,37,,,0
140012019,'1178913',1227,,2679,41,,,0
140012019,'1178923',1227,,2680,41,,,0
140012019,'1178934',1027,,2681,41,,,0
140012019,'1178935',827,,2682,41,,,0
140012019,'1178953',927,,2683,41,,,0
140012019,'1178981',727,,2684,41,,,0
140012019,'1178986',1457,,2685,41,,,0
140012019,'1179006',1357,,2686,41,,,0
140012019,'1179011',757,,2687,41,,,0
140012019,'1179015',1927,,2688,41,,,0
140012019,'1179046',927,,2689,41,,,0
140012019,'1179102',1627,,2690,41,,,0
140012019,'1179154',1427,,2691,41,,,0
140012019,'1179183',2027,,2692,41,,,0
140012019,'1179185',957,,2693,41,,,0
140012019,'1179230',1027,,2695,41,,,0
140012019,'1179233',1627,,2696,41,,,0
140012019,'1179236',827,,2697,41,,,0
140012019,'1179238',1527,,2698,41,,,0
140012019,'1179244',2127,,2699,41,,,0
140012019,'1179245',1927,,2700,41,,,0
140012019,'1179250',727,,2701,19,,,0
140012019,'1179261',1127,,2703,41,,,0
140012019,'1179316',2027,,2704,41,,,0
140012019,'1179325',857,,2705,41,,,0
140012019,'1179348',1327,,2706,41,,,0
140012019,'1179359',1757,,2707,41,,,0
140012019,'1179372',2227,,2708,41,,,0
140012019,'1179387',1327,,2709,41,,,0
140012019,'1179399',1157,,2710,41,,,0
140012019,'1179425',2127,,2711,41,,,0
140012019,'1179444',1657,,2712,41,,,0
140012019,'1179495',1427,,2713,41,,,0
140012019,'1179499',1557,,2714,41,,,0
140012019,'1179510',1727,,2715,41,,,0
140012019,'1179511',2227,,2716,41,,,0
140012019,'1179526',1827,,2717,41,,,0
140012019,'1179556',1127,,2718,41,,,0
140012019,'1179567',1257,,2719,41,,,0
140012019,'1179644',1827,,2721,41,,,0
140012019,'1179693',1057,,2722,41,,,0
140012019,'1179704',1527,,2723,41,,,0
140012019,'1179715',1727,,2724,41,,,0
