200029,'1178971',1032,,2451,7,,,0
200029,'1179034',1632,,2452,7,,,0
200029,'1179043',1232,,2453,7,,,0
200029,'1179091',1432,,2454,7,,,0
200029,'1179198',1132,,2456,7,,,0
200029,'1179229',1716,,2457,7,,,0
200029,'1179283',1332,,2458,7,,,0
200029,'1179383',1532,,2459,7,,,0
200029,'1179689',932,,2460,7,,,0
200029,'1179807',932,,2461,7,,,0
200029,'1179834',1332,,2462,7,,,0
200029,'1179867',1632,,2463,7,,,0
200029,'1179877',1132,,2464,7,,,0
200029,'1179888',1532,,2465,7,,,0
200029,'1179893',1232,,2466,7,,,0
200029,'1179998',1432,,2467,7,,,0
200029,'1180064',1032,,2469,7,,,0
140014019,'1178954',1627,,2725,35,,,0
140014019,'1178955',1157,,2726,35,,,0
140014019,'1178974',1027,,2727,35,,,0
140014019,'1179007',1826,,2728,35,,,0
140014019,'1179027',1527,,2729,35,,,0
140014019,'1179052',826,,2730,35,,,0
140014019,'1179079',757,,2731,35,,,0
140014019,'1179080',1526,,2732,35,,,0
140014019,'1179082',857,,2733,35,,,0
140014019,'1179084',727,,2734,35,,,0
140014019,'1179111',2227,,2735,35,,,0
140014019,'1179143',827,,2736,35,,,0
140014019,'1179200',1257,,2737,35,,,0
140014019,'1179207',1757,,2738,35,,,0
140014019,'1179221',1426,,2739,35,,,0
140014019,'1179271',1227,,2740,35,,,0
140014019,'1179298',1726,,2741,35,,,0
140014019,'1179320',1457,,2742,35,,,0
140014019,'1179323',1026,,2743,35,,,0
140014019,'1179337',626,,2744,7,,,0
140014019,'1179350',926,,2745,35,,,0
140014019,'1179353',1827,,2746,35,,,0
140014019,'1179366',2026,,2747,35,,,0
140014019,'1179392',1626,,2748,35,,,0
140014019,'1179403',1927,,2749,35,,,0
140014019,'1179417',726,,2750,14,,,0
140014019,'1179433',1427,,2751,35,,,0
140014019,'1179443',957,,2752,35,,,0
140014019,'1179446',1226,,2753,35,,,0
140014019,'1179449',1057,,2754,35,,,0
140014019,'1179493',1127,,2755,35,,,0
140014019,'1179513',627,,2756,7,,,0
140014019,'1179524',1727,,2757,35,,,0
140014019,'1179535',1357,,2758,35,,,0
140014019,'1179547',1326,,2759,35,,,0
140014019,'1179550',657,,2760,14,,,0
140014019,'1179561',1557,,2762,35,,,0
140014019,'1179577',1327,,2763,35,,,0
140014019,'1179598',2127,,2764,35,,,0
140014019,'1179600',2226,,2765,35,,,0
140014019,'1179608',1926,,2766,35,,,0
140014019,'1179636',1657,,2767,35,,,0
140014019,'1179638',927,,2768,35,,,0
140014019,'1179648',2027,,2769,35,,,0
140014019,'1179654',2126,,2770,35,,,0
140014019,'1179662',1126,,2771,35,,,0
