120029,'1179032',1520,,2325,6,,,0
120029,'1179055',1320,,2326,6,,,0
120029,'1179056',1620,,2327,6,,,0
120029,'1179099',1720,,2328,6,,,0
120029,'1179153',920,,2329,6,,,0
120029,'1179222',1420,,2330,6,,,0
120029,'1179429',1120,,2331,6,,,0
120029,'1179447',1020,,2332,6,,,0
120029,'1179575',1220,,2333,6,,,0
190017019,'1178932',915,,3019,6,,,0
190017019,'1179000',2145,,3021,6,0,8 21,0
190017019,'1179014',1815,,3022,6,0,8 21,0
190017019,'1179016',615,,3023,6,,,0
190017019,'1179092',645,,3025,6,,,0
190017019,'1179151',1845,,3026,6,,,0
190017019,'1179161',1715,,3027,6,,,0
190017019,'1179277',815,,3028,6,,,0
190017019,'1179427',1245,,3032,6,,,0
190017019,'1179455',1345,,3033,6,,,0
190017019,'1179519',1745,,3035,6,,,0
190017019,'1179529',2245,,3036,6,0,8 21,0
190017019,'1179533',715,,3037,6,,,0
190017019,'1179573',1145,,3039,6,,,0
190017019,'1179579',1045,,3040,6,,,0
190017019,'1179599',2045,,3041,6,,,0
190017019,'1179610',1945,,3042,6,,,0
190017019,'1179626',1615,,3043,6,,,0
190017019,'1179667',745,,3044,6,,,0
190017019,'1179680',1545,,3045,6,,,0
190017019,'1179683',845,,3046,6,,,0
190017019,'1179686',1445,,3047,6,,,0
190017019,'1179699',945,,3048,6,,,0
190017019,'1179710',1645,,3049,6,,,0
190017019,'1179790',1145,,3050,6,,,0
190017019,'1179796',1345,,3051,6,,,0
190017019,'1179813',2245,,3052,6,0,8 21,0
190017019,'1179821',1445,,3053,6,,,0
190017019,'1179824',615,,3054,6,,,0
190017019,'1179832',1045,,3055,6,,,0
190017019,'1179843',845,,3056,6,,,0
190017019,'1179845',2045,,3057,6,,,0
190017019,'1179847',2145,,3058,6,0,8 21,0
190017019,'1179859',1645,,3060,6,,,0
190017019,'1179863',945,,3061,6,,,0
190017019,'1179870',815,,3062,6,,,0
190017019,'1179874',1245,,3063,6,,,0
190017019,'1179876',1845,,3064,6,,,0
190017019,'1179884',1615,,3065,6,,,0
190017019,'1179891',1545,,3066,6,,,0
190017019,'1179895',1815,,3067,6,0,8 21,0
190017019,'1179896',745,,3068,6,,,0
190017019,'1179899',1545,,3069,6,,,0
190017019,'1179905',645,,3070,6,,,0
190017019,'1179912',2045,,3071,6,,,0
190017019,'1179917',1745,,3072,6,,,0
190017019,'1179922',1345,,3073,6,,,0
190017019,'1179924',1445,,3074,6,,,0
190017019,'1179953',2145,,3078,6,0,8 21,0
190017019,'1179955',845,,3079,6,,,0
190017019,'1179971',1245,,3080,6,,,0
190017019,'1179977',1845,,3081,6,,,0
190017019,'1179978',1045,,3082,6,,,0
190017019,'1179979',1715,,3083,6,,,0
190017019,'1179986',745,,3084,6,,,0
190017019,'1179987',945,,3085,6,,,0
190017019,'1179994',1645,,3086,6,,,0
190017019,'1180001',915,,3087,6,,,0
190017019,'1180005',645,,3089,6,,,0
190017019,'1180041',2245,,3091,6,0,8 21,0
190017019,'1180050',1945,,3092,6,,,0
190017019,'1180055',1145,,3093,6,,,0
190017019,'1180056',1745,,3094,6,,,0
190017019,'1180065',1945,,3095,6,,,0
190017019,'1180069',715,,3096,6,,,0
