200029,'1179807',1009,,2461,20,,,0
200029,'1179834',1409,,2462,20,,,0
200029,'1179867',1709,,2463,20,,,0
200029,'1179877',1209,,2464,20,,,0
200029,'1179888',1609,,2465,20,,,0
200029,'1179893',1309,,2466,20,,,0
200029,'1179998',1509,,2467,20,,,0
200029,'1180053',909,,2468,10,,,0
200029,'1180064',1109,,2469,20,,,0
190017019,'1179790',1223,,3050,41,,,0
190017019,'1179796',1423,,3051,41,,,0
190017019,'1179821',1523,,3053,41,,,0
190017019,'1179824',653,,3054,41,,,0
190017019,'1179832',1123,,3055,41,,,0
190017019,'1179843',923,,3056,41,,,0
190017019,'1179845',2123,,3057,41,,,0
190017019,'1179849',1153,,3059,9,,,0
190017019,'1179859',1723,,3060,41,,,0
190017019,'1179863',1023,,3061,41,,,0
190017019,'1179870',853,,3062,41,,,0
190017019,'1179874',1323,,3063,41,,,0
190017019,'1179876',1923,,3064,41,,,0
190017019,'1179884',1653,,3065,41,,,0
190017019,'1179891',1623,,3066,41,,,0
190017019,'1179896',823,,3068,41,,,0
190017019,'1179899',1623,,3069,41,,,0
190017019,'1179905',723,,3070,41,,,0
190017019,'1179912',2123,,3071,41,,,0
190017019,'1179917',1823,,3072,41,,,0
190017019,'1179922',1423,,3073,41,,,0
190017019,'1179924',1523,,3074,41,,,0
190017019,'1179925',1553,,3075,9,,,0
190017019,'1179941',1253,,3076,9,,,0
190017019,'1179949',623,,3077,9,,,0
190017019,'1179955',923,,3079,41,,,0
190017019,'1179971',1323,,3080,41,,,0
190017019,'1179977',1923,,3081,41,,,0
190017019,'1179978',1123,,3082,41,,,0
190017019,'1179979',1753,,3083,41,,,0
190017019,'1179986',823,,3084,41,,,0
190017019,'1179987',1023,,3085,41,,,0
190017019,'1179994',1723,,3086,41,,,0
190017019,'1180001',953,,3087,41,,,0
190017019,'1180002',1453,,3088,9,,,0
190017019,'1180005',723,,3089,41,,,0
190017019,'1180033',1353,,3090,9,,,0
190017019,'1180050',2023,,3092,41,,,0
190017019,'1180055',1223,,3093,41,,,0
190017019,'1180056',1823,,3094,41,,,0
190017019,'1180065',2023,,3095,41,,,0
190017019,'1180069',753,,3096,41,,,0
190017019,'1180074',1053,,3097,9,,,0
