130029,'1178925',1500,,2343,9,,,0
130029,'1178989',1400,,2344,9,,,0
130029,'1179023',1600,,2345,9,,,0
130029,'1179120',1700,,2346,9,,,0
130029,'1179168',1300,,2347,9,,,0
130029,'1179423',900,,2348,9,,,0
130029,'1179469',1200,,2349,9,,,0
130029,'1179639',1000,,2350,9,,,0
130029,'1179657',1100,,2351,9,,,0
190013019,'1178916',1651,,2896,41,,,0
190013019,'1178919',2021,,2897,41,,,0
190013019,'1178920',1151,,2898,41,,,0
190013019,'1178929',821,,2899,41,,,0
190013019,'1178930',1721,,2900,41,,,0
190013019,'1178972',2021,,2901,41,,,0
190013019,'1178983',1251,,2902,41,,,0
190013019,'1178994',2221,,2903,41,,,0
190013019,'1178997',1221,,2904,41,,,0
190013019,'1179048',1551,,2905,41,,,0
190013019,'1179062',1621,,2906,41,,,0
190013019,'1179074',1351,,2907,41,,,0
190013019,'1179087',1321,,2908,41,,,0
190013019,'1179104',1051,,2909,41,,,0
190013019,'1179187',921,,2911,41,,,0
190013019,'1179202',1121,,2912,41,,,0
190013019,'1179203',1021,,2913,41,,,0
190013019,'1179212',1521,,2914,41,,,0
190013019,'1179219',1321,,2915,41,,,0
190013019,'1179243',821,,2916,41,,,0
190013019,'1179287',2221,,2917,41,,,0
190013019,'1179292',1121,,2918,41,,,0
190013019,'1179300',751,,2919,41,,,0
190013019,'1179354',621,,2920,9,,,0
190013019,'1179373',1021,,2921,41,,,0
190013019,'1179380',1421,,2922,41,,,0
190013019,'1179402',1421,,2923,41,,,0
190013019,'1179411',1451,,2924,41,,,0
190013019,'1179457',1921,,2925,41,,,0
190013019,'1179504',721,,2926,41,,,0
190013019,'1179507',951,,2927,41,,,0
190013019,'1179509',1221,,2928,41,,,0
190013019,'1179516',1621,,2929,41,,,0
190013019,'1179531',2121,,2930,41,,,0
190013019,'1179537',921,,2931,41,,,0
190013019,'1179539',1821,,2932,41,,,0
190013019,'1179546',721,,2933,41,,,0
190013019,'1179553',1921,,2934,41,,,0
190013019,'1179581',651,,2935,9,,,0
190013019,'1179591',1721,,2936,41,,,0
190013019,'1179611',1751,,2937,41,,,0
190013019,'1179635',1521,,2938,41,,,0
190013019,'1179694',851,,2939,41,,,0
190013019,'1179701',2121,,2940,41,,,0
190013019,'1179717',1821,,2941,41,,,0
