150029,'1179828',1008,,2397,15,,,0
150029,'1179915',1208,,2398,15,,,0
150029,'1179932',908,,2399,15,,,0
150029,'1179948',1508,,2400,15,,,0
150029,'1179983',1308,,2401,15,,,0
150029,'1180009',1108,,2402,15,,,0
150029,'1180017',1708,,2403,15,,,0
150029,'1180040',1608,,2404,15,,,0
150029,'1180079',1408,,2405,15,,,0
300019,'1179789',659,,2559,8,0,23 24 2 25,0
300019,'1179794',1929,,2560,9,0,23 24 2 25,0
300019,'1179797',1729,,2562,9,0,23 24 2 25,0
300019,'1179799',1029,,2563,12,0,8 9 2 26,0
300019,'1179823',1859,,2567,12,0,23 24 2 26,0
300019,'1179830',829,,2568,9,0,23 24 2 25,0
300019,'1179833',959,,2569,12,0,23 24 2 26,0
300019,'1179836',929,,2570,12,0,23 24 2 26,0
300019,'1179840',1459,,2571,12,0,23 24 2 26,0
300019,'1179841',2059,,2572,12,0,23 24 2 26,0
300019,'1179848',2029,,2574,9,0,23 24 2 25,0
300019,'1179850',759,,2575,12,0,23 24 2 26,0
300019,'1179857',1759,,2580,9,0,23 24 2 25,0
300019,'1179880',929,,2586,9,0,23 24 2 25,0
300019,'1179889',959,,2589,9,0,23 24 2 25,0
300019,'1179892',1229,,2590,9,0,23 24 2 25,0
300019,'1179894',1559,,2591,12,0,23 24 2 26,0
300019,'1179900',1659,,2592,9,0,23 24 2 25,0
300019,'1179906',1259,,2594,12,0,23 24 2 26,0
300019,'1179908',729,,2595,12,0,23 24 2 26,0
300019,'1179916',1029,,2597,9,0,23 24 2 25,0
300019,'1179927',1829,,2599,9,0,23 24 2 25,0
300019,'1179928',759,,2600,9,0,23 24 2 25,0
300019,'1179937',2129,,2601,9,0,23 24 2 25,0
300019,'1179942',2159,,2602,12,0,8 9 2 26,0
300019,'1179957',1059,,2605,12,0,23 24 2 26,0
300019,'1179962',1529,,2606,9,0,23 24 2 25,0
300019,'1179970',1959,,2610,12,0,23 24 2 26,0
300019,'1179981',1659,,2611,12,0,23 24 2 26,0
300019,'1179988',829,,2612,12,0,23 24 2 26,0
300019,'1179990',1429,,2613,9,0,23 24 2 25,0
300019,'1179993',1629,,2614,9,0,23 24 2 25,0
300019,'1179996',1629,,2615,12,0,23 24 2 26,0
300019,'1180000',1359,,2616,12,0,23 24 2 26,0
300019,'1180022',1729,,2618,12,0,23 24 2 26,0
300019,'1180030',729,,2619,9,0,23 24 2 25,0
300019,'1180035',859,,2620,12,0,23 24 2 26,0
300019,'1180038',1329,,2622,9,0,23 24 2 25,0
300019,'1180039',1559,,2623,9,0,23 24 2 25,0
300019,'1180043',1159,,2624,12,0,23 24 2 26,0
300019,'1180046',1829,,2625,12,0,8 9 2 26,0
300019,'1180051',1129,,2627,9,0,23 24 2 25,0
300019,'1180061',1759,,2629,12,0,23 24 2 26,0
300019,'1180066',859,,2630,9,0,23 24 2 25,0
300019,'1180121',659,,3098,8,0,23 24 2 25,0
300019,'1180122',959,,3099,13,0,23 24 2 26,0
300019,'1180123',959,,3100,13,0,23 24 2 26,0
300019,'1180124',1559,,3101,13,0,23 24 2 26,0
300019,'1180125',729,,3102,8,0,23 24 2 25,0
300019,'1180126',1429,,3103,9,0,23 24 2 25,0
300019,'1180127',729,,3104,13,0,23 24 2 26,0
300019,'1180128',1159,,3105,13,0,23 24 2 26,0
300019,'1180129',1759,,3106,13,0,23 24 2 26,0
300019,'1180130',929,,3107,9,0,23 24 2 25,0
300019,'1180131',1229,,3108,9,0,23 24 2 25,0
300019,'1180132',1129,,3109,9,0,23 24 2 25,0
300019,'1180133',2129,,3110,9,0,23 24 2 25,0
300019,'1180134',1559,,3111,9,0,23 24 2 25,0
300019,'1180135',1729,,3112,13,0,23 24 2 26,0
300019,'1180136',829,,3113,9,0,23 24 2 25,0
300019,'1180137',759,,3114,13,0,23 24 2 26,0
300019,'1180138',1129,,3115,9,0,23 24 2 25,0
300019,'1180139',1329,,3116,9,0,23 24 2 25,0
300019,'1180140',1629,,3117,9,0,23 24 2 25,0
300019,'1180141',859,,3118,13,0,23 24 2 26,0
300019,'1180142',1459,,3119,13,0,23 24 2 26,0
300019,'1180143',1759,,3120,9,0,23 24 2 25,0
300019,'1180144',1959,,3121,13,0,23 24 2 26,0
300019,'1180145',1429,,3122,9,0,23 24 2 25,0
300019,'1180146',1959,,3123,13,0,23 24 2 26,0
300019,'1180147',2159,,3124,13,0,8 9 2 26,0
300019,'1180148',1559,,3125,13,0,23 24 2 26,0
300019,'1180149',1459,,3126,13,0,23 24 2 26,0
300019,'1180150',859,,3127,9,0,23 24 2 25,0
300019,'1180151',2029,,3128,9,0,23 24 2 25,0
300019,'1180152',829,,3129,9,0,23 24 2 25,0
300019,'1180153',1059,,3130,13,0,23 24 2 26,0
300019,'1180154',1059,,3131,13,0,23 24 2 26,0
300019,'1180155',1359,,3132,13,0,23 24 2 26,0
300019,'1180156',929,,3133,9,0,23 24 2 25,0
300019,'1180157',2059,,3134,13,0,23 24 2 26,0
300019,'1180158',1829,,3135,13,0,8 9 2 26,0
300019,'1180159',959,,3136,9,0,23 24 2 25,0
300019,'1180160',1659,,3137,13,0,23 24 2 26,0
300019,'1180161',1729,,3138,9,0,23 24 2 25,0
300019,'1180162',2159,,3139,13,0,8 9 2 26,0
300019,'1180163',1259,,3140,13,0,23 24 2 26,0
300019,'1180164',1029,,3141,9,0,23 24 2 25,0
300019,'1180165',1359,,3142,13,0,23 24 2 26,0
300019,'1180166',1529,,3143,9,0,23 24 2 25,0
300019,'1180167',1229,,3144,9,0,23 24 2 25,0
300019,'1180168',1929,,3145,9,0,23 24 2 25,0
300019,'1180169',1729,,3146,9,0,23 24 2 25,0
300019,'1180170',929,,3147,13,0,23 24 2 26,0
300019,'1180171',759,,3148,13,0,23 24 2 26,0
300019,'1180172',1159,,3149,13,0,23 24 2 26,0
300019,'1180173',1859,,3150,13,0,23 24 2 26,0
300019,'1180174',1259,,3151,13,0,23 24 2 26,0
300019,'1180175',729,,3152,9,0,23 24 2 25,0
300019,'1180176',1029,,3153,9,0,23 24 2 25,0
300019,'1180177',1659,,3154,9,0,23 24 2 25,0
300019,'1180178',1629,,3155,9,0,23 24 2 25,0
300019,'1180179',1529,,3156,9,0,23 24 2 25,0
300019,'1180180',1629,,3157,13,0,23 24 2 26,0
300019,'1180181',2129,,3158,9,0,23 24 2 25,0
300019,'1180182',1829,,3159,9,0,23 24 2 25,0
300019,'1180183',759,,3160,9,0,23 24 2 25,0
300019,'1180184',1659,,3161,13,0,23 24 2 26,0
300019,'1180185',1759,,3162,13,0,23 24 2 26,0
300019,'1180186',829,,3163,13,0,23 24 2 26,0
300019,'1180187',1029,,3164,13,0,8 9 2 26,0
300019,'1180188',2029,,3165,9,0,23 24 2 25,0
300019,'1180189',1929,,3166,9,0,23 24 2 25,0
300019,'1180190',2059,,3167,13,0,23 24 2 26,0
300019,'1180191',1829,,3168,9,0,23 24 2 25,0
300019,'1180192',1859,,3169,13,0,23 24 2 26,0
300019,'1180193',859,,3170,13,0,23 24 2 26,0
300019,'1180194',1329,,3171,9,0,23 24 2 25,0
