110019,'1178947',948,,2239,28,,,0
110019,'1178964',1448,,2240,28,,,0
110019,'1178973',1748,,2241,28,,,0
110019,'1179028',1548,,2242,28,,,0
110019,'1179105',1648,,2243,28,,,0
110019,'1179114',1048,,2244,28,,,0
110019,'1179176',1248,,2245,28,,,0
110019,'1179184',1348,,2246,28,,,0
110019,'1179290',1148,,2247,28,,,0
200019,'1179798',1347,,2442,16,,,0
200019,'1179810',1547,,2443,16,,,0
200019,'1179901',1147,,2444,16,,,0
200019,'1179903',1747,,2445,16,,,0
200019,'1179911',1447,,2446,16,,,0
200019,'1179939',1047,,2447,16,,,0
200019,'1179968',1647,,2448,16,,,0
200019,'1179973',947,,2449,16,,,0
200019,'1180054',1247,,2450,16,,,0
140010019,'1178914',1128,,2633,30,0,8 21,0
140010019,'1178921',1459,,2634,30,,,0
140010019,'1178922',959,,2635,31,,,0
140010019,'1178936',728,,2636,30,,,0
140010019,'1178946',2258,,2637,30,0,8 21,0
140010019,'1178979',1059,,2638,31,,,0
140010019,'1179012',758,,2639,31,,,0
140010019,'1179037',1958,,2640,30,,,0
140010019,'1179103',1558,,2641,31,,,0
140010019,'1179122',1328,,2642,30,0,8 21,0
140010019,'1179131',1159,,2643,30,,,0
140010019,'1179140',2158,,2644,30,,,0
140010019,'1179147',928,,2645,30,0,8 21,0
140010019,'1179157',658,,2646,30,,,0
140010019,'1179167',1059,,2647,30,,,0
140010019,'1179178',1758,,2648,31,,,0
140010019,'1179180',2158,,2649,31,,,0
140010019,'1179188',1459,,2650,31,,,0
140010019,'1179217',1958,,2651,31,,,0
140010019,'1179232',1528,,2652,30,0,8 21,0
140010019,'1179251',1628,,2653,30,,,0
140010019,'1179253',828,,2654,30,,,0
140010019,'1179268',1728,,2655,30,,,0
140010019,'1179270',1658,,2656,31,,,0
140010019,'1179336',858,,2658,30,,,0
140010019,'1179347',758,,2659,30,,,0
140010019,'1179361',2058,,2660,30,,,0
140010019,'1179396',2058,,2661,31,,,0
140010019,'1179408',2258,,2662,31,0,8 21,0
140010019,'1179415',1159,,2663,31,,,0
140010019,'1179445',1359,,2664,30,,,0
140010019,'1179452',1758,,2665,30,,,0
140010019,'1179453',1359,,2666,31,,,0
140010019,'1179479',1259,,2667,30,,,0
140010019,'1179483',1228,,2668,30,0,8 21,0
140010019,'1179494',1658,,2669,30,,,0
140010019,'1179496',1558,,2670,30,,,0
140010019,'1179498',1428,,2671,30,0,8 21,0
140010019,'1179544',1858,,2672,30,,,0
140010019,'1179548',1028,,2673,30,0,8 21,0
140010019,'1179613',1858,,2674,31,,,0
140010019,'1179620',858,,2675,31,,,0
140010019,'1179629',1828,,2676,30,0,8 21,0
140010019,'1179659',1259,,2677,31,,,0
140010019,'1179692',959,,2678,30,,,0
140016019,'1179792',902,,2805,18,,,0
140016019,'1179800',1702,,2806,18,,,0
140016019,'1179808',1902,,2807,18,,,0
140016019,'1179822',1532,,2808,18,,,0
140016019,'1179827',832,,2809,18,,,0
140016019,'1179831',1602,,2810,18,,,0
140016019,'1179835',2202,,2811,18,,,0
140016019,'1179839',1332,,2812,18,0,8 21,0
140016019,'1179842',1132,,2813,18,0,8 21,0
140016019,'1179862',932,,2814,18,0,8 21,0
140016019,'1179868',1632,,2815,18,,,0
140016019,'1179875',1102,,2816,18,,,0
140016019,'1179881',1832,,2817,18,0,8 21,0
140016019,'1179886',1402,,2818,18,,,0
140016019,'1179897',1032,,2819,18,0,8 21,0
140016019,'1179904',1232,,2820,18,0,8 21,0
140016019,'1179907',1702,,2821,18,,,0
140016019,'1179913',1732,,2822,18,,,0
140016019,'1179926',1302,,2823,18,,,0
140016019,'1179938',1502,,2824,18,,,0
140016019,'1179943',2102,,2825,18,,,0
140016019,'1179945',802,,2826,18,,,0
140016019,'1179958',1402,,2827,18,,,0
140016019,'1179963',1802,,2828,18,,,0
140016019,'1179974',1002,,2829,18,,,0
140016019,'1179976',702,,2830,18,,,0
140016019,'1179989',902,,2831,18,,,0
140016019,'1179991',1502,,2832,18,,,0
140016019,'1179997',1602,,2833,18,,,0
140016019,'1180006',1002,,2834,18,,,0
140016019,'1180012',1902,,2835,18,,,0
140016019,'1180018',1102,,2836,18,,,0
140016019,'1180019',2202,,2837,18,,,0
140016019,'1180020',2002,,2838,18,,,0
140016019,'1180023',1302,,2839,18,,,0
140016019,'1180024',732,,2840,18,,,0
140016019,'1180028',802,,2841,18,,,0
140016019,'1180031',2002,,2842,18,,,0
140016019,'1180048',2102,,2843,18,,,0
140016019,'1180057',1802,,2844,18,,,0
140016019,'1180062',1432,,2845,18,0,8 21,0
140016019,'1180072',1202,,2846,18,,,0
140016019,'1180078',1202,,2847,18,,,0
