120019,'1178966',1329,,2316,15,,,0
120019,'1178998',1529,,2317,15,,,0
120019,'1179031',1629,,2318,15,,,0
120019,'1179149',1429,,2319,15,,,0
120019,'1179182',1129,,2320,15,,,0
120019,'1179282',929,,2321,15,,,0
120019,'1179296',1729,,2322,15,,,0
120019,'1179596',1029,,2323,15,,,0
120019,'1179628',1229,,2324,15,,,0
190013019,'1178916',1620,,2896,15,,,0
190013019,'1178919',1950,,2897,15,,,0
190013019,'1178920',1120,,2898,15,,,0
190013019,'1178929',750,,2899,15,,,0
190013019,'1178930',1650,,2900,15,,,0
190013019,'1178972',1950,,2901,15,,,0
190013019,'1178983',1220,,2902,15,,,0
190013019,'1178994',2150,,2903,15,,,0
190013019,'1178997',1150,,2904,15,,,0
190013019,'1179048',1520,,2905,15,,,0
190013019,'1179062',1550,,2906,15,,,0
190013019,'1179074',1320,,2907,15,,,0
190013019,'1179087',1250,,2908,15,,,0
190013019,'1179104',1020,,2909,15,,,0
190013019,'1179171',1820,,2910,15,0,8 21,0
190013019,'1179187',850,,2911,15,,,0
190013019,'1179202',1050,,2912,15,,,0
190013019,'1179203',950,,2913,15,,,0
190013019,'1179212',1450,,2914,15,,,0
190013019,'1179219',1250,,2915,15,,,0
190013019,'1179243',750,,2916,15,,,0
190013019,'1179287',2150,,2917,15,,,0
190013019,'1179292',1050,,2918,15,,,0
190013019,'1179300',720,,2919,15,,,0
190013019,'1179373',950,,2921,15,,,0
190013019,'1179380',1350,,2922,15,,,0
190013019,'1179402',1350,,2923,15,,,0
190013019,'1179411',1420,,2924,15,,,0
190013019,'1179457',1850,,2925,15,,,0
190013019,'1179504',650,,2926,15,,,0
190013019,'1179507',920,,2927,15,,,0
190013019,'1179509',1150,,2928,15,,,0
190013019,'1179516',1550,,2929,15,,,0
190013019,'1179531',2050,,2930,15,,,0
190013019,'1179537',850,,2931,15,,,0
190013019,'1179539',1750,,2932,15,,,0
190013019,'1179546',650,,2933,15,,,0
190013019,'1179553',1850,,2934,15,,,0
190013019,'1179591',1650,,2936,15,,,0
190013019,'1179611',1720,,2937,15,,,0
190013019,'1179635',1450,,2938,15,,,0
190013019,'1179694',820,,2939,15,,,0
190013019,'1179701',2050,,2940,15,,,0
190013019,'1179717',1750,,2941,15,,,0
