300019,'1180122',1005,,3099,18,0,23 24 2 26,0
300019,'1180123',1005,,3100,18,0,23 24 2 26,0
300019,'1180124',1605,,3101,18,0,23 24 2 26,0
300019,'1180127',735,,3104,18,0,23 24 2 26,0
300019,'1180128',1205,,3105,18,0,23 24 2 26,0
300019,'1180129',1805,,3106,18,0,23 24 2 26,0
300019,'1180135',1735,,3112,18,0,23 24 2 26,0
300019,'1180137',805,,3114,18,0,23 24 2 26,0
300019,'1180141',905,,3118,18,0,23 24 2 26,0
300019,'1180142',1505,,3119,18,0,23 24 2 26,0
300019,'1180144',2005,,3121,18,0,23 24 2 26,0
300019,'1180146',2005,,3123,18,0,23 24 2 26,0
300019,'1180147',2205,,3124,18,0,8 9 2 26,0
300019,'1180148',1605,,3125,18,0,23 24 2 26,0
300019,'1180149',1505,,3126,18,0,23 24 2 26,0
300019,'1180153',1105,,3130,18,0,23 24 2 26,0
300019,'1180154',1105,,3131,18,0,23 24 2 26,0
300019,'1180155',1405,,3132,18,0,23 24 2 26,0
300019,'1180157',2105,,3134,18,0,23 24 2 26,0
300019,'1180158',1835,,3135,18,0,8 9 2 26,0
300019,'1180160',1705,,3137,18,0,23 24 2 26,0
300019,'1180162',2205,,3139,18,0,8 9 2 26,0
300019,'1180163',1305,,3140,18,0,23 24 2 26,0
300019,'1180165',1405,,3142,18,0,23 24 2 26,0
300019,'1180170',935,,3147,18,0,23 24 2 26,0
300019,'1180171',805,,3148,18,0,23 24 2 26,0
300019,'1180172',1205,,3149,18,0,23 24 2 26,0
300019,'1180173',1905,,3150,18,0,23 24 2 26,0
300019,'1180174',1305,,3151,18,0,23 24 2 26,0
300019,'1180180',1635,,3157,18,0,23 24 2 26,0
300019,'1180184',1705,,3161,18,0,23 24 2 26,0
300019,'1180185',1805,,3162,18,0,23 24 2 26,0
300019,'1180186',835,,3163,18,0,23 24 2 26,0
300019,'1180187',1035,,3164,18,0,8 9 2 26,0
300019,'1180190',2105,,3167,18,0,23 24 2 26,0
300019,'1180192',1905,,3169,18,0,23 24 2 26,0
300019,'1180193',905,,3170,18,0,23 24 2 26,0
