150029,'1179828',959,,2397,4,,,0
150029,'1179915',1159,,2398,4,,,0
150029,'1179932',859,,2399,4,,,0
150029,'1179948',1459,,2400,4,,,0
150029,'1179983',1259,,2401,4,,,0
150029,'1180009',1059,,2402,4,,,0
150029,'1180017',1659,,2403,4,,,0
150029,'1180040',1559,,2404,4,,,0
150029,'1180079',1359,,2405,4,,,0
190015019,'1179083',617,,2946,4,,,0
190015019,'1179637',647,,2969,4,,,0
190015019,'1179791',2117,,2973,29,,,0
190015019,'1179793',717,,2974,29,,,0
190015019,'1179804',717,,2975,29,,,0
190015019,'1179812',1117,,2976,29,,,0
190015019,'1179819',817,,2977,29,,,0
190015019,'1179825',1217,,2978,29,,,0
190015019,'1179856',847,,2980,29,,,0
190015019,'1179872',817,,2981,29,,,0
190015019,'1179885',1647,,2982,29,,,0
190015019,'1179887',1417,,2983,29,,,0
190015019,'1179898',1517,,2984,29,,,0
190015019,'1179909',1017,,2985,29,,,0
190015019,'1179919',1817,,2986,29,,,0
190015019,'1179920',917,,2987,29,,,0
190015019,'1179923',1447,,2988,29,,,0
190015019,'1179931',2117,,2989,29,,,0
190015019,'1179935',1717,,2991,29,,,0
190015019,'1179940',1147,,2992,29,,,0
190015019,'1179952',1217,,2993,29,,,0
190015019,'1179960',1317,,2994,29,,,0
190015019,'1179961',1517,,2995,29,,,0
190015019,'1179980',1047,,2997,29,,,0
190015019,'1179982',1747,,2998,29,,,0
190015019,'1179992',1547,,2999,29,,,0
190015019,'1179995',1117,,3000,29,,,0
190015019,'1179999',1247,,3001,29,,,0
190015019,'1180013',1917,,3002,29,,,0
190015019,'1180014',2017,,3003,29,,,0
190015019,'1180015',947,,3004,29,,,0
190015019,'1180016',2017,,3005,29,,,0
190015019,'1180026',1917,,3007,29,,,0
190015019,'1180029',1017,,3008,29,,,0
190015019,'1180044',1617,,3009,29,,,0
190015019,'1180058',1347,,3011,29,,,0
190015019,'1180059',1717,,3012,29,,,0
190015019,'1180068',1817,,3013,29,,,0
190015019,'1180070',1617,,3014,29,,,0
190015019,'1180075',917,,3015,29,,,0
190015019,'1180077',1317,,3016,29,,,0
190015019,'1180080',747,,3017,29,,,0
190015019,'1180081',1417,,3018,29,,,0
