120029,'1179032',1603,,2325,43,,,0
120029,'1179055',1403,,2326,43,,,0
120029,'1179056',1703,,2327,43,,,0
120029,'1179099',1816,,2328,43,,,0
120029,'1179153',1003,,2329,43,,,0
120029,'1179222',1503,,2330,43,,,0
120029,'1179429',1203,,2331,43,,,0
120029,'1179447',1103,,2332,43,,,0
120029,'1179575',1303,,2333,43,,,0
140012019,'1178913',1233,,2679,48,,,0
140012019,'1178923',1233,,2680,48,,,0
140012019,'1178934',1033,,2681,48,,,0
140012019,'1178935',833,,2682,48,,,0
140012019,'1178953',933,,2683,48,,,0
140012019,'1178981',733,,2684,48,,,0
140012019,'1178986',1503,,2685,48,,,0
140012019,'1179006',1403,,2686,48,,,0
140012019,'1179011',803,,2687,48,,,0
140012019,'1179015',1933,,2688,48,,,0
140012019,'1179046',933,,2689,48,,,0
140012019,'1179102',1633,,2690,48,,,0
140012019,'1179154',1433,,2691,48,,,0
140012019,'1179183',2033,,2692,48,,,0
140012019,'1179185',1003,,2693,48,,,0
140012019,'1179230',1033,,2695,48,,,0
140012019,'1179233',1633,,2696,48,,,0
140012019,'1179236',833,,2697,48,,,0
140012019,'1179238',1533,,2698,48,,,0
140012019,'1179244',2133,,2699,48,,,0
140012019,'1179245',1933,,2700,48,,,0
140012019,'1179250',733,,2701,26,,,0
140012019,'1179261',1133,,2703,48,,,0
140012019,'1179316',2033,,2704,48,,,0
140012019,'1179325',903,,2705,48,,,0
140012019,'1179348',1333,,2706,48,,,0
140012019,'1179359',1803,,2707,48,,,0
140012019,'1179372',2233,,2708,48,,,0
140012019,'1179387',1333,,2709,48,,,0
140012019,'1179399',1203,,2710,48,,,0
140012019,'1179425',2133,,2711,48,,,0
140012019,'1179444',1703,,2712,48,,,0
140012019,'1179495',1433,,2713,48,,,0
140012019,'1179499',1603,,2714,48,,,0
140012019,'1179510',1733,,2715,48,,,0
140012019,'1179511',2233,,2716,48,,,0
140012019,'1179526',1833,,2717,48,,,0
140012019,'1179556',1133,,2718,48,,,0
140012019,'1179567',1303,,2719,48,,,0
140012019,'1179644',1833,,2721,48,,,0
140012019,'1179693',1103,,2722,48,,,0
140012019,'1179704',1533,,2723,48,,,0
140012019,'1179715',1733,,2724,48,,,0
