120029,'1179032',1523,,2325,11,,,0
120029,'1179055',1323,,2326,11,,,0
120029,'1179056',1623,,2327,11,,,0
120029,'1179099',1723,,2328,11,,,0
120029,'1179153',923,,2329,11,,,0
120029,'1179222',1423,,2330,11,,,0
120029,'1179429',1123,,2331,11,,,0
120029,'1179447',1023,,2332,11,,,0
120029,'1179575',1223,,2333,11,,,0
190017019,'1178932',917,,3019,11,,,0
190017019,'1179000',2147,,3021,11,0,8 21,0
190017019,'1179014',1817,,3022,11,0,8 21,0
190017019,'1179016',617,,3023,11,,,0
190017019,'1179092',647,,3025,11,,,0
190017019,'1179151',1847,,3026,11,,,0
190017019,'1179161',1717,,3027,11,,,0
190017019,'1179277',817,,3028,11,,,0
190017019,'1179427',1247,,3032,11,,,0
190017019,'1179455',1347,,3033,11,,,0
190017019,'1179519',1747,,3035,11,,,0
190017019,'1179529',2247,,3036,11,0,8 21,0
190017019,'1179533',717,,3037,11,,,0
190017019,'1179573',1147,,3039,11,,,0
190017019,'1179579',1047,,3040,11,,,0
190017019,'1179599',2047,,3041,11,,,0
190017019,'1179610',1947,,3042,11,,,0
190017019,'1179626',1617,,3043,11,,,0
190017019,'1179667',747,,3044,11,,,0
190017019,'1179680',1547,,3045,11,,,0
190017019,'1179683',847,,3046,11,,,0
190017019,'1179686',1447,,3047,11,,,0
190017019,'1179699',947,,3048,11,,,0
190017019,'1179710',1647,,3049,11,,,0
190017019,'1179790',1147,,3050,11,,,0
190017019,'1179796',1347,,3051,11,,,0
190017019,'1179813',2247,,3052,11,0,8 21,0
190017019,'1179821',1447,,3053,11,,,0
190017019,'1179824',617,,3054,11,,,0
190017019,'1179832',1047,,3055,11,,,0
190017019,'1179843',847,,3056,11,,,0
190017019,'1179845',2047,,3057,11,,,0
190017019,'1179847',2147,,3058,11,0,8 21,0
190017019,'1179859',1647,,3060,11,,,0
190017019,'1179863',947,,3061,11,,,0
190017019,'1179870',817,,3062,11,,,0
190017019,'1179874',1247,,3063,11,,,0
190017019,'1179876',1847,,3064,11,,,0
190017019,'1179884',1617,,3065,11,,,0
190017019,'1179891',1547,,3066,11,,,0
190017019,'1179895',1817,,3067,11,0,8 21,0
190017019,'1179896',747,,3068,11,,,0
190017019,'1179899',1547,,3069,11,,,0
190017019,'1179905',647,,3070,11,,,0
190017019,'1179912',2047,,3071,11,,,0
190017019,'1179917',1747,,3072,11,,,0
190017019,'1179922',1347,,3073,11,,,0
190017019,'1179924',1447,,3074,11,,,0
190017019,'1179953',2147,,3078,11,0,8 21,0
190017019,'1179955',847,,3079,11,,,0
190017019,'1179971',1247,,3080,11,,,0
190017019,'1179977',1847,,3081,11,,,0
190017019,'1179978',1047,,3082,11,,,0
190017019,'1179979',1717,,3083,11,,,0
190017019,'1179986',747,,3084,11,,,0
190017019,'1179987',947,,3085,11,,,0
190017019,'1179994',1647,,3086,11,,,0
190017019,'1180001',917,,3087,11,,,0
190017019,'1180005',647,,3089,11,,,0
190017019,'1180041',2247,,3091,11,0,8 21,0
190017019,'1180050',1947,,3092,11,,,0
190017019,'1180055',1147,,3093,11,,,0
190017019,'1180056',1747,,3094,11,,,0
190017019,'1180065',1947,,3095,11,,,0
190017019,'1180069',717,,3096,11,,,0
