160029,'1178957',904,,2424,13,,,0
160029,'1179098',1404,,2425,13,,,0
160029,'1179137',1604,,2426,13,,,0
160029,'1179301',1204,,2427,13,,,0
160029,'1179398',1304,,2428,13,,,0
160029,'1179410',1704,,2429,13,,,0
160029,'1179543',1104,,2430,13,,,0
160029,'1179558',1004,,2431,13,,,0
160029,'1179623',1504,,2432,13,,,0
216019,'1178924',754,,2470,13,,,0
216019,'1178948',624,,2471,13,,,0
216019,'1178963',2124,,2472,13,,,0
216019,'1178968',1224,,2473,13,,,0
216019,'1179019',1754,,2474,13,,,0
216019,'1179021',1554,,2475,13,,,0
216019,'1179029',1424,,2476,13,,,0
216019,'1179050',1524,,2477,13,,,0
216019,'1179070',1424,,2478,13,,,0
216019,'1179075',1824,,2479,13,,,0
216019,'1179116',724,,2480,13,,,0
216019,'1179123',1324,,2481,13,,,0
216019,'1179160',1724,,2482,13,,,0
216019,'1179179',2024,,2483,13,,,0
216019,'1179181',1124,,2484,13,,,0
216019,'1179199',924,,2485,13,,,0
216019,'1179206',1524,,2486,13,,,0
216019,'1179328',1024,,2487,13,,,0
216019,'1179338',1224,,2488,13,,,0
216019,'1179345',824,,2489,13,,,0
216019,'1179368',1654,,2490,13,,,0
216019,'1179369',1024,,2491,13,,,0
216019,'1179374',1624,,2492,13,,,0
216019,'1179421',1824,,2493,13,,,0
216019,'1179431',1124,,2494,13,,,0
216019,'1179458',1924,,2495,13,,,0
216019,'1179488',724,,2496,13,,,0
216019,'1179523',1324,,2497,13,,,0
216019,'1179574',2024,,2498,13,,,0
216019,'1179582',1924,,2499,13,,,0
216019,'1179605',854,,2500,13,,,0
216019,'1179647',1724,,2501,13,,,0
216019,'1179669',824,,2502,13,,,0
216019,'1179695',2124,,2503,13,,,0
216019,'1179712',654,,2504,13,,,0
216019,'1179714',924,,2505,13,,,0
216019,'1179719',1624,,2506,13,,,0
