130019,'1179053',1725,,2334,5,,,0
130019,'1179067',1325,,2335,5,,,0
130019,'1179069',1025,,2336,5,,,0
130019,'1179093',1125,,2337,5,,,0
130019,'1179108',1225,,2338,5,,,0
130019,'1179294',1525,,2339,5,,,0
130019,'1179386',1625,,2340,5,,,0
130019,'1179541',925,,2341,5,,,0
130019,'1179675',1425,,2342,5,,,0
150029,'1178980',1104,,2388,11,,,0
150029,'1179059',904,,2389,11,,,0
150029,'1179210',1304,,2390,11,,,0
150029,'1179274',1704,,2391,11,,,0
150029,'1179311',1004,,2392,11,,,0
150029,'1179362',1604,,2393,11,,,0
150029,'1179450',1404,,2394,11,,,0
150029,'1179616',1204,,2395,11,,,0
150029,'1179674',1504,,2396,11,,,0
150029,'1179828',1004,,2397,11,,,0
150029,'1179915',1204,,2398,11,,,0
150029,'1179932',904,,2399,11,,,0
150029,'1179948',1504,,2400,11,,,0
150029,'1179983',1304,,2401,11,,,0
150029,'1180009',1104,,2402,11,,,0
150029,'1180017',1704,,2403,11,,,0
150029,'1180040',1604,,2404,11,,,0
150029,'1180079',1404,,2405,11,,,0
300019,'1178918',1153,,2508,8,0,23 24 2 26,0
300019,'1178931',753,,2509,8,0,23 24 2 26,0
300019,'1179001',723,,2512,8,0,23 24 2 26,0
300019,'1179003',1953,,2513,8,0,23 24 2 26,0
300019,'1179058',1053,,2516,8,0,23 24 2 26,0
300019,'1179066',1753,,2517,8,0,23 24 2 26,0
300019,'1179109',1823,,2518,8,0,8 9 2 26,0
300019,'1179110',953,,2519,8,0,23 24 2 26,0
300019,'1179115',923,,2520,8,0,23 24 2 26,0
300019,'1179194',823,,2521,8,0,23 24 2 26,0
300019,'1179279',853,,2526,8,0,23 24 2 26,0
300019,'1179331',1253,,2529,8,0,23 24 2 26,0
300019,'1179379',2153,,2533,8,0,8 9 2 26,0
300019,'1179390',1453,,2534,8,0,23 24 2 26,0
300019,'1179397',1623,,2535,8,0,23 24 2 26,0
300019,'1179404',2053,,2536,8,0,23 24 2 26,0
300019,'1179435',1553,,2539,8,0,23 24 2 26,0
300019,'1179448',1353,,2540,8,0,23 24 2 26,0
300019,'1179566',1653,,2545,8,0,23 24 2 26,0
300019,'1179568',1853,,2546,8,0,23 24 2 26,0
300019,'1179593',1023,,2549,8,0,8 9 2 26,0
300019,'1179622',1723,,2554,8,0,23 24 2 26,0
300019,'1179799',1023,,2563,8,0,8 9 2 26,0
300019,'1179801',1653,,2564,8,0,23 24 2 26,0
300019,'1179823',1853,,2567,8,0,23 24 2 26,0
300019,'1179833',953,,2569,8,0,23 24 2 26,0
300019,'1179836',923,,2570,8,0,23 24 2 26,0
300019,'1179840',1453,,2571,8,0,23 24 2 26,0
300019,'1179841',2053,,2572,8,0,23 24 2 26,0
300019,'1179850',753,,2575,8,0,23 24 2 26,0
300019,'1179852',1453,,2577,8,0,23 24 2 26,0
300019,'1179854',1553,,2579,8,0,23 24 2 26,0
300019,'1179858',1353,,2581,8,0,23 24 2 26,0
300019,'1179866',1853,,2583,8,0,23 24 2 26,0
300019,'1179869',1253,,2584,8,0,23 24 2 26,0
300019,'1179882',753,,2587,8,0,23 24 2 26,0
300019,'1179894',1553,,2591,8,0,23 24 2 26,0
300019,'1179906',1253,,2594,8,0,23 24 2 26,0
300019,'1179908',723,,2595,8,0,23 24 2 26,0
300019,'1179914',1753,,2596,8,0,23 24 2 26,0
300019,'1179918',2053,,2598,8,0,23 24 2 26,0
300019,'1179942',2153,,2602,8,0,8 9 2 26,0
300019,'1179951',853,,2603,8,0,23 24 2 26,0
300019,'1179957',1053,,2605,8,0,23 24 2 26,0
300019,'1179967',2153,,2608,8,0,8 9 2 26,0
300019,'1179970',1953,,2610,8,0,23 24 2 26,0
300019,'1179981',1653,,2611,8,0,23 24 2 26,0
300019,'1179988',823,,2612,8,0,23 24 2 26,0
300019,'1179996',1623,,2615,8,0,23 24 2 26,0
300019,'1180000',1353,,2616,8,0,23 24 2 26,0
300019,'1180004',1953,,2617,8,0,23 24 2 26,0
300019,'1180022',1723,,2618,8,0,23 24 2 26,0
300019,'1180035',853,,2620,8,0,23 24 2 26,0
300019,'1180037',1153,,2621,8,0,23 24 2 26,0
300019,'1180043',1153,,2624,8,0,23 24 2 26,0
300019,'1180046',1823,,2625,8,0,8 9 2 26,0
300019,'1180049',1053,,2626,8,0,23 24 2 26,0
300019,'1180052',953,,2628,8,0,23 24 2 26,0
300019,'1180061',1753,,2629,8,0,23 24 2 26,0
140012019,'1178913',1148,,2679,5,,,0
140012019,'1178923',1148,,2680,5,,,0
140012019,'1178934',948,,2681,5,,,0
140012019,'1178935',748,,2682,5,,,0
140012019,'1178953',848,,2683,5,,,0
140012019,'1178981',648,,2684,5,,,0
140012019,'1178986',1418,,2685,5,,,0
140012019,'1179006',1318,,2686,5,,,0
140012019,'1179011',718,,2687,5,,,0
140012019,'1179015',1848,,2688,5,,,0
140012019,'1179046',848,,2689,5,,,0
140012019,'1179102',1548,,2690,5,,,0
140012019,'1179154',1348,,2691,5,,,0
140012019,'1179183',1948,,2692,5,,,0
140012019,'1179185',918,,2693,5,,,0
140012019,'1179216',2248,,2694,5,0,8 21,0
140012019,'1179230',948,,2695,5,,,0
140012019,'1179233',1548,,2696,5,,,0
140012019,'1179236',748,,2697,5,,,0
140012019,'1179238',1448,,2698,5,,,0
140012019,'1179244',2048,,2699,5,,,0
140012019,'1179245',1848,,2700,5,,,0
140012019,'1179255',1818,,2702,5,0,8 21,0
140012019,'1179261',1048,,2703,5,,,0
140012019,'1179316',1948,,2704,5,,,0
140012019,'1179325',818,,2705,5,,,0
140012019,'1179348',1248,,2706,5,,,0
140012019,'1179359',1718,,2707,5,,,0
140012019,'1179372',2148,,2708,5,,,0
140012019,'1179387',1248,,2709,5,,,0
140012019,'1179399',1118,,2710,5,,,0
140012019,'1179425',2048,,2711,5,,,0
140012019,'1179444',1618,,2712,5,,,0
140012019,'1179495',1348,,2713,5,,,0
140012019,'1179499',1518,,2714,5,,,0
140012019,'1179510',1648,,2715,5,,,0
140012019,'1179511',2148,,2716,5,,,0
140012019,'1179526',1748,,2717,5,,,0
140012019,'1179556',1048,,2718,5,,,0
140012019,'1179567',1218,,2719,5,,,0
140012019,'1179578',2248,,2720,5,0,8 21,0
140012019,'1179644',1748,,2721,5,,,0
140012019,'1179693',1018,,2722,5,,,0
140012019,'1179704',1448,,2723,5,,,0
140012019,'1179715',1648,,2724,5,,,0
190015019,'1178937',1151,,2942,36,,,0
190015019,'1178958',1021,,2944,36,,,0
190015019,'1179073',1351,,2945,36,,,0
190015019,'1179083',621,,2946,11,,,0
190015019,'1179089',1221,,2947,36,,,0
190015019,'1179095',1721,,2948,36,,,0
190015019,'1179152',951,,2949,36,,,0
190015019,'1179170',821,,2951,36,,,0
190015019,'1179226',1821,,2952,36,,,0
190015019,'1179329',1651,,2954,36,,,0
190015019,'1179378',2021,,2955,36,,,0
190015019,'1179382',1751,,2956,36,,,0
190015019,'1179414',1521,,2957,36,,,0
190015019,'1179456',1551,,2958,36,,,0
190015019,'1179465',1621,,2959,36,,,0
190015019,'1179480',1321,,2960,36,,,0
190015019,'1179489',1251,,2961,36,,,0
190015019,'1179491',1121,,2962,36,,,0
190015019,'1179501',1051,,2963,36,,,0
190015019,'1179560',2121,,2964,36,,,0
190015019,'1179563',1421,,2965,36,,,0
190015019,'1179576',1921,,2966,36,,,0
190015019,'1179602',851,,2967,36,,,0
190015019,'1179633',751,,2968,36,,,0
190015019,'1179637',651,,2969,11,,,0
190015019,'1179652',921,,2970,36,,,0
190015019,'1179679',1451,,2971,36,,,0
190015019,'1179716',721,,2972,36,,,0
190015019,'1179791',2121,,2973,36,,,0
190015019,'1179793',721,,2974,36,,,0
190015019,'1179804',721,,2975,36,,,0
190015019,'1179812',1121,,2976,36,,,0
190015019,'1179819',821,,2977,36,,,0
190015019,'1179825',1221,,2978,36,,,0
190015019,'1179856',851,,2980,36,,,0
190015019,'1179872',821,,2981,36,,,0
190015019,'1179885',1651,,2982,36,,,0
190015019,'1179887',1421,,2983,36,,,0
190015019,'1179898',1521,,2984,36,,,0
190015019,'1179909',1021,,2985,36,,,0
190015019,'1179919',1821,,2986,36,,,0
190015019,'1179920',921,,2987,36,,,0
190015019,'1179923',1451,,2988,36,,,0
190015019,'1179931',2121,,2989,36,,,0
190015019,'1179935',1721,,2991,36,,,0
190015019,'1179940',1151,,2992,36,,,0
190015019,'1179952',1221,,2993,36,,,0
190015019,'1179960',1321,,2994,36,,,0
190015019,'1179961',1521,,2995,36,,,0
190015019,'1179980',1051,,2997,36,,,0
190015019,'1179982',1751,,2998,36,,,0
190015019,'1179992',1551,,2999,36,,,0
190015019,'1179995',1121,,3000,36,,,0
190015019,'1179999',1251,,3001,36,,,0
190015019,'1180013',1921,,3002,36,,,0
190015019,'1180014',2021,,3003,36,,,0
190015019,'1180015',951,,3004,36,,,0
190015019,'1180016',2021,,3005,36,,,0
190015019,'1180026',1921,,3007,36,,,0
190015019,'1180029',1021,,3008,36,,,0
190015019,'1180044',1621,,3009,36,,,0
190015019,'1180058',1351,,3011,36,,,0
190015019,'1180059',1721,,3012,36,,,0
190015019,'1180068',1821,,3013,36,,,0
190015019,'1180070',1621,,3014,36,,,0
190015019,'1180075',921,,3015,36,,,0
190015019,'1180077',1321,,3016,36,,,0
190015019,'1180080',751,,3017,36,,,0
190015019,'1180081',1421,,3018,36,,,0
