140029,'1178990',1422,,2361,3,,,0
140029,'1179039',1122,,2362,3,,,0
140029,'1179106',1022,,2363,3,,,0
140029,'1179281',1322,,2364,3,,,0
140029,'1179335',1622,,2365,3,,,0
140029,'1179461',1722,,2366,3,,,0
140029,'1179478',1522,,2367,3,,,0
140029,'1179522',1222,,2368,3,,,0
140029,'1179651',922,,2369,3,,,0
140029,'1179802',1522,,2370,2,,,0
140029,'1179837',1322,,2371,2,,,0
140029,'1179865',1722,,2372,2,,,0
140029,'1179930',1222,,2373,2,,,0
140029,'1179947',1622,,2374,2,,,0
140029,'1179984',1422,,2375,2,,,0
140029,'1180047',922,,2376,2,,,0
140029,'1180060',1022,,2377,2,,,0
140029,'1180076',1122,,2378,2,,,0
190015019,'1178937',1115,,2942,2,,,0
190015019,'1178938',2245,,2943,2,0,12,0
190015019,'1178958',945,,2944,2,,,0
190015019,'1179073',1315,,2945,2,,,0
190015019,'1179089',1145,,2947,2,,,0
190015019,'1179095',1645,,2948,2,,,0
190015019,'1179152',915,,2949,2,,,0
190015019,'1179165',2145,,2950,2,0,12,0
190015019,'1179170',745,,2951,2,,,0
190015019,'1179226',1745,,2952,2,,,0
190015019,'1179241',1815,,2953,2,0,12,0
190015019,'1179329',1615,,2954,2,,,0
190015019,'1179378',1945,,2955,2,,,0
190015019,'1179382',1715,,2956,2,,,0
190015019,'1179414',1445,,2957,2,,,0
190015019,'1179456',1515,,2958,2,,,0
190015019,'1179465',1545,,2959,2,,,0
190015019,'1179480',1245,,2960,2,,,0
190015019,'1179489',1215,,2961,2,,,0
190015019,'1179491',1045,,2962,2,,,0
190015019,'1179501',1015,,2963,2,,,0
190015019,'1179560',2045,,2964,2,,,0
190015019,'1179563',1345,,2965,2,,,0
190015019,'1179576',1845,,2966,2,,,0
190015019,'1179602',815,,2967,2,,,0
190015019,'1179633',715,,2968,2,,,0
190015019,'1179652',845,,2970,2,,,0
190015019,'1179679',1415,,2971,2,,,0
190015019,'1179716',645,,2972,2,,,0
190015019,'1179791',2045,,2973,2,,,0
190015019,'1179793',645,,2974,2,,,0
190015019,'1179804',645,,2975,2,,,0
190015019,'1179812',1045,,2976,2,,,0
190015019,'1179819',745,,2977,2,,,0
190015019,'1179825',1145,,2978,2,,,0
190015019,'1179846',2145,,2979,2,0,12,0
190015019,'1179856',815,,2980,2,,,0
190015019,'1179872',745,,2981,2,,,0
190015019,'1179885',1615,,2982,2,,,0
190015019,'1179887',1345,,2983,2,,,0
190015019,'1179898',1445,,2984,2,,,0
190015019,'1179909',945,,2985,2,,,0
190015019,'1179919',1745,,2986,2,,,0
190015019,'1179920',845,,2987,2,,,0
190015019,'1179923',1415,,2988,2,,,0
190015019,'1179931',2045,,2989,2,,,0
190015019,'1179934',1815,,2990,2,0,12,0
190015019,'1179935',1645,,2991,2,,,0
190015019,'1179940',1115,,2992,2,,,0
190015019,'1179952',1145,,2993,2,,,0
190015019,'1179960',1245,,2994,2,,,0
190015019,'1179961',1445,,2995,2,,,0
190015019,'1179972',2245,,2996,2,0,12,0
190015019,'1179980',1015,,2997,2,,,0
190015019,'1179982',1715,,2998,2,,,0
190015019,'1179992',1515,,2999,2,,,0
190015019,'1179995',1045,,3000,2,,,0
190015019,'1179999',1215,,3001,2,,,0
190015019,'1180013',1845,,3002,2,,,0
190015019,'1180014',1945,,3003,2,,,0
190015019,'1180015',915,,3004,2,,,0
190015019,'1180016',1945,,3005,2,,,0
190015019,'1180021',2245,,3006,2,0,12,0
190015019,'1180026',1845,,3007,2,,,0
190015019,'1180029',945,,3008,2,,,0
190015019,'1180044',1545,,3009,2,,,0
190015019,'1180045',2145,,3010,2,0,12,0
190015019,'1180058',1315,,3011,2,,,0
190015019,'1180059',1645,,3012,2,,,0
190015019,'1180068',1745,,3013,2,,,0
190015019,'1180070',1545,,3014,2,,,0
190015019,'1180075',845,,3015,2,,,0
190015019,'1180077',1245,,3016,2,,,0
190015019,'1180080',715,,3017,2,,,0
190015019,'1180081',1345,,3018,2,,,0
