130019,'1179053',1730,,2334,13,,,0
130019,'1179067',1330,,2335,13,,,0
130019,'1179069',1030,,2336,13,,,0
130019,'1179093',1130,,2337,13,,,0
130019,'1179108',1230,,2338,13,,,0
130019,'1179294',1530,,2339,13,,,0
130019,'1179386',1630,,2340,13,,,0
130019,'1179541',930,,2341,13,,,0
130019,'1179675',1430,,2342,13,,,0
140012019,'1178913',1154,,2679,13,,,0
140012019,'1178923',1154,,2680,13,,,0
140012019,'1178934',954,,2681,13,,,0
140012019,'1178935',754,,2682,13,,,0
140012019,'1178953',854,,2683,13,,,0
140012019,'1178981',654,,2684,13,,,0
140012019,'1178986',1424,,2685,13,,,0
140012019,'1179006',1324,,2686,13,,,0
140012019,'1179011',724,,2687,13,,,0
140012019,'1179015',1854,,2688,13,,,0
140012019,'1179046',854,,2689,13,,,0
140012019,'1179102',1554,,2690,13,,,0
140012019,'1179154',1354,,2691,13,,,0
140012019,'1179183',1954,,2692,13,,,0
140012019,'1179185',924,,2693,13,,,0
140012019,'1179216',2254,,2694,13,0,8 21,0
140012019,'1179230',954,,2695,13,,,0
140012019,'1179233',1554,,2696,13,,,0
140012019,'1179236',754,,2697,13,,,0
140012019,'1179238',1454,,2698,13,,,0
140012019,'1179244',2054,,2699,13,,,0
140012019,'1179245',1854,,2700,13,,,0
140012019,'1179255',1824,,2702,13,0,8 21,0
140012019,'1179261',1054,,2703,13,,,0
140012019,'1179316',1954,,2704,13,,,0
140012019,'1179325',824,,2705,13,,,0
140012019,'1179348',1254,,2706,13,,,0
140012019,'1179359',1724,,2707,13,,,0
140012019,'1179372',2154,,2708,13,,,0
140012019,'1179387',1254,,2709,13,,,0
140012019,'1179399',1124,,2710,13,,,0
140012019,'1179425',2054,,2711,13,,,0
140012019,'1179444',1624,,2712,13,,,0
140012019,'1179495',1354,,2713,13,,,0
140012019,'1179499',1524,,2714,13,,,0
140012019,'1179510',1654,,2715,13,,,0
140012019,'1179511',2154,,2716,13,,,0
140012019,'1179526',1754,,2717,13,,,0
140012019,'1179556',1054,,2718,13,,,0
140012019,'1179567',1224,,2719,13,,,0
140012019,'1179578',2254,,2720,13,0,8 21,0
140012019,'1179644',1754,,2721,13,,,0
140012019,'1179693',1024,,2722,13,,,0
140012019,'1179704',1454,,2723,13,,,0
140012019,'1179715',1654,,2724,13,,,0
