120029,'1179032',1559,,2325,39,,,0
120029,'1179055',1359,,2326,39,,,0
120029,'1179056',1659,,2327,39,,,0
120029,'1179099',1812,,2328,39,,,0
120029,'1179153',959,,2329,39,,,0
120029,'1179222',1459,,2330,39,,,0
120029,'1179429',1159,,2331,39,,,0
120029,'1179447',1059,,2332,39,,,0
120029,'1179575',1259,,2333,39,,,0
140012019,'1178913',1229,,2679,43,,,0
140012019,'1178923',1229,,2680,43,,,0
140012019,'1178934',1029,,2681,43,,,0
140012019,'1178935',829,,2682,43,,,0
140012019,'1178953',929,,2683,43,,,0
140012019,'1178981',729,,2684,43,,,0
140012019,'1178986',1459,,2685,43,,,0
140012019,'1179006',1359,,2686,43,,,0
140012019,'1179011',759,,2687,43,,,0
140012019,'1179015',1929,,2688,43,,,0
140012019,'1179046',929,,2689,43,,,0
140012019,'1179102',1629,,2690,43,,,0
140012019,'1179154',1429,,2691,43,,,0
140012019,'1179183',2029,,2692,43,,,0
140012019,'1179185',959,,2693,43,,,0
140012019,'1179230',1029,,2695,43,,,0
140012019,'1179233',1629,,2696,43,,,0
140012019,'1179236',829,,2697,43,,,0
140012019,'1179238',1529,,2698,43,,,0
140012019,'1179244',2129,,2699,43,,,0
140012019,'1179245',1929,,2700,43,,,0
140012019,'1179250',729,,2701,21,,,0
140012019,'1179261',1129,,2703,43,,,0
140012019,'1179316',2029,,2704,43,,,0
140012019,'1179325',859,,2705,43,,,0
140012019,'1179348',1329,,2706,43,,,0
140012019,'1179359',1759,,2707,43,,,0
140012019,'1179372',2229,,2708,43,,,0
140012019,'1179387',1329,,2709,43,,,0
140012019,'1179399',1159,,2710,43,,,0
140012019,'1179425',2129,,2711,43,,,0
140012019,'1179444',1659,,2712,43,,,0
140012019,'1179495',1429,,2713,43,,,0
140012019,'1179499',1559,,2714,43,,,0
140012019,'1179510',1729,,2715,43,,,0
140012019,'1179511',2229,,2716,43,,,0
140012019,'1179526',1829,,2717,43,,,0
140012019,'1179556',1129,,2718,43,,,0
140012019,'1179567',1259,,2719,43,,,0
140012019,'1179644',1829,,2721,43,,,0
140012019,'1179693',1059,,2722,43,,,0
140012019,'1179704',1529,,2723,43,,,0
140012019,'1179715',1729,,2724,43,,,0
