140019,'1178969',1329,,2352,23,,,0
140019,'1178977',1529,,2353,23,,,0
140019,'1179164',1629,,2354,23,,,0
140019,'1179344',1429,,2355,23,,,0
140019,'1179352',929,,2356,23,,,0
140019,'1179462',1229,,2357,23,,,0
140019,'1179512',1129,,2358,23,,,0
140019,'1179518',1029,,2359,23,,,0
140019,'1179634',1729,,2360,23,,,0
190013019,'1178916',1628,,2896,27,,,0
190013019,'1178919',1958,,2897,27,,,0
190013019,'1178920',1128,,2898,27,,,0
190013019,'1178929',758,,2899,27,,,0
190013019,'1178930',1658,,2900,27,,,0
190013019,'1178972',1958,,2901,27,,,0
190013019,'1178983',1228,,2902,27,,,0
190013019,'1178994',2158,,2903,27,,,0
190013019,'1178997',1158,,2904,27,,,0
190013019,'1179048',1528,,2905,27,,,0
190013019,'1179062',1558,,2906,27,,,0
190013019,'1179074',1328,,2907,27,,,0
190013019,'1179087',1258,,2908,27,,,0
190013019,'1179104',1028,,2909,27,,,0
190013019,'1179171',1828,,2910,27,0,8 21,0
190013019,'1179187',858,,2911,27,,,0
190013019,'1179202',1058,,2912,27,,,0
190013019,'1179203',958,,2913,27,,,0
190013019,'1179212',1458,,2914,27,,,0
190013019,'1179219',1258,,2915,27,,,0
190013019,'1179243',758,,2916,27,,,0
190013019,'1179287',2158,,2917,27,,,0
190013019,'1179292',1058,,2918,27,,,0
190013019,'1179300',728,,2919,27,,,0
190013019,'1179373',958,,2921,27,,,0
190013019,'1179380',1358,,2922,27,,,0
190013019,'1179402',1358,,2923,27,,,0
190013019,'1179411',1428,,2924,27,,,0
190013019,'1179457',1858,,2925,27,,,0
190013019,'1179504',658,,2926,27,,,0
190013019,'1179507',928,,2927,27,,,0
190013019,'1179509',1158,,2928,27,,,0
190013019,'1179516',1558,,2929,27,,,0
190013019,'1179531',2058,,2930,27,,,0
190013019,'1179537',858,,2931,27,,,0
190013019,'1179539',1758,,2932,27,,,0
190013019,'1179546',658,,2933,27,,,0
190013019,'1179553',1858,,2934,27,,,0
190013019,'1179591',1658,,2936,27,,,0
190013019,'1179611',1728,,2937,27,,,0
190013019,'1179635',1458,,2938,27,,,0
190013019,'1179694',828,,2939,27,,,0
190013019,'1179701',2058,,2940,27,,,0
190013019,'1179717',1758,,2941,27,,,0
