140010019,'1178921',1520,,2634,39,,,0
140010019,'1178922',1020,,2635,40,,,0
140010019,'1178936',751,,2636,39,,,0
140010019,'1178979',1120,,2638,40,,,0
140010019,'1179012',821,,2639,40,,,0
140010019,'1179037',2021,,2640,39,,,0
140010019,'1179103',1621,,2641,40,,,0
140010019,'1179131',1220,,2643,39,,,0
140010019,'1179140',2221,,2644,39,,,0
140010019,'1179157',721,,2646,39,,,0
140010019,'1179167',1120,,2647,39,,,0
140010019,'1179178',1821,,2648,40,,,0
140010019,'1179180',2221,,2649,40,,,0
140010019,'1179188',1520,,2650,40,,,0
140010019,'1179217',2021,,2651,40,,,0
140010019,'1179251',1651,,2653,39,,,0
140010019,'1179253',851,,2654,39,,,0
140010019,'1179268',1751,,2655,39,,,0
140010019,'1179270',1721,,2656,40,,,0
140010019,'1179302',721,,2657,7,,,0
140010019,'1179336',921,,2658,39,,,0
140010019,'1179347',821,,2659,39,,,0
140010019,'1179361',2121,,2660,39,,,0
140010019,'1179396',2121,,2661,40,,,0
140010019,'1179415',1220,,2663,40,,,0
140010019,'1179445',1420,,2664,39,,,0
140010019,'1179452',1821,,2665,39,,,0
140010019,'1179453',1420,,2666,40,,,0
140010019,'1179479',1320,,2667,39,,,0
140010019,'1179494',1721,,2669,39,,,0
140010019,'1179496',1621,,2670,39,,,0
140010019,'1179544',1921,,2672,39,,,0
140010019,'1179613',1921,,2674,40,,,0
140010019,'1179620',921,,2675,40,,,0
140010019,'1179659',1320,,2677,40,,,0
140010019,'1179692',1020,,2678,39,,,0
