120029,'1179032',1527,,2325,17,,,0
120029,'1179055',1327,,2326,17,,,0
120029,'1179056',1627,,2327,17,,,0
120029,'1179099',1727,,2328,17,,,0
120029,'1179153',927,,2329,17,,,0
120029,'1179222',1427,,2330,17,,,0
120029,'1179429',1127,,2331,17,,,0
120029,'1179447',1027,,2332,17,,,0
120029,'1179575',1227,,2333,17,,,0
190017019,'1179790',1153,,3050,18,,,0
190017019,'1179796',1353,,3051,18,,,0
190017019,'1179813',2253,,3052,18,0,8 21,0
190017019,'1179821',1453,,3053,18,,,0
190017019,'1179824',623,,3054,18,,,0
190017019,'1179832',1053,,3055,18,,,0
190017019,'1179843',853,,3056,18,,,0
190017019,'1179845',2053,,3057,18,,,0
190017019,'1179847',2153,,3058,18,0,8 21,0
190017019,'1179859',1653,,3060,18,,,0
190017019,'1179863',953,,3061,18,,,0
190017019,'1179870',823,,3062,18,,,0
190017019,'1179874',1253,,3063,18,,,0
190017019,'1179876',1853,,3064,18,,,0
190017019,'1179884',1623,,3065,18,,,0
190017019,'1179891',1553,,3066,18,,,0
190017019,'1179895',1823,,3067,18,0,8 21,0
190017019,'1179896',753,,3068,18,,,0
190017019,'1179899',1553,,3069,18,,,0
190017019,'1179905',653,,3070,18,,,0
190017019,'1179912',2053,,3071,18,,,0
190017019,'1179917',1753,,3072,18,,,0
190017019,'1179922',1353,,3073,18,,,0
190017019,'1179924',1453,,3074,18,,,0
190017019,'1179953',2153,,3078,18,0,8 21,0
190017019,'1179955',853,,3079,18,,,0
190017019,'1179971',1253,,3080,18,,,0
190017019,'1179977',1853,,3081,18,,,0
190017019,'1179978',1053,,3082,18,,,0
190017019,'1179979',1723,,3083,18,,,0
190017019,'1179986',753,,3084,18,,,0
190017019,'1179987',953,,3085,18,,,0
190017019,'1179994',1653,,3086,18,,,0
190017019,'1180001',923,,3087,18,,,0
190017019,'1180005',653,,3089,18,,,0
190017019,'1180041',2253,,3091,18,0,8 21,0
190017019,'1180050',1953,,3092,18,,,0
190017019,'1180055',1153,,3093,18,,,0
190017019,'1180056',1753,,3094,18,,,0
190017019,'1180065',1953,,3095,18,,,0
190017019,'1180069',723,,3096,18,,,0
