116019,'1178927',1043,,2202,9,,,0
116019,'1178944',1443,,2203,9,,,0
116019,'1178984',2043,,2204,9,,,0
116019,'1178985',1543,,2205,9,,,0
116019,'1178993',1713,,2206,9,,,0
116019,'1179002',2043,,2207,9,,,0
116019,'1179004',843,,2208,9,,,0
116019,'1179020',1643,,2209,9,,,0
116019,'1179022',1643,,2210,9,,,0
116019,'1179025',1343,,2211,9,,,0
116019,'1179035',943,,2212,9,,,0
116019,'1179036',713,,2213,9,,,0
116019,'1179045',1943,,2214,9,,,0
116019,'1179090',2143,,2215,9,,,0
116019,'1179113',743,,2216,9,,,0
116019,'1179119',643,,2217,9,,,0
116019,'1179186',2143,,2218,9,,,0
116019,'1179192',1843,,2219,9,,,0
116019,'1179204',1843,,2220,9,,,0
116019,'1179214',913,,2221,9,,,0
116019,'1179218',1943,,2222,9,,,0
116019,'1179231',1343,,2223,9,,,0
116019,'1179239',843,,2224,9,,,0
116019,'1179249',1443,,2225,9,,,0
116019,'1179326',1143,,2226,9,,,0
116019,'1179334',1243,,2227,9,,,0
116019,'1179487',1743,,2228,9,,,0
116019,'1179497',1243,,2229,9,,,0
116019,'1179505',1613,,2230,9,,,0
116019,'1179506',1143,,2231,9,,,0
116019,'1179514',1813,,2232,9,,,0
116019,'1179540',1543,,2233,9,,,0
116019,'1179564',1043,,2234,9,,,0
116019,'1179589',943,,2235,9,,,0
116019,'1179630',1743,,2236,9,,,0
116019,'1179645',743,,2237,9,,,0
116019,'1179711',813,,2238,9,,,0
