160029,'1178957',909,,2424,25,,,0
160029,'1179098',1409,,2425,25,,,0
160029,'1179137',1609,,2426,25,,,0
160029,'1179301',1209,,2427,25,,,0
160029,'1179398',1309,,2428,25,,,0
160029,'1179410',1709,,2429,25,,,0
160029,'1179543',1109,,2430,25,,,0
160029,'1179558',1009,,2431,25,,,0
160029,'1179623',1509,,2432,25,,,0
216019,'1178924',801,,2470,27,,,0
216019,'1178948',631,,2471,27,,,0
216019,'1178963',2131,,2472,27,,,0
216019,'1178968',1231,,2473,27,,,0
216019,'1179019',1801,,2474,27,,,0
216019,'1179021',1601,,2475,27,,,0
216019,'1179029',1431,,2476,27,,,0
216019,'1179050',1531,,2477,27,,,0
216019,'1179070',1431,,2478,27,,,0
216019,'1179075',1831,,2479,27,,,0
216019,'1179116',734,,2480,28,,,0
216019,'1179123',1331,,2481,27,,,0
216019,'1179160',1734,,2482,28,,,0
216019,'1179179',2031,,2483,27,,,0
216019,'1179181',1131,,2484,27,,,0
216019,'1179199',931,,2485,27,,,0
216019,'1179206',1531,,2486,27,,,0
216019,'1179328',1031,,2487,27,,,0
216019,'1179338',1231,,2488,27,,,0
216019,'1179345',831,,2489,27,,,0
216019,'1179368',1704,,2490,28,,,0
216019,'1179369',1031,,2491,27,,,0
216019,'1179374',1634,,2492,28,,,0
216019,'1179421',1831,,2493,27,,,0
216019,'1179431',1131,,2494,27,,,0
216019,'1179458',1931,,2495,27,,,0
216019,'1179488',731,,2496,27,,,0
216019,'1179523',1331,,2497,27,,,0
216019,'1179574',2031,,2498,27,,,0
216019,'1179582',1931,,2499,27,,,0
216019,'1179605',901,,2500,27,,,0
216019,'1179647',1731,,2501,27,,,0
216019,'1179669',831,,2502,27,,,0
216019,'1179695',2131,,2503,27,,,0
216019,'1179712',704,,2504,28,,,0
216019,'1179714',931,,2505,27,,,0
216019,'1179719',1631,,2506,27,,,0
