120019,'1178966',1351,,2316,37,,,0
120019,'1178998',1551,,2317,37,,,0
120019,'1179031',1651,,2318,37,,,0
120019,'1179149',1451,,2319,37,,,0
120019,'1179182',1151,,2320,37,,,0
120019,'1179282',951,,2321,37,,,0
120019,'1179296',1804,,2322,37,,,0
120019,'1179596',1051,,2323,37,,,0
120019,'1179628',1251,,2324,37,,,0
140016019,'1179063',726,,2776,18,,,0
140016019,'1179792',926,,2805,38,,,0
140016019,'1179800',1726,,2806,38,,,0
140016019,'1179808',1926,,2807,38,,,0
140016019,'1179822',1556,,2808,38,,,0
140016019,'1179827',856,,2809,38,,,0
140016019,'1179831',1626,,2810,38,,,0
140016019,'1179835',2226,,2811,38,,,0
140016019,'1179868',1656,,2815,38,,,0
140016019,'1179875',1126,,2816,38,,,0
140016019,'1179886',1426,,2818,38,,,0
140016019,'1179907',1726,,2821,38,,,0
140016019,'1179913',1756,,2822,38,,,0
140016019,'1179926',1326,,2823,38,,,0
140016019,'1179938',1526,,2824,38,,,0
140016019,'1179943',2126,,2825,38,,,0
140016019,'1179945',826,,2826,38,,,0
140016019,'1179958',1426,,2827,38,,,0
140016019,'1179963',1826,,2828,38,,,0
140016019,'1179974',1026,,2829,38,,,0
140016019,'1179976',726,,2830,38,,,0
140016019,'1179989',926,,2831,38,,,0
140016019,'1179991',1526,,2832,38,,,0
140016019,'1179997',1626,,2833,38,,,0
140016019,'1180006',1026,,2834,38,,,0
140016019,'1180012',1926,,2835,38,,,0
140016019,'1180018',1126,,2836,38,,,0
140016019,'1180019',2226,,2837,38,,,0
140016019,'1180020',2026,,2838,38,,,0
140016019,'1180023',1326,,2839,38,,,0
140016019,'1180024',756,,2840,38,,,0
140016019,'1180028',826,,2841,38,,,0
140016019,'1180031',2026,,2842,38,,,0
140016019,'1180048',2126,,2843,38,,,0
140016019,'1180057',1826,,2844,38,,,0
140016019,'1180072',1226,,2846,38,,,0
140016019,'1180078',1226,,2847,38,,,0
