150029,'1178980',1112,,2388,21,,,0
150029,'1179059',912,,2389,21,,,0
150029,'1179210',1312,,2390,21,,,0
150029,'1179274',1712,,2391,21,,,0
150029,'1179311',1012,,2392,21,,,0
150029,'1179362',1612,,2393,21,,,0
150029,'1179450',1412,,2394,21,,,0
150029,'1179616',1212,,2395,21,,,0
150029,'1179674',1512,,2396,21,,,0
150029,'1179828',1012,,2397,20,,,0
150029,'1179915',1212,,2398,20,,,0
150029,'1179932',912,,2399,20,,,0
150029,'1179948',1512,,2400,20,,,0
150029,'1179983',1312,,2401,20,,,0
150029,'1180009',1112,,2402,20,,,0
150029,'1180017',1712,,2403,20,,,0
150029,'1180040',1612,,2404,20,,,0
150029,'1180079',1412,,2405,20,,,0
190015019,'1178937',1202,,2942,41,,,0
190015019,'1178958',1032,,2944,41,,,0
190015019,'1179073',1402,,2945,41,,,0
190015019,'1179083',632,,2946,16,,,0
190015019,'1179089',1232,,2947,41,,,0
190015019,'1179095',1732,,2948,41,,,0
190015019,'1179152',1002,,2949,41,,,0
190015019,'1179170',832,,2951,41,,,0
190015019,'1179226',1832,,2952,41,,,0
190015019,'1179329',1702,,2954,41,,,0
190015019,'1179378',2032,,2955,41,,,0
190015019,'1179382',1802,,2956,41,,,0
190015019,'1179414',1532,,2957,41,,,0
190015019,'1179456',1602,,2958,41,,,0
190015019,'1179465',1632,,2959,41,,,0
190015019,'1179480',1332,,2960,41,,,0
190015019,'1179489',1302,,2961,41,,,0
190015019,'1179491',1132,,2962,41,,,0
190015019,'1179501',1102,,2963,41,,,0
190015019,'1179560',2132,,2964,41,,,0
190015019,'1179563',1432,,2965,41,,,0
190015019,'1179576',1932,,2966,41,,,0
190015019,'1179602',902,,2967,41,,,0
190015019,'1179633',802,,2968,41,,,0
190015019,'1179637',702,,2969,16,,,0
190015019,'1179652',932,,2970,41,,,0
190015019,'1179679',1502,,2971,41,,,0
190015019,'1179716',732,,2972,41,,,0
190015019,'1179791',2132,,2973,41,,,0
190015019,'1179793',732,,2974,41,,,0
190015019,'1179804',732,,2975,41,,,0
190015019,'1179812',1132,,2976,41,,,0
190015019,'1179819',832,,2977,41,,,0
190015019,'1179825',1232,,2978,41,,,0
190015019,'1179856',902,,2980,41,,,0
190015019,'1179872',832,,2981,41,,,0
190015019,'1179885',1702,,2982,41,,,0
190015019,'1179887',1432,,2983,41,,,0
190015019,'1179898',1532,,2984,41,,,0
190015019,'1179909',1032,,2985,41,,,0
190015019,'1179919',1832,,2986,41,,,0
190015019,'1179920',932,,2987,41,,,0
190015019,'1179923',1502,,2988,41,,,0
190015019,'1179931',2132,,2989,41,,,0
190015019,'1179935',1732,,2991,41,,,0
190015019,'1179940',1202,,2992,41,,,0
190015019,'1179952',1232,,2993,41,,,0
190015019,'1179960',1332,,2994,41,,,0
190015019,'1179961',1532,,2995,41,,,0
190015019,'1179980',1102,,2997,41,,,0
190015019,'1179982',1802,,2998,41,,,0
190015019,'1179992',1602,,2999,41,,,0
190015019,'1179995',1132,,3000,41,,,0
190015019,'1179999',1302,,3001,41,,,0
190015019,'1180013',1932,,3002,41,,,0
190015019,'1180014',2032,,3003,41,,,0
190015019,'1180015',1002,,3004,41,,,0
190015019,'1180016',2032,,3005,41,,,0
190015019,'1180026',1932,,3007,41,,,0
190015019,'1180029',1032,,3008,41,,,0
190015019,'1180044',1632,,3009,41,,,0
190015019,'1180058',1402,,3011,41,,,0
190015019,'1180059',1732,,3012,41,,,0
190015019,'1180068',1832,,3013,41,,,0
190015019,'1180070',1632,,3014,41,,,0
190015019,'1180075',932,,3015,41,,,0
190015019,'1180077',1332,,3016,41,,,0
190015019,'1180080',802,,3017,41,,,0
190015019,'1180081',1432,,3018,41,,,0
