110019,'1178947',938,,2239,10,,,0
110019,'1178964',1438,,2240,10,,,0
110019,'1178973',1738,,2241,10,,,0
110019,'1179028',1538,,2242,10,,,0
110019,'1179105',1638,,2243,10,,,0
110019,'1179114',1038,,2244,10,,,0
110019,'1179176',1238,,2245,10,,,0
110019,'1179184',1338,,2246,10,,,0
110019,'1179290',1138,,2247,10,,,0
160029,'1178957',859,,2424,5,,,0
160029,'1179098',1359,,2425,5,,,0
160029,'1179137',1559,,2426,5,,,0
160029,'1179301',1159,,2427,5,,,0
160029,'1179398',1259,,2428,5,,,0
160029,'1179410',1659,,2429,5,,,0
160029,'1179543',1059,,2430,5,,,0
160029,'1179558',959,,2431,5,,,0
160029,'1179623',1459,,2432,5,,,0
216019,'1178924',749,,2470,5,,,0
216019,'1178948',619,,2471,5,,,0
216019,'1178963',2119,,2472,5,,,0
216019,'1178968',1219,,2473,5,,,0
216019,'1179019',1749,,2474,5,,,0
216019,'1179021',1549,,2475,5,,,0
216019,'1179029',1419,,2476,5,,,0
216019,'1179050',1519,,2477,5,,,0
216019,'1179070',1419,,2478,5,,,0
216019,'1179075',1819,,2479,5,,,0
216019,'1179116',719,,2480,5,,,0
216019,'1179123',1319,,2481,5,,,0
216019,'1179160',1719,,2482,5,,,0
216019,'1179179',2019,,2483,5,,,0
216019,'1179181',1119,,2484,5,,,0
216019,'1179199',919,,2485,5,,,0
216019,'1179206',1519,,2486,5,,,0
216019,'1179328',1019,,2487,5,,,0
216019,'1179338',1219,,2488,5,,,0
216019,'1179345',819,,2489,5,,,0
216019,'1179368',1649,,2490,5,,,0
216019,'1179369',1019,,2491,5,,,0
216019,'1179374',1619,,2492,5,,,0
216019,'1179421',1819,,2493,5,,,0
216019,'1179431',1119,,2494,5,,,0
216019,'1179458',1919,,2495,5,,,0
216019,'1179488',719,,2496,5,,,0
216019,'1179523',1319,,2497,5,,,0
216019,'1179574',2019,,2498,5,,,0
216019,'1179582',1919,,2499,5,,,0
216019,'1179605',849,,2500,5,,,0
216019,'1179647',1719,,2501,5,,,0
216019,'1179669',819,,2502,5,,,0
216019,'1179695',2119,,2503,5,,,0
216019,'1179712',649,,2504,5,,,0
216019,'1179714',919,,2505,5,,,0
216019,'1179719',1619,,2506,5,,,0
140010019,'1178914',1118,,2633,12,0,8 21,0
140010019,'1178921',1448,,2634,12,,,0
140010019,'1178922',948,,2635,12,,,0
140010019,'1178936',718,,2636,12,,,0
140010019,'1178946',2248,,2637,12,0,8 21,0
140010019,'1178979',1048,,2638,12,,,0
140010019,'1179012',748,,2639,12,,,0
140010019,'1179037',1948,,2640,12,,,0
140010019,'1179103',1548,,2641,12,,,0
140010019,'1179122',1318,,2642,12,0,8 21,0
140010019,'1179131',1148,,2643,12,,,0
140010019,'1179140',2148,,2644,12,,,0
140010019,'1179147',918,,2645,12,0,8 21,0
140010019,'1179157',648,,2646,12,,,0
140010019,'1179167',1048,,2647,12,,,0
140010019,'1179178',1748,,2648,12,,,0
140010019,'1179180',2148,,2649,12,,,0
140010019,'1179188',1448,,2650,12,,,0
140010019,'1179217',1948,,2651,12,,,0
140010019,'1179232',1518,,2652,12,0,8 21,0
140010019,'1179251',1618,,2653,12,,,0
140010019,'1179253',818,,2654,12,,,0
140010019,'1179268',1718,,2655,12,,,0
140010019,'1179270',1648,,2656,12,,,0
140010019,'1179336',848,,2658,12,,,0
140010019,'1179347',748,,2659,12,,,0
140010019,'1179361',2048,,2660,12,,,0
140010019,'1179396',2048,,2661,12,,,0
140010019,'1179408',2248,,2662,12,0,8 21,0
140010019,'1179415',1148,,2663,12,,,0
140010019,'1179445',1348,,2664,12,,,0
140010019,'1179452',1748,,2665,12,,,0
140010019,'1179453',1348,,2666,12,,,0
140010019,'1179479',1248,,2667,12,,,0
140010019,'1179483',1218,,2668,12,0,8 21,0
140010019,'1179494',1648,,2669,12,,,0
140010019,'1179496',1548,,2670,12,,,0
140010019,'1179498',1418,,2671,12,0,8 21,0
140010019,'1179544',1848,,2672,12,,,0
140010019,'1179548',1018,,2673,12,0,8 21,0
140010019,'1179613',1848,,2674,12,,,0
140010019,'1179620',848,,2675,12,,,0
140010019,'1179629',1818,,2676,12,0,8 21,0
140010019,'1179659',1248,,2677,12,,,0
140010019,'1179692',948,,2678,12,,,0
