140029,'1178990',1428,,2361,8,,,0
140029,'1179039',1128,,2362,8,,,0
140029,'1179106',1028,,2363,8,,,0
140029,'1179281',1328,,2364,8,,,0
140029,'1179335',1628,,2365,8,,,0
140029,'1179461',1728,,2366,8,,,0
140029,'1179478',1528,,2367,8,,,0
140029,'1179522',1228,,2368,8,,,0
140029,'1179651',928,,2369,8,,,0
140029,'1179802',1528,,2370,7,,,0
140029,'1179837',1328,,2371,7,,,0
140029,'1179865',1728,,2372,7,,,0
140029,'1179930',1228,,2373,7,,,0
140029,'1179947',1628,,2374,7,,,0
140029,'1179984',1428,,2375,7,,,0
140029,'1180047',928,,2376,7,,,0
140029,'1180060',1028,,2377,7,,,0
140029,'1180076',1128,,2378,7,,,0
190015019,'1178937',1118,,2942,7,,,0
190015019,'1178938',2248,,2943,7,0,12,0
190015019,'1178958',948,,2944,7,,,0
190015019,'1179073',1318,,2945,7,,,0
190015019,'1179089',1148,,2947,7,,,0
190015019,'1179095',1648,,2948,7,,,0
190015019,'1179152',918,,2949,7,,,0
190015019,'1179165',2148,,2950,7,0,12,0
190015019,'1179170',748,,2951,7,,,0
190015019,'1179226',1748,,2952,7,,,0
190015019,'1179241',1818,,2953,7,0,12,0
190015019,'1179329',1618,,2954,7,,,0
190015019,'1179378',1948,,2955,7,,,0
190015019,'1179382',1718,,2956,7,,,0
190015019,'1179414',1448,,2957,7,,,0
190015019,'1179456',1518,,2958,7,,,0
190015019,'1179465',1548,,2959,7,,,0
190015019,'1179480',1248,,2960,7,,,0
190015019,'1179489',1218,,2961,7,,,0
190015019,'1179491',1048,,2962,7,,,0
190015019,'1179501',1018,,2963,7,,,0
190015019,'1179560',2048,,2964,7,,,0
190015019,'1179563',1348,,2965,7,,,0
190015019,'1179576',1848,,2966,7,,,0
190015019,'1179602',818,,2967,7,,,0
190015019,'1179633',718,,2968,7,,,0
190015019,'1179652',848,,2970,7,,,0
190015019,'1179679',1418,,2971,7,,,0
190015019,'1179716',648,,2972,7,,,0
190015019,'1179791',2048,,2973,7,,,0
190015019,'1179793',648,,2974,7,,,0
190015019,'1179804',648,,2975,7,,,0
190015019,'1179812',1048,,2976,7,,,0
190015019,'1179819',748,,2977,7,,,0
190015019,'1179825',1148,,2978,7,,,0
190015019,'1179846',2148,,2979,7,0,12,0
190015019,'1179856',818,,2980,7,,,0
190015019,'1179872',748,,2981,7,,,0
190015019,'1179885',1618,,2982,7,,,0
190015019,'1179887',1348,,2983,7,,,0
190015019,'1179898',1448,,2984,7,,,0
190015019,'1179909',948,,2985,7,,,0
190015019,'1179919',1748,,2986,7,,,0
190015019,'1179920',848,,2987,7,,,0
190015019,'1179923',1418,,2988,7,,,0
190015019,'1179931',2048,,2989,7,,,0
190015019,'1179934',1818,,2990,7,0,12,0
190015019,'1179935',1648,,2991,7,,,0
190015019,'1179940',1118,,2992,7,,,0
190015019,'1179952',1148,,2993,7,,,0
190015019,'1179960',1248,,2994,7,,,0
190015019,'1179961',1448,,2995,7,,,0
190015019,'1179972',2248,,2996,7,0,12,0
190015019,'1179980',1018,,2997,7,,,0
190015019,'1179982',1718,,2998,7,,,0
190015019,'1179992',1518,,2999,7,,,0
190015019,'1179995',1048,,3000,7,,,0
190015019,'1179999',1218,,3001,7,,,0
190015019,'1180013',1848,,3002,7,,,0
190015019,'1180014',1948,,3003,7,,,0
190015019,'1180015',918,,3004,7,,,0
190015019,'1180016',1948,,3005,7,,,0
190015019,'1180021',2248,,3006,7,0,12,0
190015019,'1180026',1848,,3007,7,,,0
190015019,'1180029',948,,3008,7,,,0
190015019,'1180044',1548,,3009,7,,,0
190015019,'1180045',2148,,3010,7,0,12,0
190015019,'1180058',1318,,3011,7,,,0
190015019,'1180059',1648,,3012,7,,,0
190015019,'1180068',1748,,3013,7,,,0
190015019,'1180070',1548,,3014,7,,,0
190015019,'1180075',848,,3015,7,,,0
190015019,'1180077',1248,,3016,7,,,0
190015019,'1180080',718,,3017,7,,,0
190015019,'1180081',1348,,3018,7,,,0
