140029,'1179802',1547,,2370,19,,,0
140029,'1179837',1347,,2371,19,,,0
140029,'1179865',1800,,2372,19,,,0
140029,'1179930',1247,,2373,19,,,0
140029,'1179947',1647,,2374,19,,,0
140029,'1179984',1447,,2375,19,,,0
140029,'1180047',947,,2376,19,,,0
140029,'1180060',1047,,2377,19,,,0
140029,'1180076',1147,,2378,19,,,0
140012019,'1178913',1220,,2679,30,,,0
140012019,'1178923',1220,,2680,30,,,0
140012019,'1178934',1020,,2681,30,,,0
140012019,'1178935',820,,2682,30,,,0
140012019,'1178953',920,,2683,30,,,0
140012019,'1178981',720,,2684,30,,,0
140012019,'1178986',1450,,2685,30,,,0
140012019,'1179006',1350,,2686,30,,,0
140012019,'1179011',750,,2687,30,,,0
140012019,'1179015',1920,,2688,30,,,0
140012019,'1179046',920,,2689,30,,,0
140012019,'1179102',1620,,2690,30,,,0
140012019,'1179154',1420,,2691,30,,,0
140012019,'1179183',2020,,2692,30,,,0
140012019,'1179185',950,,2693,30,,,0
140012019,'1179230',1020,,2695,30,,,0
140012019,'1179233',1620,,2696,30,,,0
140012019,'1179236',820,,2697,30,,,0
140012019,'1179238',1520,,2698,30,,,0
140012019,'1179244',2120,,2699,30,,,0
140012019,'1179245',1920,,2700,30,,,0
140012019,'1179250',720,,2701,8,,,0
140012019,'1179261',1120,,2703,30,,,0
140012019,'1179316',2020,,2704,30,,,0
140012019,'1179325',850,,2705,30,,,0
140012019,'1179348',1320,,2706,30,,,0
140012019,'1179359',1750,,2707,30,,,0
140012019,'1179372',2220,,2708,30,,,0
140012019,'1179387',1320,,2709,30,,,0
140012019,'1179399',1150,,2710,30,,,0
140012019,'1179425',2120,,2711,30,,,0
140012019,'1179444',1650,,2712,30,,,0
140012019,'1179495',1420,,2713,30,,,0
140012019,'1179499',1550,,2714,30,,,0
140012019,'1179510',1720,,2715,30,,,0
140012019,'1179511',2220,,2716,30,,,0
140012019,'1179526',1820,,2717,30,,,0
140012019,'1179556',1120,,2718,30,,,0
140012019,'1179567',1250,,2719,30,,,0
140012019,'1179644',1820,,2721,30,,,0
140012019,'1179693',1050,,2722,30,,,0
140012019,'1179704',1520,,2723,30,,,0
140012019,'1179715',1720,,2724,30,,,0
