120029,'1179032',1605,,2325,45,,,0
120029,'1179055',1405,,2326,45,,,0
120029,'1179056',1705,,2327,45,,,0
120029,'1179099',1818,,2328,45,,,0
120029,'1179153',1005,,2329,45,,,0
120029,'1179222',1505,,2330,45,,,0
120029,'1179429',1205,,2331,45,,,0
120029,'1179447',1105,,2332,45,,,0
120029,'1179575',1305,,2333,45,,,0
140012019,'1178913',1235,,2679,51,,,0
140012019,'1178923',1235,,2680,51,,,0
140012019,'1178934',1035,,2681,51,,,0
140012019,'1178935',835,,2682,51,,,0
140012019,'1178953',935,,2683,51,,,0
140012019,'1178981',735,,2684,51,,,0
140012019,'1178986',1505,,2685,51,,,0
140012019,'1179006',1405,,2686,51,,,0
140012019,'1179011',805,,2687,51,,,0
140012019,'1179015',1935,,2688,51,,,0
140012019,'1179046',935,,2689,51,,,0
140012019,'1179102',1635,,2690,51,,,0
140012019,'1179154',1435,,2691,51,,,0
140012019,'1179183',2035,,2692,51,,,0
140012019,'1179185',1005,,2693,51,,,0
140012019,'1179230',1035,,2695,51,,,0
140012019,'1179233',1635,,2696,51,,,0
140012019,'1179236',835,,2697,51,,,0
140012019,'1179238',1535,,2698,51,,,0
140012019,'1179244',2135,,2699,51,,,0
140012019,'1179245',1935,,2700,51,,,0
140012019,'1179250',735,,2701,29,,,0
140012019,'1179261',1135,,2703,51,,,0
140012019,'1179316',2035,,2704,51,,,0
140012019,'1179325',905,,2705,51,,,0
140012019,'1179348',1335,,2706,51,,,0
140012019,'1179359',1805,,2707,51,,,0
140012019,'1179372',2235,,2708,51,,,0
140012019,'1179387',1335,,2709,51,,,0
140012019,'1179399',1205,,2710,51,,,0
140012019,'1179425',2135,,2711,51,,,0
140012019,'1179444',1705,,2712,51,,,0
140012019,'1179495',1435,,2713,51,,,0
140012019,'1179499',1605,,2714,51,,,0
140012019,'1179510',1735,,2715,51,,,0
140012019,'1179511',2235,,2716,51,,,0
140012019,'1179526',1835,,2717,51,,,0
140012019,'1179556',1135,,2718,51,,,0
140012019,'1179567',1305,,2719,51,,,0
140012019,'1179644',1835,,2721,51,,,0
140012019,'1179693',1105,,2722,51,,,0
140012019,'1179704',1535,,2723,51,,,0
140012019,'1179715',1735,,2724,51,,,0
