110029,'1175720',1200,,1460,8,,,0
110029,'1175910',900,,1463,8,,,0
110029,'1175948',1700,,1464,8,,,0
110029,'1176063',1500,,1465,8,,,0
110029,'1176079',1400,,1466,8,,,0
110029,'1176108',1000,,1467,8,,,0
110029,'1176321',1100,,1471,8,,,0
110029,'1176658',1600,,1476,8,,,0
110029,'1176675',1300,,1477,8,,,0
190011019,'1175757',2220,,1930,32,,,0
190011019,'1175788',1820,,1931,32,,,0
190011019,'1175797',1420,,1932,32,,,0
190011019,'1175800',1020,,1933,32,,,0
190011019,'1175811',1550,,1934,8,,,0
190011019,'1175846',1920,,1935,32,,,0
190011019,'1175854',1050,,1936,8,,,0
190011019,'1175866',1750,,1937,32,,,0
190011019,'1175889',1320,,1939,32,,,0
190011019,'1175960',1250,,1940,8,,,0
190011019,'1175990',1220,,1942,32,,,0
190011019,'1176025',620,,1943,11,,,0
190011019,'1176026',1320,,1944,32,,,0
190011019,'1176076',650,,1945,8,,,0
190011019,'1176086',1020,,1946,32,,,0
190011019,'1176114',920,,1947,32,,,0
190011019,'1176152',750,,1948,32,,,0
190011019,'1176229',2220,,1949,32,,,0
190011019,'1176246',820,,1950,32,,,0
190011019,'1176315',720,,1951,32,,,0
190011019,'1176316',1220,,1952,32,,,0
190011019,'1176317',1720,,1953,32,,,0
190011019,'1176322',950,,1954,32,,,0
190011019,'1176337',2020,,1955,32,,,0
190011019,'1176344',1620,,1956,32,,,0
190011019,'1176353',1620,,1957,32,,,0
190011019,'1176386',720,,1958,32,,,0
190011019,'1176406',1450,,1959,8,,,0
190011019,'1176429',1350,,1960,8,,,0
190011019,'1176444',1920,,1961,32,,,0
190011019,'1176445',2120,,1962,32,,,0
190011019,'1176478',1820,,1963,32,,,0
190011019,'1176517',1520,,1965,32,,,0
190011019,'1176557',920,,1966,32,,,0
190011019,'1176559',2020,,1967,32,,,0
190011019,'1176563',850,,1968,32,,,0
190011019,'1176570',1520,,1969,32,,,0
190011019,'1176581',1150,,1970,8,,,0
190011019,'1176586',1650,,1971,8,,,0
190011019,'1176595',1720,,1972,32,,,0
190011019,'1176605',1120,,1973,32,,,0
190011019,'1176616',1120,,1974,32,,,0
190011019,'1176620',820,,1975,32,,,0
190011019,'1176668',2120,,1976,32,,,0
190011019,'1176674',1420,,1977,32,,,0
