300019,'1180122',1004,,3099,17,0,23 24 2 26,0
300019,'1180123',1004,,3100,17,0,23 24 2 26,0
300019,'1180124',1604,,3101,17,0,23 24 2 26,0
300019,'1180127',734,,3104,17,0,23 24 2 26,0
300019,'1180128',1204,,3105,17,0,23 24 2 26,0
300019,'1180129',1804,,3106,17,0,23 24 2 26,0
300019,'1180135',1734,,3112,17,0,23 24 2 26,0
300019,'1180137',804,,3114,17,0,23 24 2 26,0
300019,'1180141',904,,3118,17,0,23 24 2 26,0
300019,'1180142',1504,,3119,17,0,23 24 2 26,0
300019,'1180144',2004,,3121,17,0,23 24 2 26,0
300019,'1180146',2004,,3123,17,0,23 24 2 26,0
300019,'1180147',2204,,3124,17,0,8 9 2 26,0
300019,'1180148',1604,,3125,17,0,23 24 2 26,0
300019,'1180149',1504,,3126,17,0,23 24 2 26,0
300019,'1180153',1104,,3130,17,0,23 24 2 26,0
300019,'1180154',1104,,3131,17,0,23 24 2 26,0
300019,'1180155',1404,,3132,17,0,23 24 2 26,0
300019,'1180157',2104,,3134,17,0,23 24 2 26,0
300019,'1180158',1834,,3135,17,0,8 9 2 26,0
300019,'1180160',1704,,3137,17,0,23 24 2 26,0
300019,'1180162',2204,,3139,17,0,8 9 2 26,0
300019,'1180163',1304,,3140,17,0,23 24 2 26,0
300019,'1180165',1404,,3142,17,0,23 24 2 26,0
300019,'1180170',934,,3147,17,0,23 24 2 26,0
300019,'1180171',804,,3148,17,0,23 24 2 26,0
300019,'1180172',1204,,3149,17,0,23 24 2 26,0
300019,'1180173',1904,,3150,17,0,23 24 2 26,0
300019,'1180174',1304,,3151,17,0,23 24 2 26,0
300019,'1180180',1634,,3157,17,0,23 24 2 26,0
300019,'1180184',1704,,3161,17,0,23 24 2 26,0
300019,'1180185',1804,,3162,17,0,23 24 2 26,0
300019,'1180186',834,,3163,17,0,23 24 2 26,0
300019,'1180187',1034,,3164,17,0,8 9 2 26,0
300019,'1180190',2104,,3167,17,0,23 24 2 26,0
300019,'1180192',1904,,3169,17,0,23 24 2 26,0
300019,'1180193',904,,3170,17,0,23 24 2 26,0
