130019,'1179053',1739,,2334,21,,,0
130019,'1179067',1339,,2335,21,,,0
130019,'1179069',1039,,2336,21,,,0
130019,'1179093',1139,,2337,21,,,0
130019,'1179108',1239,,2338,21,,,0
130019,'1179294',1539,,2339,21,,,0
130019,'1179386',1639,,2340,21,,,0
130019,'1179541',939,,2341,21,,,0
130019,'1179675',1439,,2342,21,,,0
300019,'1180122',1011,,3099,22,0,23 24 2 26,0
300019,'1180123',1011,,3100,22,0,23 24 2 26,0
300019,'1180124',1611,,3101,22,0,23 24 2 26,0
300019,'1180127',741,,3104,22,0,23 24 2 26,0
300019,'1180128',1211,,3105,22,0,23 24 2 26,0
300019,'1180129',1811,,3106,22,0,23 24 2 26,0
300019,'1180135',1741,,3112,22,0,23 24 2 26,0
300019,'1180137',811,,3114,22,0,23 24 2 26,0
300019,'1180141',911,,3118,22,0,23 24 2 26,0
300019,'1180142',1511,,3119,22,0,23 24 2 26,0
300019,'1180144',2011,,3121,22,0,23 24 2 26,0
300019,'1180146',2011,,3123,22,0,23 24 2 26,0
300019,'1180147',2211,,3124,22,0,8 9 2 26,0
300019,'1180148',1611,,3125,22,0,23 24 2 26,0
300019,'1180149',1511,,3126,22,0,23 24 2 26,0
300019,'1180153',1111,,3130,22,0,23 24 2 26,0
300019,'1180154',1111,,3131,22,0,23 24 2 26,0
300019,'1180155',1411,,3132,22,0,23 24 2 26,0
300019,'1180157',2111,,3134,22,0,23 24 2 26,0
300019,'1180158',1841,,3135,22,0,8 9 2 26,0
300019,'1180160',1711,,3137,22,0,23 24 2 26,0
300019,'1180162',2211,,3139,22,0,8 9 2 26,0
300019,'1180163',1311,,3140,22,0,23 24 2 26,0
300019,'1180165',1411,,3142,22,0,23 24 2 26,0
300019,'1180170',941,,3147,22,0,23 24 2 26,0
300019,'1180171',811,,3148,22,0,23 24 2 26,0
300019,'1180172',1211,,3149,22,0,23 24 2 26,0
300019,'1180173',1911,,3150,22,0,23 24 2 26,0
300019,'1180174',1311,,3151,22,0,23 24 2 26,0
300019,'1180180',1641,,3157,22,0,23 24 2 26,0
300019,'1180184',1711,,3161,22,0,23 24 2 26,0
300019,'1180185',1811,,3162,22,0,23 24 2 26,0
300019,'1180186',841,,3163,22,0,23 24 2 26,0
300019,'1180187',1041,,3164,22,0,8 9 2 26,0
300019,'1180190',2111,,3167,22,0,23 24 2 26,0
300019,'1180192',1911,,3169,22,0,23 24 2 26,0
300019,'1180193',911,,3170,22,0,23 24 2 26,0
140012019,'1178913',1201,,2679,21,,,0
140012019,'1178923',1201,,2680,21,,,0
140012019,'1178934',1001,,2681,21,,,0
140012019,'1178935',801,,2682,21,,,0
140012019,'1178953',901,,2683,21,,,0
140012019,'1178981',701,,2684,21,,,0
140012019,'1178986',1431,,2685,21,,,0
140012019,'1179006',1331,,2686,21,,,0
140012019,'1179011',731,,2687,21,,,0
140012019,'1179015',1901,,2688,21,,,0
140012019,'1179046',901,,2689,21,,,0
140012019,'1179102',1601,,2690,21,,,0
140012019,'1179154',1401,,2691,21,,,0
140012019,'1179183',2001,,2692,21,,,0
140012019,'1179185',931,,2693,21,,,0
140012019,'1179216',2301,,2694,21,0,8 21,0
140012019,'1179230',1001,,2695,21,,,0
140012019,'1179233',1601,,2696,21,,,0
140012019,'1179236',801,,2697,21,,,0
140012019,'1179238',1501,,2698,21,,,0
140012019,'1179244',2101,,2699,21,,,0
140012019,'1179245',1901,,2700,21,,,0
140012019,'1179255',1831,,2702,21,0,8 21,0
140012019,'1179261',1101,,2703,21,,,0
140012019,'1179316',2001,,2704,21,,,0
140012019,'1179325',831,,2705,21,,,0
140012019,'1179348',1301,,2706,21,,,0
140012019,'1179359',1731,,2707,21,,,0
140012019,'1179372',2201,,2708,21,,,0
140012019,'1179387',1301,,2709,21,,,0
140012019,'1179399',1131,,2710,21,,,0
140012019,'1179425',2101,,2711,21,,,0
140012019,'1179444',1631,,2712,21,,,0
140012019,'1179495',1401,,2713,21,,,0
140012019,'1179499',1531,,2714,21,,,0
140012019,'1179510',1701,,2715,21,,,0
140012019,'1179511',2201,,2716,21,,,0
140012019,'1179526',1801,,2717,21,,,0
140012019,'1179556',1101,,2718,21,,,0
140012019,'1179567',1231,,2719,21,,,0
140012019,'1179578',2301,,2720,21,0,8 21,0
140012019,'1179644',1801,,2721,21,,,0
140012019,'1179693',1031,,2722,21,,,0
140012019,'1179704',1501,,2723,21,,,0
140012019,'1179715',1701,,2724,21,,,0
