120029,'1179032',1519,,2325,4,,,0
120029,'1179055',1319,,2326,4,,,0
120029,'1179056',1619,,2327,4,,,0
120029,'1179099',1719,,2328,4,,,0
120029,'1179153',919,,2329,4,,,0
120029,'1179222',1419,,2330,4,,,0
120029,'1179429',1119,,2331,4,,,0
120029,'1179447',1019,,2332,4,,,0
120029,'1179575',1219,,2333,4,,,0
190017019,'1179790',1144,,3050,4,,,0
190017019,'1179796',1344,,3051,4,,,0
190017019,'1179813',2244,,3052,4,0,8 21,0
190017019,'1179821',1444,,3053,4,,,0
190017019,'1179824',614,,3054,4,,,0
190017019,'1179832',1044,,3055,4,,,0
190017019,'1179843',844,,3056,4,,,0
190017019,'1179845',2044,,3057,4,,,0
190017019,'1179847',2144,,3058,4,0,8 21,0
190017019,'1179859',1644,,3060,4,,,0
190017019,'1179863',944,,3061,4,,,0
190017019,'1179870',814,,3062,4,,,0
190017019,'1179874',1244,,3063,4,,,0
190017019,'1179876',1844,,3064,4,,,0
190017019,'1179884',1614,,3065,4,,,0
190017019,'1179891',1544,,3066,4,,,0
190017019,'1179895',1814,,3067,4,0,8 21,0
190017019,'1179896',744,,3068,4,,,0
190017019,'1179899',1544,,3069,4,,,0
190017019,'1179905',644,,3070,4,,,0
190017019,'1179912',2044,,3071,4,,,0
190017019,'1179917',1744,,3072,4,,,0
190017019,'1179922',1344,,3073,4,,,0
190017019,'1179924',1444,,3074,4,,,0
190017019,'1179953',2144,,3078,4,0,8 21,0
190017019,'1179955',844,,3079,4,,,0
190017019,'1179971',1244,,3080,4,,,0
190017019,'1179977',1844,,3081,4,,,0
190017019,'1179978',1044,,3082,4,,,0
190017019,'1179979',1714,,3083,4,,,0
190017019,'1179986',744,,3084,4,,,0
190017019,'1179987',944,,3085,4,,,0
190017019,'1179994',1644,,3086,4,,,0
190017019,'1180001',914,,3087,4,,,0
190017019,'1180005',644,,3089,4,,,0
190017019,'1180041',2244,,3091,4,0,8 21,0
190017019,'1180050',1944,,3092,4,,,0
190017019,'1180055',1144,,3093,4,,,0
190017019,'1180056',1744,,3094,4,,,0
190017019,'1180065',1944,,3095,4,,,0
190017019,'1180069',714,,3096,4,,,0
