120019,'1178966',1320,,2316,2,,,0
120019,'1178998',1520,,2317,2,,,0
120019,'1179031',1620,,2318,2,,,0
120019,'1179149',1420,,2319,2,,,0
120019,'1179182',1120,,2320,2,,,0
120019,'1179282',920,,2321,2,,,0
120019,'1179296',1720,,2322,2,,,0
120019,'1179596',1020,,2323,2,,,0
120019,'1179628',1220,,2324,2,,,0
190013019,'1178916',1611,,2896,2,,,0
190013019,'1178919',1941,,2897,2,,,0
190013019,'1178920',1111,,2898,2,,,0
190013019,'1178929',741,,2899,2,,,0
190013019,'1178930',1641,,2900,2,,,0
190013019,'1178972',1941,,2901,2,,,0
190013019,'1178983',1211,,2902,2,,,0
190013019,'1178994',2141,,2903,2,,,0
190013019,'1178997',1141,,2904,2,,,0
190013019,'1179048',1511,,2905,2,,,0
190013019,'1179062',1541,,2906,2,,,0
190013019,'1179074',1311,,2907,2,,,0
190013019,'1179087',1241,,2908,2,,,0
190013019,'1179104',1011,,2909,2,,,0
190013019,'1179171',1811,,2910,2,0,8 21,0
190013019,'1179187',841,,2911,2,,,0
190013019,'1179202',1041,,2912,2,,,0
190013019,'1179203',941,,2913,2,,,0
190013019,'1179212',1441,,2914,2,,,0
190013019,'1179219',1241,,2915,2,,,0
190013019,'1179243',741,,2916,2,,,0
190013019,'1179287',2141,,2917,2,,,0
190013019,'1179292',1041,,2918,2,,,0
190013019,'1179300',711,,2919,2,,,0
190013019,'1179373',941,,2921,2,,,0
190013019,'1179380',1341,,2922,2,,,0
190013019,'1179402',1341,,2923,2,,,0
190013019,'1179411',1411,,2924,2,,,0
190013019,'1179457',1841,,2925,2,,,0
190013019,'1179504',641,,2926,2,,,0
190013019,'1179507',911,,2927,2,,,0
190013019,'1179509',1141,,2928,2,,,0
190013019,'1179516',1541,,2929,2,,,0
190013019,'1179531',2041,,2930,2,,,0
190013019,'1179537',841,,2931,2,,,0
190013019,'1179539',1741,,2932,2,,,0
190013019,'1179546',641,,2933,2,,,0
190013019,'1179553',1841,,2934,2,,,0
190013019,'1179591',1641,,2936,2,,,0
190013019,'1179611',1711,,2937,2,,,0
190013019,'1179635',1441,,2938,2,,,0
190013019,'1179694',811,,2939,2,,,0
190013019,'1179701',2041,,2940,2,,,0
190013019,'1179717',1741,,2941,2,,,0
