116019,'1179803',1052,,2279,26,,,0
116019,'1179806',2152,,2280,26,,,0
116019,'1179811',1952,,2281,26,,,0
116019,'1179814',822,,2282,26,,,0
116019,'1179815',2152,,2283,26,,,0
116019,'1179816',2052,,2284,26,,,0
116019,'1179818',752,,2285,26,,,0
116019,'1179820',1622,,2286,26,,,0
116019,'1179826',752,,2287,26,,,0
116019,'1179838',852,,2288,26,,,0
116019,'1179860',1726,,2289,27,,,0
116019,'1179861',1652,,2290,26,,,0
116019,'1179871',1852,,2291,26,,,0
116019,'1179879',726,,2292,27,,,0
116019,'1179890',1852,,2293,26,,,0
116019,'1179910',1752,,2294,26,,,0
116019,'1179933',1452,,2295,26,,,0
116019,'1179936',1252,,2296,26,,,0
116019,'1179944',1552,,2297,26,,,0
116019,'1179946',1822,,2298,26,,,0
116019,'1179950',1552,,2299,26,,,0
116019,'1179954',952,,2300,26,,,0
116019,'1179959',2052,,2301,26,,,0
116019,'1179965',1656,,2302,27,,,0
116019,'1179966',852,,2303,26,,,0
116019,'1179975',1052,,2304,26,,,0
116019,'1179985',1752,,2305,26,,,0
116019,'1180003',1352,,2306,26,,,0
116019,'1180007',1152,,2307,26,,,0
116019,'1180008',1352,,2308,26,,,0
116019,'1180010',656,,2309,27,,,0
116019,'1180011',1952,,2310,26,,,0
116019,'1180027',922,,2311,26,,,0
116019,'1180032',1452,,2312,26,,,0
116019,'1180034',1152,,2313,26,,,0
116019,'1180036',952,,2314,26,,,0
116019,'1180063',1252,,2315,26,,,0
160019,'1179817',1042,,2415,24,,,0
160019,'1179829',1342,,2416,24,,,0
160019,'1179855',1542,,2417,24,,,0
160019,'1179873',1142,,2418,24,,,0
160019,'1179921',1742,,2419,24,,,0
160019,'1179929',1642,,2420,24,,,0
160019,'1180025',1442,,2421,24,,,0
160019,'1180042',942,,2422,24,,,0
160019,'1180067',1242,,2423,24,,,0
