110019,'1178947',937,,2239,8,,,0
110019,'1178964',1437,,2240,8,,,0
110019,'1178973',1737,,2241,8,,,0
110019,'1179028',1537,,2242,8,,,0
110019,'1179105',1637,,2243,8,,,0
110019,'1179114',1037,,2244,8,,,0
110019,'1179176',1237,,2245,8,,,0
110019,'1179184',1337,,2246,8,,,0
110019,'1179290',1137,,2247,8,,,0
140010019,'1178914',1117,,2633,10,0,8 21,0
140010019,'1178921',1447,,2634,10,,,0
140010019,'1178922',947,,2635,10,,,0
140010019,'1178936',717,,2636,10,,,0
140010019,'1178946',2247,,2637,10,0,8 21,0
140010019,'1178979',1047,,2638,10,,,0
140010019,'1179012',747,,2639,10,,,0
140010019,'1179037',1947,,2640,10,,,0
140010019,'1179103',1547,,2641,10,,,0
140010019,'1179122',1317,,2642,10,0,8 21,0
140010019,'1179131',1147,,2643,10,,,0
140010019,'1179140',2147,,2644,10,,,0
140010019,'1179147',917,,2645,10,0,8 21,0
140010019,'1179157',647,,2646,10,,,0
140010019,'1179167',1047,,2647,10,,,0
140010019,'1179178',1747,,2648,10,,,0
140010019,'1179180',2147,,2649,10,,,0
140010019,'1179188',1447,,2650,10,,,0
140010019,'1179217',1947,,2651,10,,,0
140010019,'1179232',1517,,2652,10,0,8 21,0
140010019,'1179251',1617,,2653,10,,,0
140010019,'1179253',817,,2654,10,,,0
140010019,'1179268',1717,,2655,10,,,0
140010019,'1179270',1647,,2656,10,,,0
140010019,'1179336',847,,2658,10,,,0
140010019,'1179347',747,,2659,10,,,0
140010019,'1179361',2047,,2660,10,,,0
140010019,'1179396',2047,,2661,10,,,0
140010019,'1179408',2247,,2662,10,0,8 21,0
140010019,'1179415',1147,,2663,10,,,0
140010019,'1179445',1347,,2664,10,,,0
140010019,'1179452',1747,,2665,10,,,0
140010019,'1179453',1347,,2666,10,,,0
140010019,'1179479',1247,,2667,10,,,0
140010019,'1179483',1217,,2668,10,0,8 21,0
140010019,'1179494',1647,,2669,10,,,0
140010019,'1179496',1547,,2670,10,,,0
140010019,'1179498',1417,,2671,10,0,8 21,0
140010019,'1179544',1847,,2672,10,,,0
140010019,'1179548',1017,,2673,10,0,8 21,0
140010019,'1179613',1847,,2674,10,,,0
140010019,'1179620',847,,2675,10,,,0
140010019,'1179629',1817,,2676,10,0,8 21,0
140010019,'1179659',1247,,2677,10,,,0
140010019,'1179692',947,,2678,10,,,0
