120029,'1179032',1602,,2325,42,,,0
120029,'1179055',1402,,2326,42,,,0
120029,'1179056',1702,,2327,42,,,0
120029,'1179099',1815,,2328,42,,,0
120029,'1179153',1002,,2329,42,,,0
120029,'1179222',1502,,2330,42,,,0
120029,'1179429',1202,,2331,42,,,0
120029,'1179447',1102,,2332,42,,,0
120029,'1179575',1302,,2333,42,,,0
140012019,'1178913',1232,,2679,47,,,0
140012019,'1178923',1232,,2680,47,,,0
140012019,'1178934',1032,,2681,47,,,0
140012019,'1178935',832,,2682,47,,,0
140012019,'1178953',932,,2683,47,,,0
140012019,'1178981',732,,2684,47,,,0
140012019,'1178986',1502,,2685,47,,,0
140012019,'1179006',1402,,2686,47,,,0
140012019,'1179011',802,,2687,47,,,0
140012019,'1179015',1932,,2688,47,,,0
140012019,'1179046',932,,2689,47,,,0
140012019,'1179102',1632,,2690,47,,,0
140012019,'1179154',1432,,2691,47,,,0
140012019,'1179183',2032,,2692,47,,,0
140012019,'1179185',1002,,2693,47,,,0
140012019,'1179230',1032,,2695,47,,,0
140012019,'1179233',1632,,2696,47,,,0
140012019,'1179236',832,,2697,47,,,0
140012019,'1179238',1532,,2698,47,,,0
140012019,'1179244',2132,,2699,47,,,0
140012019,'1179245',1932,,2700,47,,,0
140012019,'1179250',732,,2701,25,,,0
140012019,'1179261',1132,,2703,47,,,0
140012019,'1179316',2032,,2704,47,,,0
140012019,'1179325',902,,2705,47,,,0
140012019,'1179348',1332,,2706,47,,,0
140012019,'1179359',1802,,2707,47,,,0
140012019,'1179372',2232,,2708,47,,,0
140012019,'1179387',1332,,2709,47,,,0
140012019,'1179399',1202,,2710,47,,,0
140012019,'1179425',2132,,2711,47,,,0
140012019,'1179444',1702,,2712,47,,,0
140012019,'1179495',1432,,2713,47,,,0
140012019,'1179499',1602,,2714,47,,,0
140012019,'1179510',1732,,2715,47,,,0
140012019,'1179511',2232,,2716,47,,,0
140012019,'1179526',1832,,2717,47,,,0
140012019,'1179556',1132,,2718,47,,,0
140012019,'1179567',1302,,2719,47,,,0
140012019,'1179644',1832,,2721,47,,,0
140012019,'1179693',1102,,2722,47,,,0
140012019,'1179704',1532,,2723,47,,,0
140012019,'1179715',1732,,2724,47,,,0
