116019,'1178992',751,,2257,24,,,0
116019,'1179088',655,,2258,25,,,0
116019,'1179141',1451,,2259,24,,,0
116019,'1179172',1151,,2260,24,,,0
116019,'1179177',851,,2261,24,,,0
116019,'1179190',1621,,2262,24,,,0
116019,'1179215',1051,,2263,24,,,0
116019,'1179228',821,,2264,24,,,0
116019,'1179247',951,,2265,24,,,0
116019,'1179275',1551,,2266,24,,,0
116019,'1179278',1251,,2267,24,,,0
116019,'1179313',1751,,2268,24,,,0
116019,'1179314',2051,,2269,24,,,0
116019,'1179339',725,,2270,25,,,0
116019,'1179343',1951,,2271,24,,,0
116019,'1179381',1851,,2272,24,,,0
116019,'1179418',1655,,2273,25,,,0
116019,'1179432',1725,,2274,25,,,0
116019,'1179439',1351,,2275,24,,,0
116019,'1179515',921,,2276,24,,,0
116019,'1179606',1821,,2277,24,,,0
116019,'1179706',2151,,2278,24,,,0
116019,'1179803',1051,,2279,24,,,0
116019,'1179806',2151,,2280,24,,,0
116019,'1179811',1951,,2281,24,,,0
116019,'1179814',821,,2282,24,,,0
116019,'1179815',2151,,2283,24,,,0
116019,'1179816',2051,,2284,24,,,0
116019,'1179818',751,,2285,24,,,0
116019,'1179820',1621,,2286,24,,,0
116019,'1179826',751,,2287,24,,,0
116019,'1179838',851,,2288,24,,,0
116019,'1179860',1725,,2289,25,,,0
116019,'1179861',1651,,2290,24,,,0
116019,'1179871',1851,,2291,24,,,0
116019,'1179879',725,,2292,25,,,0
116019,'1179890',1851,,2293,24,,,0
116019,'1179910',1751,,2294,24,,,0
116019,'1179933',1451,,2295,24,,,0
116019,'1179936',1251,,2296,24,,,0
116019,'1179944',1551,,2297,24,,,0
116019,'1179946',1821,,2298,24,,,0
116019,'1179950',1551,,2299,24,,,0
116019,'1179954',951,,2300,24,,,0
116019,'1179959',2051,,2301,24,,,0
116019,'1179965',1655,,2302,25,,,0
116019,'1179966',851,,2303,24,,,0
116019,'1179975',1051,,2304,24,,,0
116019,'1179985',1751,,2305,24,,,0
116019,'1180003',1351,,2306,24,,,0
116019,'1180007',1151,,2307,24,,,0
116019,'1180008',1351,,2308,24,,,0
116019,'1180010',655,,2309,25,,,0
116019,'1180011',1951,,2310,24,,,0
116019,'1180027',921,,2311,24,,,0
116019,'1180032',1451,,2312,24,,,0
116019,'1180034',1151,,2313,24,,,0
116019,'1180036',951,,2314,24,,,0
116019,'1180063',1251,,2315,24,,,0
160019,'1178943',1542,,2406,22,,,0
160019,'1178949',942,,2407,22,,,0
160019,'1178951',1342,,2408,22,,,0
160019,'1179047',1442,,2409,22,,,0
160019,'1179060',1742,,2410,22,,,0
160019,'1179205',1142,,2411,22,,,0
160019,'1179319',1242,,2412,22,,,0
160019,'1179451',1642,,2413,22,,,0
160019,'1179697',1042,,2414,22,,,0
160019,'1179817',1042,,2415,22,,,0
160019,'1179829',1342,,2416,22,,,0
160019,'1179855',1542,,2417,22,,,0
160019,'1179873',1142,,2418,22,,,0
160019,'1179921',1742,,2419,22,,,0
160019,'1179929',1642,,2420,22,,,0
160019,'1180025',1442,,2421,22,,,0
160019,'1180042',942,,2422,22,,,0
160019,'1180067',1242,,2423,22,,,0
