110019,'1178947',936,,2239,6,,,0
110019,'1178964',1436,,2240,6,,,0
110019,'1178973',1736,,2241,6,,,0
110019,'1179028',1536,,2242,6,,,0
110019,'1179105',1636,,2243,6,,,0
110019,'1179114',1036,,2244,6,,,0
110019,'1179176',1236,,2245,6,,,0
110019,'1179184',1336,,2246,6,,,0
110019,'1179290',1136,,2247,6,,,0
140010019,'1178914',1116,,2633,8,0,8 21,0
140010019,'1178921',1446,,2634,8,,,0
140010019,'1178922',946,,2635,8,,,0
140010019,'1178936',716,,2636,8,,,0
140010019,'1178946',2246,,2637,8,0,8 21,0
140010019,'1178979',1046,,2638,8,,,0
140010019,'1179012',746,,2639,8,,,0
140010019,'1179037',1946,,2640,8,,,0
140010019,'1179103',1546,,2641,8,,,0
140010019,'1179122',1316,,2642,8,0,8 21,0
140010019,'1179131',1146,,2643,8,,,0
140010019,'1179140',2146,,2644,8,,,0
140010019,'1179147',916,,2645,8,0,8 21,0
140010019,'1179157',646,,2646,8,,,0
140010019,'1179167',1046,,2647,8,,,0
140010019,'1179178',1746,,2648,8,,,0
140010019,'1179180',2146,,2649,8,,,0
140010019,'1179188',1446,,2650,8,,,0
140010019,'1179217',1946,,2651,8,,,0
140010019,'1179232',1516,,2652,8,0,8 21,0
140010019,'1179251',1616,,2653,8,,,0
140010019,'1179253',816,,2654,8,,,0
140010019,'1179268',1716,,2655,8,,,0
140010019,'1179270',1646,,2656,8,,,0
140010019,'1179336',846,,2658,8,,,0
140010019,'1179347',746,,2659,8,,,0
140010019,'1179361',2046,,2660,8,,,0
140010019,'1179396',2046,,2661,8,,,0
140010019,'1179408',2246,,2662,8,0,8 21,0
140010019,'1179415',1146,,2663,8,,,0
140010019,'1179445',1346,,2664,8,,,0
140010019,'1179452',1746,,2665,8,,,0
140010019,'1179453',1346,,2666,8,,,0
140010019,'1179479',1246,,2667,8,,,0
140010019,'1179483',1216,,2668,8,0,8 21,0
140010019,'1179494',1646,,2669,8,,,0
140010019,'1179496',1546,,2670,8,,,0
140010019,'1179498',1416,,2671,8,0,8 21,0
140010019,'1179544',1846,,2672,8,,,0
140010019,'1179548',1016,,2673,8,0,8 21,0
140010019,'1179613',1846,,2674,8,,,0
140010019,'1179620',846,,2675,8,,,0
140010019,'1179629',1816,,2676,8,0,8 21,0
140010019,'1179659',1246,,2677,8,,,0
140010019,'1179692',946,,2678,8,,,0
