140014019,'1178954',1621,,2725,28,,,0
140014019,'1178955',1151,,2726,28,,,0
140014019,'1178974',1021,,2727,28,,,0
140014019,'1179007',1821,,2728,28,,,0
140014019,'1179027',1521,,2729,28,,,0
140014019,'1179052',821,,2730,28,,,0
140014019,'1179079',751,,2731,28,,,0
140014019,'1179080',1521,,2732,28,,,0
140014019,'1179082',851,,2733,28,,,0
140014019,'1179084',721,,2734,28,,,0
140014019,'1179111',2221,,2735,28,,,0
140014019,'1179143',821,,2736,28,,,0
140014019,'1179200',1251,,2737,28,,,0
140014019,'1179207',1751,,2738,28,,,0
140014019,'1179221',1421,,2739,28,,,0
140014019,'1179271',1221,,2740,28,,,0
140014019,'1179298',1721,,2741,28,,,0
140014019,'1179320',1451,,2742,28,,,0
140014019,'1179323',1021,,2743,28,,,0
140014019,'1179350',921,,2745,28,,,0
140014019,'1179353',1821,,2746,28,,,0
140014019,'1179366',2021,,2747,28,,,0
140014019,'1179392',1621,,2748,28,,,0
140014019,'1179403',1921,,2749,28,,,0
140014019,'1179417',721,,2750,7,,,0
140014019,'1179433',1421,,2751,28,,,0
140014019,'1179443',951,,2752,28,,,0
140014019,'1179446',1221,,2753,28,,,0
140014019,'1179449',1051,,2754,28,,,0
140014019,'1179493',1121,,2755,28,,,0
140014019,'1179524',1721,,2757,28,,,0
140014019,'1179535',1351,,2758,28,,,0
140014019,'1179547',1321,,2759,28,,,0
140014019,'1179550',651,,2760,7,,,0
140014019,'1179561',1551,,2762,28,,,0
140014019,'1179577',1321,,2763,28,,,0
140014019,'1179598',2121,,2764,28,,,0
140014019,'1179600',2221,,2765,28,,,0
140014019,'1179608',1921,,2766,28,,,0
140014019,'1179636',1651,,2767,28,,,0
140014019,'1179638',921,,2768,28,,,0
140014019,'1179648',2021,,2769,28,,,0
140014019,'1179654',2121,,2770,28,,,0
140014019,'1179662',1121,,2771,28,,,0
