130029,'1178925',1505,,2343,14,,,0
130029,'1178989',1405,,2344,14,,,0
130029,'1179023',1605,,2345,14,,,0
130029,'1179120',1705,,2346,14,,,0
130029,'1179168',1305,,2347,14,,,0
130029,'1179423',905,,2348,14,,,0
130029,'1179469',1205,,2349,14,,,0
130029,'1179639',1005,,2350,14,,,0
130029,'1179657',1105,,2351,14,,,0
190013019,'1178916',1656,,2896,46,,,0
190013019,'1178919',2026,,2897,46,,,0
190013019,'1178920',1156,,2898,46,,,0
190013019,'1178929',826,,2899,46,,,0
190013019,'1178930',1726,,2900,46,,,0
190013019,'1178972',2026,,2901,46,,,0
190013019,'1178983',1256,,2902,46,,,0
190013019,'1178994',2226,,2903,46,,,0
190013019,'1178997',1226,,2904,46,,,0
190013019,'1179048',1556,,2905,46,,,0
190013019,'1179062',1626,,2906,46,,,0
190013019,'1179074',1356,,2907,46,,,0
190013019,'1179087',1326,,2908,46,,,0
190013019,'1179104',1056,,2909,46,,,0
190013019,'1179187',926,,2911,46,,,0
190013019,'1179202',1126,,2912,46,,,0
190013019,'1179203',1026,,2913,46,,,0
190013019,'1179212',1526,,2914,46,,,0
190013019,'1179219',1326,,2915,46,,,0
190013019,'1179243',826,,2916,46,,,0
190013019,'1179287',2226,,2917,46,,,0
190013019,'1179292',1126,,2918,46,,,0
190013019,'1179300',756,,2919,46,,,0
190013019,'1179354',626,,2920,14,,,0
190013019,'1179373',1026,,2921,46,,,0
190013019,'1179380',1426,,2922,46,,,0
190013019,'1179402',1426,,2923,46,,,0
190013019,'1179411',1456,,2924,46,,,0
190013019,'1179457',1926,,2925,46,,,0
190013019,'1179504',726,,2926,46,,,0
190013019,'1179507',956,,2927,46,,,0
190013019,'1179509',1226,,2928,46,,,0
190013019,'1179516',1626,,2929,46,,,0
190013019,'1179531',2126,,2930,46,,,0
190013019,'1179537',926,,2931,46,,,0
190013019,'1179539',1826,,2932,46,,,0
190013019,'1179546',726,,2933,46,,,0
190013019,'1179553',1926,,2934,46,,,0
190013019,'1179581',656,,2935,14,,,0
190013019,'1179591',1726,,2936,46,,,0
190013019,'1179611',1756,,2937,46,,,0
190013019,'1179635',1526,,2938,46,,,0
190013019,'1179694',856,,2939,46,,,0
190013019,'1179701',2126,,2940,46,,,0
190013019,'1179717',1826,,2941,46,,,0
