140029,'1179802',1556,,2370,28,,,0
140029,'1179837',1356,,2371,28,,,0
140029,'1179865',1809,,2372,28,,,0
140029,'1179930',1256,,2373,28,,,0
140029,'1179947',1656,,2374,28,,,0
140029,'1179984',1456,,2375,28,,,0
140029,'1180047',956,,2376,28,,,0
140029,'1180060',1056,,2377,28,,,0
140029,'1180076',1156,,2378,28,,,0
140010019,'1178921',1524,,2634,44,,,0
140010019,'1178922',1024,,2635,45,,,0
140010019,'1178936',754,,2636,43,,,0
140010019,'1178979',1124,,2638,45,,,0
140010019,'1179012',824,,2639,44,,,0
140010019,'1179037',2024,,2640,43,,,0
140010019,'1179103',1624,,2641,44,,,0
140010019,'1179131',1224,,2643,44,,,0
140010019,'1179140',2224,,2644,43,,,0
140010019,'1179157',724,,2646,43,,,0
140010019,'1179167',1124,,2647,44,,,0
140010019,'1179178',1824,,2648,44,,,0
140010019,'1179180',2224,,2649,44,,,0
140010019,'1179188',1524,,2650,45,,,0
140010019,'1179217',2024,,2651,44,,,0
140010019,'1179251',1654,,2653,43,,,0
140010019,'1179253',854,,2654,43,,,0
140010019,'1179268',1754,,2655,43,,,0
140010019,'1179270',1724,,2656,44,,,0
140010019,'1179302',724,,2657,11,,,0
140010019,'1179336',924,,2658,43,,,0
140010019,'1179347',824,,2659,43,,,0
140010019,'1179361',2124,,2660,43,,,0
140010019,'1179396',2124,,2661,44,,,0
140010019,'1179415',1224,,2663,45,,,0
140010019,'1179445',1424,,2664,44,,,0
140010019,'1179452',1824,,2665,43,,,0
140010019,'1179453',1424,,2666,45,,,0
140010019,'1179479',1324,,2667,44,,,0
140010019,'1179494',1724,,2669,43,,,0
140010019,'1179496',1624,,2670,43,,,0
140010019,'1179544',1924,,2672,43,,,0
140010019,'1179613',1924,,2674,44,,,0
140010019,'1179620',924,,2675,44,,,0
140010019,'1179659',1324,,2677,45,,,0
140010019,'1179692',1024,,2678,44,,,0
