190011019,'1178950',729,,2849,20,,,0
190011019,'1178970',1859,,2850,20,,,0
190011019,'1179009',1829,,2851,20,0,8 21,0
190011019,'1179040',2059,,2852,20,,,0
190011019,'1179145',859,,2854,20,,,0
190011019,'1179159',1759,,2856,20,,,0
190011019,'1179162',2254,,2857,20,0,12,0
190011019,'1179163',759,,2858,20,,,0
190011019,'1179248',659,,2859,20,,,0
190011019,'1179252',1759,,2860,20,,,0
190011019,'1179276',1959,,2861,20,,,0
190011019,'1179307',659,,2862,20,,,0
190011019,'1179332',1100,,2864,21,,,0
190011019,'1179340',859,,2865,20,,,0
190011019,'1179367',1729,,2866,20,,,0
190011019,'1179394',2159,,2869,20,,,0
190011019,'1179412',2254,,2870,20,0,12,0
190011019,'1179413',1300,,2871,21,,,0
190011019,'1179424',2159,,2872,20,,,0
190011019,'1179426',1400,,2873,21,,,0
190011019,'1179430',1600,,2874,21,,,0
190011019,'1179437',1100,,2875,21,,,0
190011019,'1179438',1600,,2876,21,,,0
190011019,'1179442',1859,,2877,20,,,0
190011019,'1179477',759,,2878,20,,,0
190011019,'1179521',1400,,2879,21,,,0
190011019,'1179528',1200,,2880,21,,,0
190011019,'1179555',1959,,2882,20,,,0
190011019,'1179572',1200,,2883,21,,,0
190011019,'1179590',1500,,2884,21,,,0
190011019,'1179619',1659,,2885,20,,,0
190011019,'1179642',959,,2886,20,,,0
190011019,'1179650',1300,,2887,21,,,0
190011019,'1179666',829,,2889,20,,,0
190011019,'1179677',2059,,2891,20,,,0
190011019,'1179678',929,,2892,20,,,0
190011019,'1179688',1659,,2893,20,,,0
190011019,'1179700',1500,,2894,21,,,0
190011019,'1179709',959,,2895,20,,,0
