140012019,'1175718',1650,,1789,29,,,0
140012019,'1175861',1920,,1790,29,,,0
140012019,'1175900',1750,,1791,29,,,0
140012019,'1175915',2120,,1793,29,,,0
140012019,'1175917',1450,,1794,29,,,0
140012019,'1175919',2020,,1795,29,,,0
140012019,'1175938',820,,1796,29,,,0
140012019,'1175939',1820,,1797,29,,,0
140012019,'1175983',2220,,1798,29,,,0
140012019,'1176007',1320,,1799,29,,,0
140012019,'1176012',1120,,1800,29,,,0
140012019,'1176069',920,,1801,29,,,0
140012019,'1176070',1220,,1802,29,,,0
140012019,'1176091',1020,,1803,29,,,0
140012019,'1176100',720,,1804,7,,,0
140012019,'1176103',1020,,1805,29,,,0
140012019,'1176117',1220,,1806,29,,,0
140012019,'1176163',1920,,1808,29,,,0
140012019,'1176213',1120,,1809,29,,,0
140012019,'1176217',1620,,1810,29,,,0
140012019,'1176245',1820,,1811,29,,,0
140012019,'1176255',920,,1812,29,,,0
140012019,'1176275',1720,,1813,29,,,0
140012019,'1176323',1150,,1814,29,,,0
140012019,'1176343',1420,,1816,29,,,0
140012019,'1176354',1520,,1817,29,,,0
140012019,'1176378',1320,,1818,29,,,0
140012019,'1176401',750,,1819,29,,,0
140012019,'1176411',2120,,1820,29,,,0
140012019,'1176440',1520,,1821,29,,,0
140012019,'1176458',720,,1822,29,,,0
140012019,'1176470',1620,,1823,29,,,0
140012019,'1176472',1050,,1824,29,,,0
140012019,'1176483',1350,,1825,29,,,0
140012019,'1176488',1720,,1826,29,,,0
140012019,'1176515',2020,,1827,29,,,0
140012019,'1176526',950,,1828,29,,,0
140012019,'1176532',1250,,1829,29,,,0
140012019,'1176546',2220,,1830,29,,,0
140012019,'1176594',850,,1831,29,,,0
140012019,'1176599',1550,,1832,29,,,0
140012019,'1176626',820,,1833,29,,,0
140012019,'1176676',1420,,1834,29,,,0
