160029,'1178957',918,,2424,33,,,0
160029,'1179098',1418,,2425,33,,,0
160029,'1179137',1618,,2426,33,,,0
160029,'1179301',1218,,2427,33,,,0
160029,'1179398',1318,,2428,33,,,0
160029,'1179410',1718,,2429,33,,,0
160029,'1179543',1118,,2430,33,,,0
160029,'1179558',1018,,2431,33,,,0
160029,'1179623',1518,,2432,33,,,0
216019,'1178924',808,,2470,35,,,0
216019,'1178948',638,,2471,35,,,0
216019,'1178963',2138,,2472,35,,,0
216019,'1178968',1238,,2473,35,,,0
216019,'1179019',1808,,2474,35,,,0
216019,'1179021',1608,,2475,35,,,0
216019,'1179029',1438,,2476,35,,,0
216019,'1179050',1538,,2477,35,,,0
216019,'1179070',1438,,2478,35,,,0
216019,'1179075',1838,,2479,35,,,0
216019,'1179116',739,,2480,36,,,0
216019,'1179123',1338,,2481,35,,,0
216019,'1179160',1739,,2482,36,,,0
216019,'1179179',2038,,2483,35,,,0
216019,'1179181',1138,,2484,35,,,0
216019,'1179199',938,,2485,35,,,0
216019,'1179206',1538,,2486,35,,,0
216019,'1179328',1038,,2487,35,,,0
216019,'1179338',1238,,2488,35,,,0
216019,'1179345',838,,2489,35,,,0
216019,'1179368',1709,,2490,36,,,0
216019,'1179369',1038,,2491,35,,,0
216019,'1179374',1639,,2492,36,,,0
216019,'1179421',1838,,2493,35,,,0
216019,'1179431',1138,,2494,35,,,0
216019,'1179458',1938,,2495,35,,,0
216019,'1179488',738,,2496,35,,,0
216019,'1179523',1338,,2497,35,,,0
216019,'1179574',2038,,2498,35,,,0
216019,'1179582',1938,,2499,35,,,0
216019,'1179605',908,,2500,35,,,0
216019,'1179647',1738,,2501,35,,,0
216019,'1179669',838,,2502,35,,,0
216019,'1179695',2138,,2503,35,,,0
216019,'1179712',709,,2504,36,,,0
216019,'1179714',938,,2505,35,,,0
216019,'1179719',1638,,2506,35,,,0
