130019,'1179053',1727,,2334,8,,,0
130019,'1179067',1327,,2335,8,,,0
130019,'1179069',1027,,2336,8,,,0
130019,'1179093',1127,,2337,8,,,0
130019,'1179108',1227,,2338,8,,,0
130019,'1179294',1527,,2339,8,,,0
130019,'1179386',1627,,2340,8,,,0
130019,'1179541',927,,2341,8,,,0
130019,'1179675',1427,,2342,8,,,0
140012019,'1178913',1151,,2679,8,,,0
140012019,'1178923',1151,,2680,8,,,0
140012019,'1178934',951,,2681,8,,,0
140012019,'1178935',751,,2682,8,,,0
140012019,'1178953',851,,2683,8,,,0
140012019,'1178981',651,,2684,8,,,0
140012019,'1178986',1421,,2685,8,,,0
140012019,'1179006',1321,,2686,8,,,0
140012019,'1179011',721,,2687,8,,,0
140012019,'1179015',1851,,2688,8,,,0
140012019,'1179046',851,,2689,8,,,0
140012019,'1179102',1551,,2690,8,,,0
140012019,'1179154',1351,,2691,8,,,0
140012019,'1179183',1951,,2692,8,,,0
140012019,'1179185',921,,2693,8,,,0
140012019,'1179216',2251,,2694,8,0,8 21,0
140012019,'1179230',951,,2695,8,,,0
140012019,'1179233',1551,,2696,8,,,0
140012019,'1179236',751,,2697,8,,,0
140012019,'1179238',1451,,2698,8,,,0
140012019,'1179244',2051,,2699,8,,,0
140012019,'1179245',1851,,2700,8,,,0
140012019,'1179255',1821,,2702,8,0,8 21,0
140012019,'1179261',1051,,2703,8,,,0
140012019,'1179316',1951,,2704,8,,,0
140012019,'1179325',821,,2705,8,,,0
140012019,'1179348',1251,,2706,8,,,0
140012019,'1179359',1721,,2707,8,,,0
140012019,'1179372',2151,,2708,8,,,0
140012019,'1179387',1251,,2709,8,,,0
140012019,'1179399',1121,,2710,8,,,0
140012019,'1179425',2051,,2711,8,,,0
140012019,'1179444',1621,,2712,8,,,0
140012019,'1179495',1351,,2713,8,,,0
140012019,'1179499',1521,,2714,8,,,0
140012019,'1179510',1651,,2715,8,,,0
140012019,'1179511',2151,,2716,8,,,0
140012019,'1179526',1751,,2717,8,,,0
140012019,'1179556',1051,,2718,8,,,0
140012019,'1179567',1221,,2719,8,,,0
140012019,'1179578',2251,,2720,8,0,8 21,0
140012019,'1179644',1751,,2721,8,,,0
140012019,'1179693',1021,,2722,8,,,0
140012019,'1179704',1451,,2723,8,,,0
140012019,'1179715',1651,,2724,8,,,0
