120029,'1179032',1526,,2325,15,,,0
120029,'1179055',1326,,2326,15,,,0
120029,'1179056',1626,,2327,15,,,0
120029,'1179099',1726,,2328,15,,,0
120029,'1179153',926,,2329,15,,,0
120029,'1179222',1426,,2330,15,,,0
120029,'1179429',1126,,2331,15,,,0
120029,'1179447',1026,,2332,15,,,0
120029,'1179575',1226,,2333,15,,,0
190017019,'1179790',1151,,3050,15,,,0
190017019,'1179796',1351,,3051,15,,,0
190017019,'1179813',2251,,3052,15,0,8 21,0
190017019,'1179821',1451,,3053,15,,,0
190017019,'1179824',621,,3054,15,,,0
190017019,'1179832',1051,,3055,15,,,0
190017019,'1179843',851,,3056,15,,,0
190017019,'1179845',2051,,3057,15,,,0
190017019,'1179847',2151,,3058,15,0,8 21,0
190017019,'1179859',1651,,3060,15,,,0
190017019,'1179863',951,,3061,15,,,0
190017019,'1179870',821,,3062,15,,,0
190017019,'1179874',1251,,3063,15,,,0
190017019,'1179876',1851,,3064,15,,,0
190017019,'1179884',1621,,3065,15,,,0
190017019,'1179891',1551,,3066,15,,,0
190017019,'1179895',1821,,3067,15,0,8 21,0
190017019,'1179896',751,,3068,15,,,0
190017019,'1179899',1551,,3069,15,,,0
190017019,'1179905',651,,3070,15,,,0
190017019,'1179912',2051,,3071,15,,,0
190017019,'1179917',1751,,3072,15,,,0
190017019,'1179922',1351,,3073,15,,,0
190017019,'1179924',1451,,3074,15,,,0
190017019,'1179953',2151,,3078,15,0,8 21,0
190017019,'1179955',851,,3079,15,,,0
190017019,'1179971',1251,,3080,15,,,0
190017019,'1179977',1851,,3081,15,,,0
190017019,'1179978',1051,,3082,15,,,0
190017019,'1179979',1721,,3083,15,,,0
190017019,'1179986',751,,3084,15,,,0
190017019,'1179987',951,,3085,15,,,0
190017019,'1179994',1651,,3086,15,,,0
190017019,'1180001',921,,3087,15,,,0
190017019,'1180005',651,,3089,15,,,0
190017019,'1180041',2251,,3091,15,0,8 21,0
190017019,'1180050',1951,,3092,15,,,0
190017019,'1180055',1151,,3093,15,,,0
190017019,'1180056',1751,,3094,15,,,0
190017019,'1180065',1951,,3095,15,,,0
190017019,'1180069',721,,3096,15,,,0
