120019,'1178966',1333,,2316,18,,,0
120019,'1178998',1533,,2317,18,,,0
120019,'1179031',1633,,2318,18,,,0
120019,'1179149',1433,,2319,18,,,0
120019,'1179182',1133,,2320,18,,,0
120019,'1179282',933,,2321,18,,,0
120019,'1179296',1733,,2322,18,,,0
120019,'1179596',1033,,2323,18,,,0
120019,'1179628',1233,,2324,18,,,0
190013019,'1178916',1623,,2896,18,,,0
190013019,'1178919',1953,,2897,18,,,0
190013019,'1178920',1123,,2898,18,,,0
190013019,'1178929',753,,2899,18,,,0
190013019,'1178930',1653,,2900,18,,,0
190013019,'1178972',1953,,2901,18,,,0
190013019,'1178983',1223,,2902,18,,,0
190013019,'1178994',2153,,2903,18,,,0
190013019,'1178997',1153,,2904,18,,,0
190013019,'1179048',1523,,2905,18,,,0
190013019,'1179062',1553,,2906,18,,,0
190013019,'1179074',1323,,2907,18,,,0
190013019,'1179087',1253,,2908,18,,,0
190013019,'1179104',1023,,2909,18,,,0
190013019,'1179171',1823,,2910,18,0,8 21,0
190013019,'1179187',853,,2911,18,,,0
190013019,'1179202',1053,,2912,18,,,0
190013019,'1179203',953,,2913,18,,,0
190013019,'1179212',1453,,2914,18,,,0
190013019,'1179219',1253,,2915,18,,,0
190013019,'1179243',753,,2916,18,,,0
190013019,'1179287',2153,,2917,18,,,0
190013019,'1179292',1053,,2918,18,,,0
190013019,'1179300',723,,2919,18,,,0
190013019,'1179373',953,,2921,18,,,0
190013019,'1179380',1353,,2922,18,,,0
190013019,'1179402',1353,,2923,18,,,0
190013019,'1179411',1423,,2924,18,,,0
190013019,'1179457',1853,,2925,18,,,0
190013019,'1179504',653,,2926,18,,,0
190013019,'1179507',923,,2927,18,,,0
190013019,'1179509',1153,,2928,18,,,0
190013019,'1179516',1553,,2929,18,,,0
190013019,'1179531',2053,,2930,18,,,0
190013019,'1179537',853,,2931,18,,,0
190013019,'1179539',1753,,2932,18,,,0
190013019,'1179546',653,,2933,18,,,0
190013019,'1179553',1853,,2934,18,,,0
190013019,'1179591',1653,,2936,18,,,0
190013019,'1179611',1723,,2937,18,,,0
190013019,'1179635',1453,,2938,18,,,0
190013019,'1179694',823,,2939,18,,,0
190013019,'1179701',2053,,2940,18,,,0
190013019,'1179717',1753,,2941,18,,,0
