200029,'1179807',1001,,2461,18,,,0
200029,'1179834',1401,,2462,18,,,0
200029,'1179867',1701,,2463,18,,,0
200029,'1179877',1201,,2464,18,,,0
200029,'1179888',1601,,2465,18,,,0
200029,'1179893',1301,,2466,18,,,0
200029,'1179998',1501,,2467,18,,,0
200029,'1180053',901,,2468,8,,,0
200029,'1180064',1101,,2469,18,,,0
190017019,'1179790',1221,,3050,39,,,0
190017019,'1179796',1421,,3051,39,,,0
190017019,'1179821',1521,,3053,39,,,0
190017019,'1179824',651,,3054,39,,,0
190017019,'1179832',1121,,3055,39,,,0
190017019,'1179843',921,,3056,39,,,0
190017019,'1179845',2121,,3057,39,,,0
190017019,'1179849',1151,,3059,7,,,0
190017019,'1179859',1721,,3060,39,,,0
190017019,'1179863',1021,,3061,39,,,0
190017019,'1179870',851,,3062,39,,,0
190017019,'1179874',1321,,3063,39,,,0
190017019,'1179876',1921,,3064,39,,,0
190017019,'1179884',1651,,3065,39,,,0
190017019,'1179891',1621,,3066,39,,,0
190017019,'1179896',821,,3068,39,,,0
190017019,'1179899',1621,,3069,39,,,0
190017019,'1179905',721,,3070,39,,,0
190017019,'1179912',2121,,3071,39,,,0
190017019,'1179917',1821,,3072,39,,,0
190017019,'1179922',1421,,3073,39,,,0
190017019,'1179924',1521,,3074,39,,,0
190017019,'1179925',1551,,3075,7,,,0
190017019,'1179941',1251,,3076,7,,,0
190017019,'1179949',621,,3077,7,,,0
190017019,'1179955',921,,3079,39,,,0
190017019,'1179971',1321,,3080,39,,,0
190017019,'1179977',1921,,3081,39,,,0
190017019,'1179978',1121,,3082,39,,,0
190017019,'1179979',1751,,3083,39,,,0
190017019,'1179986',821,,3084,39,,,0
190017019,'1179987',1021,,3085,39,,,0
190017019,'1179994',1721,,3086,39,,,0
190017019,'1180001',951,,3087,39,,,0
190017019,'1180002',1451,,3088,7,,,0
190017019,'1180005',721,,3089,39,,,0
190017019,'1180033',1351,,3090,7,,,0
190017019,'1180050',2021,,3092,39,,,0
190017019,'1180055',1221,,3093,39,,,0
190017019,'1180056',1821,,3094,39,,,0
190017019,'1180065',2021,,3095,39,,,0
190017019,'1180069',751,,3096,39,,,0
190017019,'1180074',1051,,3097,7,,,0
