200019,'1179038',1509,,2433,25,,,0
200019,'1179081',1709,,2434,25,,,0
200019,'1179174',1009,,2435,25,,,0
200019,'1179259',1209,,2436,25,,,0
200019,'1179289',1609,,2437,25,,,0
200019,'1179460',1801,,2438,25,,,0
200019,'1179585',1109,,2439,25,,,0
200019,'1179594',1409,,2440,25,,,0
200019,'1179655',1309,,2441,25,,,0
200019,'1179798',1409,,2442,25,,,0
200019,'1179810',1609,,2443,25,,,0
200019,'1179901',1209,,2444,25,,,0
200019,'1179903',1801,,2445,25,,,0
200019,'1179911',1509,,2446,25,,,0
200019,'1179939',1109,,2447,25,,,0
200019,'1179968',1709,,2448,25,,,0
200019,'1179973',1009,,2449,25,,,0
200019,'1180054',1309,,2450,25,,,0
190015019,'1178937',1122,,2942,12,,,0
190015019,'1178938',2252,,2943,12,0,12,0
190015019,'1178958',952,,2944,12,,,0
190015019,'1179073',1322,,2945,12,,,0
190015019,'1179089',1152,,2947,12,,,0
190015019,'1179095',1652,,2948,12,,,0
190015019,'1179152',922,,2949,12,,,0
190015019,'1179165',2152,,2950,12,0,12,0
190015019,'1179170',752,,2951,12,,,0
190015019,'1179226',1752,,2952,12,,,0
190015019,'1179241',1822,,2953,12,0,12,0
190015019,'1179329',1622,,2954,12,,,0
190015019,'1179378',1952,,2955,12,,,0
190015019,'1179382',1722,,2956,12,,,0
190015019,'1179414',1452,,2957,12,,,0
190015019,'1179456',1522,,2958,12,,,0
190015019,'1179465',1552,,2959,12,,,0
190015019,'1179480',1252,,2960,12,,,0
190015019,'1179489',1222,,2961,12,,,0
190015019,'1179491',1052,,2962,12,,,0
190015019,'1179501',1022,,2963,12,,,0
190015019,'1179560',2052,,2964,12,,,0
190015019,'1179563',1352,,2965,12,,,0
190015019,'1179576',1852,,2966,12,,,0
190015019,'1179602',822,,2967,12,,,0
190015019,'1179633',722,,2968,12,,,0
190015019,'1179652',852,,2970,12,,,0
190015019,'1179679',1422,,2971,12,,,0
190015019,'1179716',652,,2972,12,,,0
190015019,'1179791',2052,,2973,12,,,0
190015019,'1179793',652,,2974,12,,,0
190015019,'1179804',652,,2975,12,,,0
190015019,'1179812',1052,,2976,12,,,0
190015019,'1179819',752,,2977,12,,,0
190015019,'1179825',1152,,2978,12,,,0
190015019,'1179846',2152,,2979,12,0,12,0
190015019,'1179856',822,,2980,12,,,0
190015019,'1179872',752,,2981,12,,,0
190015019,'1179885',1622,,2982,12,,,0
190015019,'1179887',1352,,2983,12,,,0
190015019,'1179898',1452,,2984,12,,,0
190015019,'1179909',952,,2985,12,,,0
190015019,'1179919',1752,,2986,12,,,0
190015019,'1179920',852,,2987,12,,,0
190015019,'1179923',1422,,2988,12,,,0
190015019,'1179931',2052,,2989,12,,,0
190015019,'1179934',1822,,2990,12,0,12,0
190015019,'1179935',1652,,2991,12,,,0
190015019,'1179940',1122,,2992,12,,,0
190015019,'1179952',1152,,2993,12,,,0
190015019,'1179960',1252,,2994,12,,,0
190015019,'1179961',1452,,2995,12,,,0
190015019,'1179972',2252,,2996,12,0,12,0
190015019,'1179980',1022,,2997,12,,,0
190015019,'1179982',1722,,2998,12,,,0
190015019,'1179992',1522,,2999,12,,,0
190015019,'1179995',1052,,3000,12,,,0
190015019,'1179999',1222,,3001,12,,,0
190015019,'1180013',1852,,3002,12,,,0
190015019,'1180014',1952,,3003,12,,,0
190015019,'1180015',922,,3004,12,,,0
190015019,'1180016',1952,,3005,12,,,0
190015019,'1180021',2252,,3006,12,0,12,0
190015019,'1180026',1852,,3007,12,,,0
190015019,'1180029',952,,3008,12,,,0
190015019,'1180044',1552,,3009,12,,,0
190015019,'1180045',2152,,3010,12,0,12,0
190015019,'1180058',1322,,3011,12,,,0
190015019,'1180059',1652,,3012,12,,,0
190015019,'1180068',1752,,3013,12,,,0
190015019,'1180070',1552,,3014,12,,,0
190015019,'1180075',852,,3015,12,,,0
190015019,'1180077',1252,,3016,12,,,0
190015019,'1180080',722,,3017,12,,,0
190015019,'1180081',1352,,3018,12,,,0
