200029,'1179807',959,,2461,16,,,0
200029,'1179834',1359,,2462,16,,,0
200029,'1179867',1659,,2463,16,,,0
200029,'1179877',1159,,2464,16,,,0
200029,'1179888',1559,,2465,16,,,0
200029,'1179893',1259,,2466,16,,,0
200029,'1179998',1459,,2467,16,,,0
200029,'1180053',859,,2468,6,,,0
200029,'1180064',1059,,2469,16,,,0
190017019,'1179790',1219,,3050,37,,,0
190017019,'1179796',1419,,3051,37,,,0
190017019,'1179821',1519,,3053,37,,,0
190017019,'1179824',649,,3054,37,,,0
190017019,'1179832',1119,,3055,37,,,0
190017019,'1179843',919,,3056,37,,,0
190017019,'1179845',2119,,3057,37,,,0
190017019,'1179849',1149,,3059,5,,,0
190017019,'1179859',1719,,3060,37,,,0
190017019,'1179863',1019,,3061,37,,,0
190017019,'1179870',849,,3062,37,,,0
190017019,'1179874',1319,,3063,37,,,0
190017019,'1179876',1919,,3064,37,,,0
190017019,'1179884',1649,,3065,37,,,0
190017019,'1179891',1619,,3066,37,,,0
190017019,'1179896',819,,3068,37,,,0
190017019,'1179899',1619,,3069,37,,,0
190017019,'1179905',719,,3070,37,,,0
190017019,'1179912',2119,,3071,37,,,0
190017019,'1179917',1819,,3072,37,,,0
190017019,'1179922',1419,,3073,37,,,0
190017019,'1179924',1519,,3074,37,,,0
190017019,'1179925',1549,,3075,5,,,0
190017019,'1179941',1249,,3076,5,,,0
190017019,'1179949',619,,3077,5,,,0
190017019,'1179955',919,,3079,37,,,0
190017019,'1179971',1319,,3080,37,,,0
190017019,'1179977',1919,,3081,37,,,0
190017019,'1179978',1119,,3082,37,,,0
190017019,'1179979',1749,,3083,37,,,0
190017019,'1179986',819,,3084,37,,,0
190017019,'1179987',1019,,3085,37,,,0
190017019,'1179994',1719,,3086,37,,,0
190017019,'1180001',949,,3087,37,,,0
190017019,'1180002',1449,,3088,5,,,0
190017019,'1180005',719,,3089,37,,,0
190017019,'1180033',1349,,3090,5,,,0
190017019,'1180050',2019,,3092,37,,,0
190017019,'1180055',1219,,3093,37,,,0
190017019,'1180056',1819,,3094,37,,,0
190017019,'1180065',2019,,3095,37,,,0
190017019,'1180069',749,,3096,37,,,0
190017019,'1180074',1049,,3097,5,,,0
