150029,'1179828',1022,,2397,25,,,0
150029,'1179915',1222,,2398,25,,,0
150029,'1179932',922,,2399,25,,,0
150029,'1179948',1522,,2400,25,,,0
150029,'1179983',1322,,2401,25,,,0
150029,'1180009',1122,,2402,25,,,0
150029,'1180017',1722,,2403,25,,,0
150029,'1180040',1622,,2404,25,,,0
150029,'1180079',1422,,2405,25,,,0
140014019,'1178954',1546,,2725,2,,,0
140014019,'1178955',1116,,2726,2,,,0
140014019,'1178974',946,,2727,2,,,0
140014019,'1179007',1746,,2728,2,,,0
140014019,'1179027',1446,,2729,2,,,0
140014019,'1179052',746,,2730,2,,,0
140014019,'1179079',716,,2731,2,,,0
140014019,'1179080',1446,,2732,2,,,0
140014019,'1179082',816,,2733,2,,,0
140014019,'1179084',646,,2734,2,,,0
140014019,'1179111',2146,,2735,2,,,0
140014019,'1179143',746,,2736,2,,,0
140014019,'1179200',1216,,2737,2,,,0
140014019,'1179207',1716,,2738,2,,,0
140014019,'1179221',1346,,2739,2,,,0
140014019,'1179271',1146,,2740,2,,,0
140014019,'1179298',1646,,2741,2,,,0
140014019,'1179320',1416,,2742,2,,,0
140014019,'1179323',946,,2743,2,,,0
140014019,'1179350',846,,2745,2,,,0
140014019,'1179353',1746,,2746,2,,,0
140014019,'1179366',1946,,2747,2,,,0
140014019,'1179392',1546,,2748,2,,,0
140014019,'1179403',1846,,2749,2,,,0
140014019,'1179433',1346,,2751,2,,,0
140014019,'1179443',916,,2752,2,,,0
140014019,'1179446',1146,,2753,2,,,0
140014019,'1179449',1016,,2754,2,,,0
140014019,'1179493',1046,,2755,2,,,0
140014019,'1179524',1646,,2757,2,,,0
140014019,'1179535',1316,,2758,2,,,0
140014019,'1179547',1246,,2759,2,,,0
140014019,'1179557',1816,,2761,2,0,8 21,0
140014019,'1179561',1516,,2762,2,,,0
140014019,'1179577',1246,,2763,2,,,0
140014019,'1179598',2046,,2764,2,,,0
140014019,'1179600',2146,,2765,2,,,0
140014019,'1179608',1846,,2766,2,,,0
140014019,'1179636',1616,,2767,2,,,0
140014019,'1179638',846,,2768,2,,,0
140014019,'1179648',1946,,2769,2,,,0
140014019,'1179654',2046,,2770,2,,,0
140014019,'1179662',1046,,2771,2,,,0
