140019,'1178969',1414,,2352,41,,,0
140019,'1178977',1614,,2353,41,,,0
140019,'1179164',1714,,2354,41,,,0
140019,'1179344',1514,,2355,41,,,0
140019,'1179352',1014,,2356,41,,,0
140019,'1179462',1314,,2357,41,,,0
140019,'1179512',1214,,2358,41,,,0
140019,'1179518',1114,,2359,41,,,0
140019,'1179634',1813,,2360,41,,,0
140014019,'1178954',1641,,2725,48,,,0
140014019,'1178955',1211,,2726,48,,,0
140014019,'1178974',1041,,2727,48,,,0
140014019,'1179007',1839,,2728,48,,,0
140014019,'1179027',1541,,2729,48,,,0
140014019,'1179052',839,,2730,48,,,0
140014019,'1179079',811,,2731,48,,,0
140014019,'1179080',1539,,2732,48,,,0
140014019,'1179082',911,,2733,48,,,0
140014019,'1179084',741,,2734,48,,,0
140014019,'1179111',2241,,2735,48,,,0
140014019,'1179143',841,,2736,48,,,0
140014019,'1179200',1311,,2737,48,,,0
140014019,'1179207',1811,,2738,48,,,0
140014019,'1179221',1439,,2739,48,,,0
140014019,'1179271',1241,,2740,48,,,0
140014019,'1179298',1739,,2741,48,,,0
140014019,'1179320',1511,,2742,48,,,0
140014019,'1179323',1039,,2743,48,,,0
140014019,'1179337',639,,2744,20,,,0
140014019,'1179350',939,,2745,48,,,0
140014019,'1179353',1841,,2746,48,,,0
140014019,'1179366',2039,,2747,48,,,0
140014019,'1179392',1639,,2748,48,,,0
140014019,'1179403',1941,,2749,48,,,0
140014019,'1179417',739,,2750,27,,,0
140014019,'1179433',1441,,2751,48,,,0
140014019,'1179443',1011,,2752,48,,,0
140014019,'1179446',1239,,2753,48,,,0
140014019,'1179449',1111,,2754,48,,,0
140014019,'1179493',1141,,2755,48,,,0
140014019,'1179513',641,,2756,20,,,0
140014019,'1179524',1741,,2757,48,,,0
140014019,'1179535',1411,,2758,48,,,0
140014019,'1179547',1339,,2759,48,,,0
140014019,'1179550',711,,2760,27,,,0
140014019,'1179561',1611,,2762,48,,,0
140014019,'1179577',1341,,2763,48,,,0
140014019,'1179598',2141,,2764,48,,,0
140014019,'1179600',2239,,2765,48,,,0
140014019,'1179608',1939,,2766,48,,,0
140014019,'1179636',1711,,2767,48,,,0
140014019,'1179638',941,,2768,48,,,0
140014019,'1179648',2041,,2769,48,,,0
140014019,'1179654',2139,,2770,48,,,0
140014019,'1179662',1139,,2771,48,,,0
