116019,'1178927',1054,,2202,31,,,0
116019,'1178944',1454,,2203,31,,,0
116019,'1178984',2054,,2204,31,,,0
116019,'1178985',1554,,2205,31,,,0
116019,'1178993',1728,,2206,32,,,0
116019,'1179002',2054,,2207,31,,,0
116019,'1179004',854,,2208,31,,,0
116019,'1179020',1654,,2209,31,,,0
116019,'1179022',1658,,2210,32,,,0
116019,'1179025',1354,,2211,31,,,0
116019,'1179035',954,,2212,31,,,0
116019,'1179036',728,,2213,32,,,0
116019,'1179045',1954,,2214,31,,,0
116019,'1179090',2154,,2215,31,,,0
116019,'1179113',754,,2216,31,,,0
116019,'1179119',658,,2217,32,,,0
116019,'1179186',2154,,2218,31,,,0
116019,'1179192',1854,,2219,31,,,0
116019,'1179204',1854,,2220,31,,,0
116019,'1179214',924,,2221,31,,,0
116019,'1179218',1954,,2222,31,,,0
116019,'1179231',1354,,2223,31,,,0
116019,'1179239',854,,2224,31,,,0
116019,'1179249',1454,,2225,31,,,0
116019,'1179326',1154,,2226,31,,,0
116019,'1179334',1254,,2227,31,,,0
116019,'1179487',1754,,2228,31,,,0
116019,'1179497',1254,,2229,31,,,0
116019,'1179505',1624,,2230,31,,,0
116019,'1179506',1154,,2231,31,,,0
116019,'1179514',1824,,2232,31,,,0
116019,'1179540',1554,,2233,31,,,0
116019,'1179564',1054,,2234,31,,,0
116019,'1179589',954,,2235,31,,,0
116019,'1179630',1754,,2236,31,,,0
116019,'1179645',754,,2237,31,,,0
116019,'1179711',824,,2238,31,,,0
190011019,'1175757',2227,,1930,42,,,0
190011019,'1175788',1827,,1931,42,,,0
190011019,'1175797',1427,,1932,42,,,0
190011019,'1175800',1027,,1933,42,,,0
190011019,'1175811',1557,,1934,18,,,0
190011019,'1175846',1927,,1935,42,,,0
190011019,'1175854',1057,,1936,18,,,0
190011019,'1175866',1757,,1937,42,,,0
190011019,'1175889',1327,,1939,42,,,0
190011019,'1175960',1257,,1940,18,,,0
190011019,'1175990',1227,,1942,42,,,0
190011019,'1176025',627,,1943,21,,,0
190011019,'1176026',1327,,1944,42,,,0
190011019,'1176076',657,,1945,18,,,0
190011019,'1176086',1027,,1946,42,,,0
190011019,'1176114',927,,1947,42,,,0
190011019,'1176152',757,,1948,42,,,0
190011019,'1176229',2227,,1949,42,,,0
190011019,'1176246',827,,1950,42,,,0
190011019,'1176315',727,,1951,42,,,0
190011019,'1176316',1227,,1952,42,,,0
190011019,'1176317',1727,,1953,42,,,0
190011019,'1176322',957,,1954,42,,,0
190011019,'1176337',2027,,1955,42,,,0
190011019,'1176344',1627,,1956,42,,,0
190011019,'1176353',1627,,1957,42,,,0
190011019,'1176386',727,,1958,42,,,0
190011019,'1176406',1457,,1959,18,,,0
190011019,'1176429',1357,,1960,18,,,0
190011019,'1176444',1927,,1961,42,,,0
190011019,'1176445',2127,,1962,42,,,0
190011019,'1176478',1827,,1963,42,,,0
190011019,'1176517',1527,,1965,42,,,0
190011019,'1176557',927,,1966,42,,,0
190011019,'1176559',2027,,1967,42,,,0
190011019,'1176563',857,,1968,42,,,0
190011019,'1176570',1527,,1969,42,,,0
190011019,'1176581',1157,,1970,18,,,0
190011019,'1176586',1657,,1971,18,,,0
190011019,'1176595',1727,,1972,42,,,0
190011019,'1176605',1127,,1973,42,,,0
190011019,'1176616',1127,,1974,42,,,0
190011019,'1176620',827,,1975,42,,,0
190011019,'1176668',2127,,1976,42,,,0
190011019,'1176674',1427,,1977,42,,,0
