140029,'1175724',1459,,1551,35,,,0
140029,'1175759',1259,,1552,35,,,0
140029,'1175767',1359,,1553,35,,,0
140029,'1175834',1559,,1557,35,,,0
140029,'1176178',1059,,1560,35,,,0
140029,'1176234',1812,,1561,35,,,0
140029,'1176418',1159,,1564,35,,,0
140029,'1176613',1659,,1566,35,,,0
140029,'1176636',959,,1567,35,,,0
140010019,'1175755',930,,1743,50,,,0
140010019,'1175787',1830,,1744,50,,,0
140010019,'1175798',1830,,1745,50,,,0
140010019,'1175810',730,,1747,17,,,0
140010019,'1175825',1630,,1748,50,,,0
140010019,'1175826',1325,,1749,51,,,0
140010019,'1175836',1800,,1750,50,,,0
140010019,'1175840',2030,,1751,50,,,0
140010019,'1175890',2030,,1753,50,,,0
140010019,'1175905',2130,,1754,50,,,0
140010019,'1175937',1425,,1755,51,,,0
140010019,'1175943',1730,,1756,50,,,0
140010019,'1175995',1125,,1758,51,,,0
140010019,'1176008',800,,1759,50,,,0
140010019,'1176017',830,,1760,50,,,0
140010019,'1176075',1730,,1761,50,,,0
140010019,'1176104',2230,,1762,50,,,0
140010019,'1176141',1328,,1763,51,,,0
140010019,'1176158',1528,,1764,51,,,0
140010019,'1176198',1028,,1766,51,,,0
140010019,'1176208',2230,,1767,50,,,0
140010019,'1176215',1930,,1768,50,,,0
140010019,'1176249',1128,,1770,51,,,0
140010019,'1176269',2130,,1771,50,,,0
140010019,'1176311',1025,,1774,51,,,0
140010019,'1176346',900,,1775,50,,,0
140010019,'1176365',930,,1776,50,,,0
140010019,'1176376',1630,,1777,50,,,0
140010019,'1176382',1225,,1778,51,,,0
140010019,'1176449',730,,1779,50,,,0
140010019,'1176545',830,,1781,50,,,0
140010019,'1176551',1428,,1782,51,,,0
140010019,'1176579',1700,,1783,50,,,0
140010019,'1176580',1228,,1784,51,,,0
140010019,'1176607',1930,,1785,50,,,0
140010019,'1176653',1525,,1788,51,,,0
