120019,'1178966',1352,,2316,39,,,0
120019,'1178998',1552,,2317,39,,,0
120019,'1179031',1652,,2318,39,,,0
120019,'1179149',1452,,2319,39,,,0
120019,'1179182',1152,,2320,39,,,0
120019,'1179282',952,,2321,39,,,0
120019,'1179296',1805,,2322,39,,,0
120019,'1179596',1052,,2323,39,,,0
120019,'1179628',1252,,2324,39,,,0
140016019,'1179063',727,,2776,20,,,0
140016019,'1179792',927,,2805,40,,,0
140016019,'1179800',1727,,2806,40,,,0
140016019,'1179808',1927,,2807,40,,,0
140016019,'1179822',1557,,2808,40,,,0
140016019,'1179827',857,,2809,40,,,0
140016019,'1179831',1627,,2810,40,,,0
140016019,'1179835',2227,,2811,40,,,0
140016019,'1179868',1657,,2815,40,,,0
140016019,'1179875',1127,,2816,40,,,0
140016019,'1179886',1427,,2818,40,,,0
140016019,'1179907',1727,,2821,40,,,0
140016019,'1179913',1757,,2822,40,,,0
140016019,'1179926',1327,,2823,40,,,0
140016019,'1179938',1527,,2824,40,,,0
140016019,'1179943',2127,,2825,40,,,0
140016019,'1179945',827,,2826,40,,,0
140016019,'1179958',1427,,2827,40,,,0
140016019,'1179963',1827,,2828,40,,,0
140016019,'1179974',1027,,2829,40,,,0
140016019,'1179976',727,,2830,40,,,0
140016019,'1179989',927,,2831,40,,,0
140016019,'1179991',1527,,2832,40,,,0
140016019,'1179997',1627,,2833,40,,,0
140016019,'1180006',1027,,2834,40,,,0
140016019,'1180012',1927,,2835,40,,,0
140016019,'1180018',1127,,2836,40,,,0
140016019,'1180019',2227,,2837,40,,,0
140016019,'1180020',2027,,2838,40,,,0
140016019,'1180023',1327,,2839,40,,,0
140016019,'1180024',757,,2840,40,,,0
140016019,'1180028',827,,2841,40,,,0
140016019,'1180031',2027,,2842,40,,,0
140016019,'1180048',2127,,2843,40,,,0
140016019,'1180057',1827,,2844,40,,,0
140016019,'1180072',1227,,2846,40,,,0
140016019,'1180078',1227,,2847,40,,,0
