116019,'1179803',1059,,2279,34,,,0
116019,'1179806',2159,,2280,34,,,0
116019,'1179811',1959,,2281,34,,,0
116019,'1179814',829,,2282,34,,,0
116019,'1179815',2159,,2283,34,,,0
116019,'1179816',2059,,2284,34,,,0
116019,'1179818',759,,2285,34,,,0
116019,'1179820',1629,,2286,34,,,0
116019,'1179826',759,,2287,34,,,0
116019,'1179838',859,,2288,34,,,0
116019,'1179860',1731,,2289,35,,,0
116019,'1179861',1659,,2290,34,,,0
116019,'1179871',1859,,2291,34,,,0
116019,'1179879',731,,2292,35,,,0
116019,'1179890',1859,,2293,34,,,0
116019,'1179910',1759,,2294,34,,,0
116019,'1179933',1459,,2295,34,,,0
116019,'1179936',1259,,2296,34,,,0
116019,'1179944',1559,,2297,34,,,0
116019,'1179946',1831,,2298,34,,,0
116019,'1179950',1559,,2299,34,,,0
116019,'1179954',959,,2300,34,,,0
116019,'1179959',2059,,2301,34,,,0
116019,'1179965',1701,,2302,35,,,0
116019,'1179966',859,,2303,34,,,0
116019,'1179975',1059,,2304,34,,,0
116019,'1179985',1759,,2305,34,,,0
116019,'1180003',1359,,2306,34,,,0
116019,'1180007',1159,,2307,34,,,0
116019,'1180008',1359,,2308,34,,,0
116019,'1180010',701,,2309,35,,,0
116019,'1180011',1959,,2310,34,,,0
116019,'1180027',929,,2311,34,,,0
116019,'1180032',1459,,2312,34,,,0
116019,'1180034',1159,,2313,34,,,0
116019,'1180036',959,,2314,34,,,0
116019,'1180063',1259,,2315,34,,,0
160019,'1179817',1046,,2415,32,,,0
160019,'1179829',1346,,2416,32,,,0
160019,'1179855',1546,,2417,32,,,0
160019,'1179873',1146,,2418,32,,,0
160019,'1179921',1746,,2419,32,,,0
160019,'1179929',1646,,2420,32,,,0
160019,'1180025',1446,,2421,32,,,0
160019,'1180042',946,,2422,32,,,0
160019,'1180067',1246,,2423,32,,,0
