190013019,'1175728',818,,1978,12,,,0
190013019,'1175734',1448,,1979,12,,,0
190013019,'1175770',1948,,1980,12,,,0
190013019,'1175814',1818,,1981,12,0,8 21,0
190013019,'1175816',1748,,1982,12,,,0
190013019,'1175833',1648,,1983,12,,,0
190013019,'1175860',1318,,1984,12,,,0
190013019,'1175862',1048,,1985,12,,,0
190013019,'1175891',1118,,1986,12,,,0
190013019,'1175892',918,,1987,12,,,0
190013019,'1175994',848,,1989,12,,,0
190013019,'1176023',748,,1990,12,,,0
190013019,'1176034',1048,,1991,12,,,0
190013019,'1176044',1348,,1992,12,,,0
190013019,'1176064',1018,,1993,12,,,0
190013019,'1176125',1648,,1994,12,,,0
190013019,'1176139',1148,,1995,12,,,0
190013019,'1176167',2148,,1996,12,,,0
190013019,'1176182',1248,,1997,12,,,0
190013019,'1176185',718,,1998,12,,,0
190013019,'1176187',1248,,1999,12,,,0
190013019,'1176196',1148,,2000,12,,,0
190013019,'1176261',948,,2001,12,,,0
190013019,'1176277',2048,,2002,12,,,0
190013019,'1176318',1348,,2003,12,,,0
190013019,'1176331',1948,,2004,12,,,0
190013019,'1176338',1848,,2005,12,,,0
190013019,'1176348',1518,,2006,12,,,0
190013019,'1176367',1548,,2007,12,,,0
190013019,'1176387',2148,,2008,12,,,0
190013019,'1176389',748,,2009,12,,,0
190013019,'1176392',648,,2010,12,,,0
190013019,'1176394',1548,,2011,12,,,0
190013019,'1176446',1748,,2012,12,,,0
190013019,'1176462',2048,,2013,12,,,0
190013019,'1176473',1848,,2014,12,,,0
190013019,'1176527',948,,2015,12,,,0
190013019,'1176539',1618,,2016,12,,,0
190013019,'1176543',1418,,2017,12,,,0
190013019,'1176567',848,,2019,12,,,0
190013019,'1176597',1448,,2020,12,,,0
190013019,'1176614',1218,,2021,12,,,0
190013019,'1176638',1718,,2022,12,,,0
190013019,'1176660',648,,2023,12,,,0
