130019,'1179053',1740,,2334,22,,,0
130019,'1179067',1340,,2335,22,,,0
130019,'1179069',1040,,2336,22,,,0
130019,'1179093',1140,,2337,22,,,0
130019,'1179108',1240,,2338,22,,,0
130019,'1179294',1540,,2339,22,,,0
130019,'1179386',1640,,2340,22,,,0
130019,'1179541',940,,2341,22,,,0
130019,'1179675',1440,,2342,22,,,0
140012019,'1178913',1203,,2679,22,,,0
140012019,'1178923',1203,,2680,22,,,0
140012019,'1178934',1003,,2681,22,,,0
140012019,'1178935',803,,2682,22,,,0
140012019,'1178953',903,,2683,22,,,0
140012019,'1178981',703,,2684,22,,,0
140012019,'1178986',1433,,2685,22,,,0
140012019,'1179006',1333,,2686,22,,,0
140012019,'1179011',733,,2687,22,,,0
140012019,'1179015',1903,,2688,22,,,0
140012019,'1179046',903,,2689,22,,,0
140012019,'1179102',1603,,2690,22,,,0
140012019,'1179154',1403,,2691,22,,,0
140012019,'1179183',2003,,2692,22,,,0
140012019,'1179185',933,,2693,22,,,0
140012019,'1179216',2303,,2694,22,0,8 21,0
140012019,'1179230',1003,,2695,22,,,0
140012019,'1179233',1603,,2696,22,,,0
140012019,'1179236',803,,2697,22,,,0
140012019,'1179238',1503,,2698,22,,,0
140012019,'1179244',2103,,2699,22,,,0
140012019,'1179245',1903,,2700,22,,,0
140012019,'1179255',1833,,2702,22,0,8 21,0
140012019,'1179261',1103,,2703,22,,,0
140012019,'1179316',2003,,2704,22,,,0
140012019,'1179325',833,,2705,22,,,0
140012019,'1179348',1303,,2706,22,,,0
140012019,'1179359',1733,,2707,22,,,0
140012019,'1179372',2203,,2708,22,,,0
140012019,'1179387',1303,,2709,22,,,0
140012019,'1179399',1133,,2710,22,,,0
140012019,'1179425',2103,,2711,22,,,0
140012019,'1179444',1633,,2712,22,,,0
140012019,'1179495',1403,,2713,22,,,0
140012019,'1179499',1533,,2714,22,,,0
140012019,'1179510',1703,,2715,22,,,0
140012019,'1179511',2203,,2716,22,,,0
140012019,'1179526',1803,,2717,22,,,0
140012019,'1179556',1103,,2718,22,,,0
140012019,'1179567',1233,,2719,22,,,0
140012019,'1179578',2303,,2720,22,0,8 21,0
140012019,'1179644',1803,,2721,22,,,0
140012019,'1179693',1033,,2722,22,,,0
140012019,'1179704',1503,,2723,22,,,0
140012019,'1179715',1703,,2724,22,,,0
190011019,'1178950',738,,2849,24,,,0
190011019,'1178970',1908,,2850,24,,,0
190011019,'1179009',1838,,2851,24,0,8 21,0
190011019,'1179040',2108,,2852,24,,,0
190011019,'1179145',908,,2854,24,,,0
190011019,'1179159',1808,,2856,24,,,0
190011019,'1179163',808,,2858,24,,,0
190011019,'1179248',708,,2859,24,,,0
190011019,'1179252',1808,,2860,24,,,0
190011019,'1179276',2008,,2861,24,,,0
190011019,'1179307',708,,2862,24,,,0
190011019,'1179332',1106,,2864,25,,,0
190011019,'1179340',908,,2865,24,,,0
190011019,'1179367',1738,,2866,24,,,0
190011019,'1179394',2208,,2869,24,,,0
190011019,'1179413',1306,,2871,25,,,0
190011019,'1179424',2208,,2872,24,,,0
190011019,'1179426',1406,,2873,25,,,0
190011019,'1179430',1606,,2874,25,,,0
190011019,'1179437',1106,,2875,25,,,0
190011019,'1179438',1606,,2876,25,,,0
190011019,'1179442',1908,,2877,24,,,0
190011019,'1179477',808,,2878,24,,,0
190011019,'1179521',1406,,2879,25,,,0
190011019,'1179528',1206,,2880,25,,,0
190011019,'1179555',2008,,2882,24,,,0
190011019,'1179572',1206,,2883,25,,,0
190011019,'1179590',1506,,2884,25,,,0
190011019,'1179619',1708,,2885,24,,,0
190011019,'1179642',1008,,2886,24,,,0
190011019,'1179650',1306,,2887,25,,,0
190011019,'1179665',612,,2888,3,,,0
190011019,'1179666',838,,2889,24,,,0
190011019,'1179677',2108,,2891,24,,,0
190011019,'1179678',938,,2892,24,,,0
190011019,'1179688',1708,,2893,24,,,0
190011019,'1179700',1506,,2894,25,,,0
190011019,'1179709',1008,,2895,24,,,0
190013019,'1178916',1638,,2896,32,,,0
190013019,'1178919',2008,,2897,32,,,0
190013019,'1178920',1138,,2898,32,,,0
190013019,'1178929',808,,2899,32,,,0
190013019,'1178930',1708,,2900,32,,,0
190013019,'1178972',2008,,2901,32,,,0
190013019,'1178983',1238,,2902,32,,,0
190013019,'1178994',2208,,2903,32,,,0
190013019,'1178997',1208,,2904,32,,,0
190013019,'1179048',1538,,2905,32,,,0
190013019,'1179062',1608,,2906,32,,,0
190013019,'1179074',1338,,2907,32,,,0
190013019,'1179087',1308,,2908,32,,,0
190013019,'1179104',1038,,2909,32,,,0
190013019,'1179171',1838,,2910,32,0,8 21,0
190013019,'1179187',908,,2911,32,,,0
190013019,'1179202',1108,,2912,32,,,0
190013019,'1179203',1008,,2913,32,,,0
190013019,'1179212',1508,,2914,32,,,0
190013019,'1179219',1308,,2915,32,,,0
190013019,'1179243',808,,2916,32,,,0
190013019,'1179287',2208,,2917,32,,,0
190013019,'1179292',1108,,2918,32,,,0
190013019,'1179300',738,,2919,32,,,0
190013019,'1179373',1008,,2921,32,,,0
190013019,'1179380',1408,,2922,32,,,0
190013019,'1179402',1408,,2923,32,,,0
190013019,'1179411',1438,,2924,32,,,0
190013019,'1179457',1908,,2925,32,,,0
190013019,'1179504',708,,2926,32,,,0
190013019,'1179507',938,,2927,32,,,0
190013019,'1179509',1208,,2928,32,,,0
190013019,'1179516',1608,,2929,32,,,0
190013019,'1179531',2108,,2930,32,,,0
190013019,'1179537',908,,2931,32,,,0
190013019,'1179539',1808,,2932,32,,,0
190013019,'1179546',708,,2933,32,,,0
190013019,'1179553',1908,,2934,32,,,0
190013019,'1179591',1708,,2936,32,,,0
190013019,'1179611',1738,,2937,32,,,0
190013019,'1179635',1508,,2938,32,,,0
190013019,'1179694',838,,2939,32,,,0
190013019,'1179701',2108,,2940,32,,,0
190013019,'1179717',1808,,2941,32,,,0
190015019,'1178937',1134,,2942,25,,,0
190015019,'1178958',1004,,2944,25,,,0
190015019,'1179073',1334,,2945,25,,,0
190015019,'1179089',1204,,2947,25,,,0
190015019,'1179095',1704,,2948,25,,,0
190015019,'1179152',934,,2949,25,,,0
190015019,'1179170',804,,2951,25,,,0
190015019,'1179226',1804,,2952,25,,,0
190015019,'1179241',1834,,2953,25,0,12,0
190015019,'1179329',1634,,2954,25,,,0
190015019,'1179378',2004,,2955,25,,,0
190015019,'1179382',1734,,2956,25,,,0
190015019,'1179414',1504,,2957,25,,,0
190015019,'1179456',1534,,2958,25,,,0
190015019,'1179465',1604,,2959,25,,,0
190015019,'1179480',1304,,2960,25,,,0
190015019,'1179489',1234,,2961,25,,,0
190015019,'1179491',1104,,2962,25,,,0
190015019,'1179501',1034,,2963,25,,,0
190015019,'1179560',2104,,2964,25,,,0
190015019,'1179563',1404,,2965,25,,,0
190015019,'1179576',1904,,2966,25,,,0
190015019,'1179602',834,,2967,25,,,0
190015019,'1179633',734,,2968,25,,,0
190015019,'1179652',904,,2970,25,,,0
190015019,'1179679',1434,,2971,25,,,0
190015019,'1179716',704,,2972,25,,,0
190015019,'1179791',2104,,2973,25,,,0
190015019,'1179793',704,,2974,25,,,0
190015019,'1179804',704,,2975,25,,,0
190015019,'1179812',1104,,2976,25,,,0
190015019,'1179819',804,,2977,25,,,0
190015019,'1179825',1204,,2978,25,,,0
190015019,'1179856',834,,2980,25,,,0
190015019,'1179872',804,,2981,25,,,0
190015019,'1179885',1634,,2982,25,,,0
190015019,'1179887',1404,,2983,25,,,0
190015019,'1179898',1504,,2984,25,,,0
190015019,'1179909',1004,,2985,25,,,0
190015019,'1179919',1804,,2986,25,,,0
190015019,'1179920',904,,2987,25,,,0
190015019,'1179923',1434,,2988,25,,,0
190015019,'1179931',2104,,2989,25,,,0
190015019,'1179934',1834,,2990,25,0,12,0
190015019,'1179935',1704,,2991,25,,,0
190015019,'1179940',1134,,2992,25,,,0
190015019,'1179952',1204,,2993,25,,,0
190015019,'1179960',1304,,2994,25,,,0
190015019,'1179961',1504,,2995,25,,,0
190015019,'1179980',1034,,2997,25,,,0
190015019,'1179982',1734,,2998,25,,,0
190015019,'1179992',1534,,2999,25,,,0
190015019,'1179995',1104,,3000,25,,,0
190015019,'1179999',1234,,3001,25,,,0
190015019,'1180013',1904,,3002,25,,,0
190015019,'1180014',2004,,3003,25,,,0
190015019,'1180015',934,,3004,25,,,0
190015019,'1180016',2004,,3005,25,,,0
190015019,'1180026',1904,,3007,25,,,0
190015019,'1180029',1004,,3008,25,,,0
190015019,'1180044',1604,,3009,25,,,0
190015019,'1180058',1334,,3011,25,,,0
190015019,'1180059',1704,,3012,25,,,0
190015019,'1180068',1804,,3013,25,,,0
190015019,'1180070',1604,,3014,25,,,0
190015019,'1180075',904,,3015,25,,,0
190015019,'1180077',1304,,3016,25,,,0
190015019,'1180080',734,,3017,25,,,0
190015019,'1180081',1404,,3018,25,,,0
190017019,'1178932',934,,3019,33,,,0
190017019,'1179000',2204,,3021,33,0,8 21,0
190017019,'1179014',1834,,3022,33,0,8 21,0
190017019,'1179016',634,,3023,33,,,0
190017019,'1179092',704,,3025,33,,,0
190017019,'1179151',1904,,3026,33,,,0
190017019,'1179161',1734,,3027,33,,,0
190017019,'1179277',834,,3028,33,,,0
190017019,'1179427',1304,,3032,33,,,0
190017019,'1179455',1404,,3033,33,,,0
190017019,'1179519',1804,,3035,33,,,0
190017019,'1179529',2304,,3036,33,0,8 21,0
190017019,'1179533',734,,3037,33,,,0
190017019,'1179573',1204,,3039,33,,,0
190017019,'1179579',1104,,3040,33,,,0
190017019,'1179599',2104,,3041,33,,,0
190017019,'1179610',2004,,3042,33,,,0
190017019,'1179626',1634,,3043,33,,,0
190017019,'1179667',804,,3044,33,,,0
190017019,'1179680',1604,,3045,33,,,0
190017019,'1179683',904,,3046,33,,,0
190017019,'1179686',1504,,3047,33,,,0
190017019,'1179699',1004,,3048,33,,,0
190017019,'1179710',1704,,3049,33,,,0
190017019,'1179790',1204,,3050,32,,,0
190017019,'1179796',1404,,3051,32,,,0
190017019,'1179813',2304,,3052,32,0,8 21,0
190017019,'1179821',1504,,3053,32,,,0
190017019,'1179824',634,,3054,32,,,0
190017019,'1179832',1104,,3055,32,,,0
190017019,'1179843',904,,3056,32,,,0
190017019,'1179845',2104,,3057,32,,,0
190017019,'1179847',2204,,3058,32,0,8 21,0
190017019,'1179859',1704,,3060,32,,,0
190017019,'1179863',1004,,3061,32,,,0
190017019,'1179870',834,,3062,32,,,0
190017019,'1179874',1304,,3063,32,,,0
190017019,'1179876',1904,,3064,32,,,0
190017019,'1179884',1634,,3065,32,,,0
190017019,'1179891',1604,,3066,32,,,0
190017019,'1179895',1834,,3067,32,0,8 21,0
190017019,'1179896',804,,3068,32,,,0
190017019,'1179899',1604,,3069,32,,,0
190017019,'1179905',704,,3070,32,,,0
190017019,'1179912',2104,,3071,32,,,0
190017019,'1179917',1804,,3072,32,,,0
190017019,'1179922',1404,,3073,32,,,0
190017019,'1179924',1504,,3074,32,,,0
190017019,'1179953',2204,,3078,32,0,8 21,0
190017019,'1179955',904,,3079,32,,,0
190017019,'1179971',1304,,3080,32,,,0
190017019,'1179977',1904,,3081,32,,,0
190017019,'1179978',1104,,3082,32,,,0
190017019,'1179979',1734,,3083,32,,,0
190017019,'1179986',804,,3084,32,,,0
190017019,'1179987',1004,,3085,32,,,0
190017019,'1179994',1704,,3086,32,,,0
190017019,'1180001',934,,3087,32,,,0
190017019,'1180005',704,,3089,32,,,0
190017019,'1180041',2304,,3091,32,0,8 21,0
190017019,'1180050',2004,,3092,32,,,0
190017019,'1180055',1204,,3093,32,,,0
190017019,'1180056',1804,,3094,32,,,0
190017019,'1180065',2004,,3095,32,,,0
190017019,'1180069',734,,3096,32,,,0
