150029,'1178980',1104,,2388,10,,,0
150029,'1179059',904,,2389,10,,,0
150029,'1179210',1304,,2390,10,,,0
150029,'1179274',1704,,2391,10,,,0
150029,'1179311',1004,,2392,10,,,0
150029,'1179362',1604,,2393,10,,,0
150029,'1179450',1404,,2394,10,,,0
150029,'1179616',1204,,2395,10,,,0
150029,'1179674',1504,,2396,10,,,0
150029,'1179828',1004,,2397,10,,,0
150029,'1179915',1204,,2398,10,,,0
150029,'1179932',904,,2399,10,,,0
150029,'1179948',1504,,2400,10,,,0
150029,'1179983',1304,,2401,10,,,0
150029,'1180009',1104,,2402,10,,,0
150029,'1180017',1704,,2403,10,,,0
150029,'1180040',1604,,2404,10,,,0
150029,'1180079',1404,,2405,10,,,0
190015019,'1178937',1151,,2942,35,,,0
190015019,'1178958',1021,,2944,35,,,0
190015019,'1179073',1351,,2945,35,,,0
190015019,'1179083',621,,2946,10,,,0
190015019,'1179089',1221,,2947,35,,,0
190015019,'1179095',1721,,2948,35,,,0
190015019,'1179152',951,,2949,35,,,0
190015019,'1179170',821,,2951,35,,,0
190015019,'1179226',1821,,2952,35,,,0
190015019,'1179329',1651,,2954,35,,,0
190015019,'1179378',2021,,2955,35,,,0
190015019,'1179382',1751,,2956,35,,,0
190015019,'1179414',1521,,2957,35,,,0
190015019,'1179456',1551,,2958,35,,,0
190015019,'1179465',1621,,2959,35,,,0
190015019,'1179480',1321,,2960,35,,,0
190015019,'1179489',1251,,2961,35,,,0
190015019,'1179491',1121,,2962,35,,,0
190015019,'1179501',1051,,2963,35,,,0
190015019,'1179560',2121,,2964,35,,,0
190015019,'1179563',1421,,2965,35,,,0
190015019,'1179576',1921,,2966,35,,,0
190015019,'1179602',851,,2967,35,,,0
190015019,'1179633',751,,2968,35,,,0
190015019,'1179637',651,,2969,10,,,0
190015019,'1179652',921,,2970,35,,,0
190015019,'1179679',1451,,2971,35,,,0
190015019,'1179716',721,,2972,35,,,0
190015019,'1179791',2121,,2973,35,,,0
190015019,'1179793',721,,2974,35,,,0
190015019,'1179804',721,,2975,35,,,0
190015019,'1179812',1121,,2976,35,,,0
190015019,'1179819',821,,2977,35,,,0
190015019,'1179825',1221,,2978,35,,,0
190015019,'1179856',851,,2980,35,,,0
190015019,'1179872',821,,2981,35,,,0
190015019,'1179885',1651,,2982,35,,,0
190015019,'1179887',1421,,2983,35,,,0
190015019,'1179898',1521,,2984,35,,,0
190015019,'1179909',1021,,2985,35,,,0
190015019,'1179919',1821,,2986,35,,,0
190015019,'1179920',921,,2987,35,,,0
190015019,'1179923',1451,,2988,35,,,0
190015019,'1179931',2121,,2989,35,,,0
190015019,'1179935',1721,,2991,35,,,0
190015019,'1179940',1151,,2992,35,,,0
190015019,'1179952',1221,,2993,35,,,0
190015019,'1179960',1321,,2994,35,,,0
190015019,'1179961',1521,,2995,35,,,0
190015019,'1179980',1051,,2997,35,,,0
190015019,'1179982',1751,,2998,35,,,0
190015019,'1179992',1551,,2999,35,,,0
190015019,'1179995',1121,,3000,35,,,0
190015019,'1179999',1251,,3001,35,,,0
190015019,'1180013',1921,,3002,35,,,0
190015019,'1180014',2021,,3003,35,,,0
190015019,'1180015',951,,3004,35,,,0
190015019,'1180016',2021,,3005,35,,,0
190015019,'1180026',1921,,3007,35,,,0
190015019,'1180029',1021,,3008,35,,,0
190015019,'1180044',1621,,3009,35,,,0
190015019,'1180058',1351,,3011,35,,,0
190015019,'1180059',1721,,3012,35,,,0
190015019,'1180068',1821,,3013,35,,,0
190015019,'1180070',1621,,3014,35,,,0
190015019,'1180075',921,,3015,35,,,0
190015019,'1180077',1321,,3016,35,,,0
190015019,'1180080',751,,3017,35,,,0
190015019,'1180081',1421,,3018,35,,,0
