110029,'1178926',1311,,2248,30,,,0
110029,'1179044',911,,2249,30,,,0
110029,'1179118',1111,,2250,30,,,0
110029,'1179173',1211,,2251,30,,,0
110029,'1179459',1711,,2252,30,,,0
110029,'1179534',1411,,2253,30,,,0
110029,'1179542',1611,,2254,30,,,0
110029,'1179690',1011,,2255,30,,,0
110029,'1179707',1511,,2256,30,,,0
130029,'1178925',1514,,2343,28,,,0
130029,'1178989',1414,,2344,28,,,0
130029,'1179023',1614,,2345,28,,,0
130029,'1179120',1714,,2346,28,,,0
130029,'1179168',1314,,2347,28,,,0
130029,'1179423',914,,2348,28,,,0
130029,'1179469',1214,,2349,28,,,0
130029,'1179639',1014,,2350,28,,,0
130029,'1179657',1114,,2351,28,,,0
150029,'1179828',1031,,2397,38,,,0
150029,'1179915',1231,,2398,38,,,0
150029,'1179932',931,,2399,38,,,0
150029,'1179948',1531,,2400,38,,,0
150029,'1179983',1331,,2401,38,,,0
150029,'1180009',1131,,2402,38,,,0
150029,'1180017',1731,,2403,38,,,0
150029,'1180040',1631,,2404,38,,,0
150029,'1180079',1431,,2405,38,,,0
200029,'1179807',1017,,2461,28,,,0
200029,'1179834',1417,,2462,28,,,0
200029,'1179867',1717,,2463,28,,,0
200029,'1179877',1217,,2464,28,,,0
200029,'1179888',1617,,2465,28,,,0
200029,'1179893',1317,,2466,28,,,0
200029,'1179998',1517,,2467,28,,,0
200029,'1180053',917,,2468,18,,,0
200029,'1180064',1117,,2469,28,,,0
190011019,'1178945',1606,,2848,30,,,0
190011019,'1178950',806,,2849,54,,,0
190011019,'1178970',1936,,2850,54,,,0
190011019,'1179040',2136,,2852,54,,,0
190011019,'1179064',1106,,2853,30,,,0
190011019,'1179145',936,,2854,54,,,0
190011019,'1179146',1206,,2855,30,,,0
190011019,'1179159',1836,,2856,54,,,0
190011019,'1179163',836,,2858,54,,,0
190011019,'1179248',736,,2859,54,,,0
190011019,'1179252',1836,,2860,54,,,0
190011019,'1179276',2036,,2861,54,,,0
190011019,'1179307',736,,2862,54,,,0
190011019,'1179317',1306,,2863,30,,,0
190011019,'1179332',1136,,2864,55,,,0
190011019,'1179340',936,,2865,54,,,0
190011019,'1179367',1806,,2866,54,,,0
190011019,'1179375',1506,,2867,30,,,0
190011019,'1179393',1706,,2868,30,,,0
190011019,'1179394',2236,,2869,54,,,0
190011019,'1179413',1336,,2871,55,,,0
190011019,'1179424',2236,,2872,54,,,0
190011019,'1179426',1436,,2873,55,,,0
190011019,'1179430',1636,,2874,55,,,0
190011019,'1179437',1136,,2875,55,,,0
190011019,'1179438',1636,,2876,55,,,0
190011019,'1179442',1936,,2877,54,,,0
190011019,'1179477',836,,2878,54,,,0
190011019,'1179521',1436,,2879,55,,,0
190011019,'1179528',1236,,2880,55,,,0
190011019,'1179530',706,,2881,30,,,0
190011019,'1179555',2036,,2882,54,,,0
190011019,'1179572',1236,,2883,55,,,0
190011019,'1179590',1536,,2884,55,,,0
190011019,'1179619',1736,,2885,54,,,0
190011019,'1179642',1036,,2886,54,,,0
190011019,'1179650',1336,,2887,55,,,0
190011019,'1179665',636,,2888,33,,,0
190011019,'1179666',906,,2889,54,,,0
190011019,'1179672',1406,,2890,30,,,0
190011019,'1179677',2136,,2891,54,,,0
190011019,'1179678',1006,,2892,54,,,0
190011019,'1179688',1736,,2893,54,,,0
190011019,'1179700',1536,,2894,55,,,0
190011019,'1179709',1036,,2895,54,,,0
190013019,'1178916',1705,,2896,60,,,0
190013019,'1178919',2035,,2897,60,,,0
190013019,'1178920',1205,,2898,60,,,0
190013019,'1178929',835,,2899,60,,,0
190013019,'1178930',1735,,2900,60,,,0
190013019,'1178972',2035,,2901,60,,,0
190013019,'1178983',1305,,2902,60,,,0
190013019,'1178994',2235,,2903,60,,,0
190013019,'1178997',1235,,2904,60,,,0
190013019,'1179048',1605,,2905,60,,,0
190013019,'1179062',1635,,2906,60,,,0
190013019,'1179074',1405,,2907,60,,,0
190013019,'1179087',1335,,2908,60,,,0
190013019,'1179104',1105,,2909,60,,,0
190013019,'1179187',935,,2911,60,,,0
190013019,'1179202',1135,,2912,60,,,0
190013019,'1179203',1035,,2913,60,,,0
190013019,'1179212',1535,,2914,60,,,0
190013019,'1179219',1335,,2915,60,,,0
190013019,'1179243',835,,2916,60,,,0
190013019,'1179287',2235,,2917,60,,,0
190013019,'1179292',1135,,2918,60,,,0
190013019,'1179300',805,,2919,60,,,0
190013019,'1179354',635,,2920,28,,,0
190013019,'1179373',1035,,2921,60,,,0
190013019,'1179380',1435,,2922,60,,,0
190013019,'1179402',1435,,2923,60,,,0
190013019,'1179411',1505,,2924,60,,,0
190013019,'1179457',1935,,2925,60,,,0
190013019,'1179504',735,,2926,60,,,0
190013019,'1179507',1005,,2927,60,,,0
190013019,'1179509',1235,,2928,60,,,0
190013019,'1179516',1635,,2929,60,,,0
190013019,'1179531',2135,,2930,60,,,0
190013019,'1179537',935,,2931,60,,,0
190013019,'1179539',1835,,2932,60,,,0
190013019,'1179546',735,,2933,60,,,0
190013019,'1179553',1935,,2934,60,,,0
190013019,'1179581',705,,2935,28,,,0
190013019,'1179591',1735,,2936,60,,,0
190013019,'1179611',1805,,2937,60,,,0
190013019,'1179635',1535,,2938,60,,,0
190013019,'1179694',905,,2939,60,,,0
190013019,'1179701',2135,,2940,60,,,0
190013019,'1179717',1835,,2941,60,,,0
190017019,'1179790',1231,,3050,49,,,0
190017019,'1179796',1431,,3051,49,,,0
190017019,'1179821',1531,,3053,49,,,0
190017019,'1179824',701,,3054,49,,,0
190017019,'1179832',1131,,3055,49,,,0
190017019,'1179843',931,,3056,49,,,0
190017019,'1179845',2131,,3057,49,,,0
190017019,'1179849',1201,,3059,17,,,0
190017019,'1179859',1731,,3060,49,,,0
190017019,'1179863',1031,,3061,49,,,0
190017019,'1179870',901,,3062,49,,,0
190017019,'1179874',1331,,3063,49,,,0
190017019,'1179876',1931,,3064,49,,,0
190017019,'1179884',1701,,3065,49,,,0
190017019,'1179891',1631,,3066,49,,,0
190017019,'1179896',831,,3068,49,,,0
190017019,'1179899',1631,,3069,49,,,0
190017019,'1179905',731,,3070,49,,,0
190017019,'1179912',2131,,3071,49,,,0
190017019,'1179917',1831,,3072,49,,,0
190017019,'1179922',1431,,3073,49,,,0
190017019,'1179924',1531,,3074,49,,,0
190017019,'1179925',1601,,3075,17,,,0
190017019,'1179941',1301,,3076,17,,,0
190017019,'1179949',631,,3077,17,,,0
190017019,'1179955',931,,3079,49,,,0
190017019,'1179971',1331,,3080,49,,,0
190017019,'1179977',1931,,3081,49,,,0
190017019,'1179978',1131,,3082,49,,,0
190017019,'1179979',1801,,3083,49,,,0
190017019,'1179986',831,,3084,49,,,0
190017019,'1179987',1031,,3085,49,,,0
190017019,'1179994',1731,,3086,49,,,0
190017019,'1180001',1001,,3087,49,,,0
190017019,'1180002',1501,,3088,17,,,0
190017019,'1180005',731,,3089,49,,,0
190017019,'1180033',1401,,3090,17,,,0
190017019,'1180050',2031,,3092,49,,,0
190017019,'1180055',1231,,3093,49,,,0
190017019,'1180056',1831,,3094,49,,,0
190017019,'1180065',2031,,3095,49,,,0
190017019,'1180069',801,,3096,49,,,0
190017019,'1180074',1101,,3097,17,,,0
