140029,'1178990',1427,,2361,7,,,0
140029,'1179039',1127,,2362,7,,,0
140029,'1179106',1027,,2363,7,,,0
140029,'1179281',1327,,2364,7,,,0
140029,'1179335',1627,,2365,7,,,0
140029,'1179461',1727,,2366,7,,,0
140029,'1179478',1527,,2367,7,,,0
140029,'1179522',1227,,2368,7,,,0
140029,'1179651',927,,2369,7,,,0
140029,'1179802',1527,,2370,6,,,0
140029,'1179837',1327,,2371,6,,,0
140029,'1179865',1727,,2372,6,,,0
140029,'1179930',1227,,2373,6,,,0
140029,'1179947',1627,,2374,6,,,0
140029,'1179984',1427,,2375,6,,,0
140029,'1180047',927,,2376,6,,,0
140029,'1180060',1027,,2377,6,,,0
140029,'1180076',1127,,2378,6,,,0
190015019,'1178937',1118,,2942,6,,,0
190015019,'1178938',2248,,2943,6,0,12,0
190015019,'1178958',948,,2944,6,,,0
190015019,'1179073',1318,,2945,6,,,0
190015019,'1179089',1148,,2947,6,,,0
190015019,'1179095',1648,,2948,6,,,0
190015019,'1179152',918,,2949,6,,,0
190015019,'1179165',2148,,2950,6,0,12,0
190015019,'1179170',748,,2951,6,,,0
190015019,'1179226',1748,,2952,6,,,0
190015019,'1179241',1818,,2953,6,0,12,0
190015019,'1179329',1618,,2954,6,,,0
190015019,'1179378',1948,,2955,6,,,0
190015019,'1179382',1718,,2956,6,,,0
190015019,'1179414',1448,,2957,6,,,0
190015019,'1179456',1518,,2958,6,,,0
190015019,'1179465',1548,,2959,6,,,0
190015019,'1179480',1248,,2960,6,,,0
190015019,'1179489',1218,,2961,6,,,0
190015019,'1179491',1048,,2962,6,,,0
190015019,'1179501',1018,,2963,6,,,0
190015019,'1179560',2048,,2964,6,,,0
190015019,'1179563',1348,,2965,6,,,0
190015019,'1179576',1848,,2966,6,,,0
190015019,'1179602',818,,2967,6,,,0
190015019,'1179633',718,,2968,6,,,0
190015019,'1179652',848,,2970,6,,,0
190015019,'1179679',1418,,2971,6,,,0
190015019,'1179716',648,,2972,6,,,0
190015019,'1179791',2048,,2973,6,,,0
190015019,'1179793',648,,2974,6,,,0
190015019,'1179804',648,,2975,6,,,0
190015019,'1179812',1048,,2976,6,,,0
190015019,'1179819',748,,2977,6,,,0
190015019,'1179825',1148,,2978,6,,,0
190015019,'1179846',2148,,2979,6,0,12,0
190015019,'1179856',818,,2980,6,,,0
190015019,'1179872',748,,2981,6,,,0
190015019,'1179885',1618,,2982,6,,,0
190015019,'1179887',1348,,2983,6,,,0
190015019,'1179898',1448,,2984,6,,,0
190015019,'1179909',948,,2985,6,,,0
190015019,'1179919',1748,,2986,6,,,0
190015019,'1179920',848,,2987,6,,,0
190015019,'1179923',1418,,2988,6,,,0
190015019,'1179931',2048,,2989,6,,,0
190015019,'1179934',1818,,2990,6,0,12,0
190015019,'1179935',1648,,2991,6,,,0
190015019,'1179940',1118,,2992,6,,,0
190015019,'1179952',1148,,2993,6,,,0
190015019,'1179960',1248,,2994,6,,,0
190015019,'1179961',1448,,2995,6,,,0
190015019,'1179972',2248,,2996,6,0,12,0
190015019,'1179980',1018,,2997,6,,,0
190015019,'1179982',1718,,2998,6,,,0
190015019,'1179992',1518,,2999,6,,,0
190015019,'1179995',1048,,3000,6,,,0
190015019,'1179999',1218,,3001,6,,,0
190015019,'1180013',1848,,3002,6,,,0
190015019,'1180014',1948,,3003,6,,,0
190015019,'1180015',918,,3004,6,,,0
190015019,'1180016',1948,,3005,6,,,0
190015019,'1180021',2248,,3006,6,0,12,0
190015019,'1180026',1848,,3007,6,,,0
190015019,'1180029',948,,3008,6,,,0
190015019,'1180044',1548,,3009,6,,,0
190015019,'1180045',2148,,3010,6,0,12,0
190015019,'1180058',1318,,3011,6,,,0
190015019,'1180059',1648,,3012,6,,,0
190015019,'1180068',1748,,3013,6,,,0
190015019,'1180070',1548,,3014,6,,,0
190015019,'1180075',848,,3015,6,,,0
190015019,'1180077',1248,,3016,6,,,0
190015019,'1180080',718,,3017,6,,,0
190015019,'1180081',1348,,3018,6,,,0
