200019,'1179038',1443,,2433,12,,,0
200019,'1179081',1643,,2434,12,,,0
200019,'1179174',943,,2435,12,,,0
200019,'1179259',1143,,2436,12,,,0
200019,'1179289',1543,,2437,12,,,0
200019,'1179460',1743,,2438,12,,,0
200019,'1179585',1043,,2439,12,,,0
200019,'1179594',1343,,2440,12,,,0
200019,'1179655',1243,,2441,12,,,0
200019,'1179798',1343,,2442,12,,,0
200019,'1179810',1543,,2443,12,,,0
200019,'1179901',1143,,2444,12,,,0
200019,'1179903',1743,,2445,12,,,0
200019,'1179911',1443,,2446,12,,,0
200019,'1179939',1043,,2447,12,,,0
200019,'1179968',1643,,2448,12,,,0
200019,'1179973',943,,2449,12,,,0
200019,'1180054',1243,,2450,12,,,0
140016019,'1178912',1656,,2772,14,,,0
140016019,'1178941',756,,2773,14,,,0
140016019,'1179017',1226,,2775,14,0,8 21,0
140016019,'1179077',1726,,2777,14,,,0
140016019,'1179112',1856,,2778,14,,,0
140016019,'1179129',1156,,2779,14,,,0
140016019,'1179191',856,,2780,14,,,0
140016019,'1179254',1126,,2782,14,0,8 21,0
140016019,'1179256',826,,2783,14,,,0
140016019,'1179299',2156,,2785,14,,,0
140016019,'1179304',1256,,2786,14,,,0
140016019,'1179312',1556,,2787,14,,,0
140016019,'1179318',1756,,2788,14,,,0
140016019,'1179330',1956,,2789,14,,,0
140016019,'1179333',1356,,2790,14,,,0
140016019,'1179351',926,,2791,14,0,8 21,0
140016019,'1179357',1056,,2792,14,,,0
140016019,'1179371',1456,,2793,14,,,0
140016019,'1179389',1626,,2794,14,,,0
140016019,'1179503',1426,,2796,14,0,8 21,0
140016019,'1179517',1526,,2797,14,,,0
140016019,'1179536',726,,2798,14,,,0
140016019,'1179538',656,,2799,14,,,0
140016019,'1179562',1326,,2800,14,0,8 21,0
140016019,'1179569',1826,,2801,14,0,8 21,0
140016019,'1179601',2056,,2802,14,,,0
140016019,'1179663',956,,2803,14,,,0
140016019,'1179681',1026,,2804,14,0,8 21,0
140016019,'1179792',857,,2805,14,,,0
140016019,'1179800',1657,,2806,14,,,0
140016019,'1179808',1857,,2807,14,,,0
140016019,'1179822',1527,,2808,14,,,0
140016019,'1179827',827,,2809,14,,,0
140016019,'1179831',1557,,2810,14,,,0
140016019,'1179835',2157,,2811,14,,,0
140016019,'1179839',1327,,2812,14,0,8 21,0
140016019,'1179842',1127,,2813,14,0,8 21,0
140016019,'1179862',927,,2814,14,0,8 21,0
140016019,'1179868',1627,,2815,14,,,0
140016019,'1179875',1057,,2816,14,,,0
140016019,'1179881',1827,,2817,14,0,8 21,0
140016019,'1179886',1357,,2818,14,,,0
140016019,'1179897',1027,,2819,14,0,8 21,0
140016019,'1179904',1227,,2820,14,0,8 21,0
140016019,'1179907',1657,,2821,14,,,0
140016019,'1179913',1727,,2822,14,,,0
140016019,'1179926',1257,,2823,14,,,0
140016019,'1179938',1457,,2824,14,,,0
140016019,'1179943',2057,,2825,14,,,0
140016019,'1179945',757,,2826,14,,,0
140016019,'1179958',1357,,2827,14,,,0
140016019,'1179963',1757,,2828,14,,,0
140016019,'1179974',957,,2829,14,,,0
140016019,'1179976',657,,2830,14,,,0
140016019,'1179989',857,,2831,14,,,0
140016019,'1179991',1457,,2832,14,,,0
140016019,'1179997',1557,,2833,14,,,0
140016019,'1180006',957,,2834,14,,,0
140016019,'1180012',1857,,2835,14,,,0
140016019,'1180018',1057,,2836,14,,,0
140016019,'1180019',2157,,2837,14,,,0
140016019,'1180020',1957,,2838,14,,,0
140016019,'1180023',1257,,2839,14,,,0
140016019,'1180024',727,,2840,14,,,0
140016019,'1180028',757,,2841,14,,,0
140016019,'1180031',1957,,2842,14,,,0
140016019,'1180048',2057,,2843,14,,,0
140016019,'1180057',1757,,2844,14,,,0
140016019,'1180062',1427,,2845,14,0,8 21,0
140016019,'1180072',1157,,2846,14,,,0
140016019,'1180078',1157,,2847,14,,,0
