130029,'1178925',1509,,2343,20,,,0
130029,'1178989',1409,,2344,20,,,0
130029,'1179023',1609,,2345,20,,,0
130029,'1179120',1709,,2346,20,,,0
130029,'1179168',1309,,2347,20,,,0
130029,'1179423',909,,2348,20,,,0
130029,'1179469',1209,,2349,20,,,0
130029,'1179639',1009,,2350,20,,,0
130029,'1179657',1109,,2351,20,,,0
190013019,'1178916',1700,,2896,52,,,0
190013019,'1178919',2030,,2897,52,,,0
190013019,'1178920',1200,,2898,52,,,0
190013019,'1178929',830,,2899,52,,,0
190013019,'1178930',1730,,2900,52,,,0
190013019,'1178972',2030,,2901,52,,,0
190013019,'1178983',1300,,2902,52,,,0
190013019,'1178994',2230,,2903,52,,,0
190013019,'1178997',1230,,2904,52,,,0
190013019,'1179048',1600,,2905,52,,,0
190013019,'1179062',1630,,2906,52,,,0
190013019,'1179074',1400,,2907,52,,,0
190013019,'1179087',1330,,2908,52,,,0
190013019,'1179104',1100,,2909,52,,,0
190013019,'1179187',930,,2911,52,,,0
190013019,'1179202',1130,,2912,52,,,0
190013019,'1179203',1030,,2913,52,,,0
190013019,'1179212',1530,,2914,52,,,0
190013019,'1179219',1330,,2915,52,,,0
190013019,'1179243',830,,2916,52,,,0
190013019,'1179287',2230,,2917,52,,,0
190013019,'1179292',1130,,2918,52,,,0
190013019,'1179300',800,,2919,52,,,0
190013019,'1179354',630,,2920,20,,,0
190013019,'1179373',1030,,2921,52,,,0
190013019,'1179380',1430,,2922,52,,,0
190013019,'1179402',1430,,2923,52,,,0
190013019,'1179411',1500,,2924,52,,,0
190013019,'1179457',1930,,2925,52,,,0
190013019,'1179504',730,,2926,52,,,0
190013019,'1179507',1000,,2927,52,,,0
190013019,'1179509',1230,,2928,52,,,0
190013019,'1179516',1630,,2929,52,,,0
190013019,'1179531',2130,,2930,52,,,0
190013019,'1179537',930,,2931,52,,,0
190013019,'1179539',1830,,2932,52,,,0
190013019,'1179546',730,,2933,52,,,0
190013019,'1179553',1930,,2934,52,,,0
190013019,'1179581',700,,2935,20,,,0
190013019,'1179591',1730,,2936,52,,,0
190013019,'1179611',1800,,2937,52,,,0
190013019,'1179635',1530,,2938,52,,,0
190013019,'1179694',900,,2939,52,,,0
190013019,'1179701',2130,,2940,52,,,0
190013019,'1179717',1830,,2941,52,,,0
