140019,'1178969',1354,,2352,37,,,0
140019,'1178977',1554,,2353,37,,,0
140019,'1179164',1654,,2354,37,,,0
140019,'1179344',1454,,2355,37,,,0
140019,'1179352',954,,2356,37,,,0
140019,'1179462',1254,,2357,37,,,0
140019,'1179512',1154,,2358,37,,,0
140019,'1179518',1054,,2359,37,,,0
140019,'1179634',1807,,2360,37,,,0
140014019,'1178954',1635,,2725,44,,,0
140014019,'1178955',1205,,2726,44,,,0
140014019,'1178974',1035,,2727,44,,,0
140014019,'1179007',1833,,2728,44,,,0
140014019,'1179027',1535,,2729,44,,,0
140014019,'1179052',833,,2730,44,,,0
140014019,'1179079',805,,2731,44,,,0
140014019,'1179080',1533,,2732,44,,,0
140014019,'1179082',905,,2733,44,,,0
140014019,'1179084',735,,2734,44,,,0
140014019,'1179111',2235,,2735,44,,,0
140014019,'1179143',835,,2736,44,,,0
140014019,'1179200',1305,,2737,44,,,0
140014019,'1179207',1805,,2738,44,,,0
140014019,'1179221',1433,,2739,44,,,0
140014019,'1179271',1235,,2740,44,,,0
140014019,'1179298',1733,,2741,44,,,0
140014019,'1179320',1505,,2742,44,,,0
140014019,'1179323',1033,,2743,44,,,0
140014019,'1179337',633,,2744,16,,,0
140014019,'1179350',933,,2745,44,,,0
140014019,'1179353',1835,,2746,44,,,0
140014019,'1179366',2033,,2747,44,,,0
140014019,'1179392',1633,,2748,44,,,0
140014019,'1179403',1935,,2749,44,,,0
140014019,'1179417',733,,2750,23,,,0
140014019,'1179433',1435,,2751,44,,,0
140014019,'1179443',1005,,2752,44,,,0
140014019,'1179446',1233,,2753,44,,,0
140014019,'1179449',1105,,2754,44,,,0
140014019,'1179493',1135,,2755,44,,,0
140014019,'1179513',635,,2756,16,,,0
140014019,'1179524',1735,,2757,44,,,0
140014019,'1179535',1405,,2758,44,,,0
140014019,'1179547',1333,,2759,44,,,0
140014019,'1179550',705,,2760,23,,,0
140014019,'1179561',1605,,2762,44,,,0
140014019,'1179577',1335,,2763,44,,,0
140014019,'1179598',2135,,2764,44,,,0
140014019,'1179600',2233,,2765,44,,,0
140014019,'1179608',1933,,2766,44,,,0
140014019,'1179636',1705,,2767,44,,,0
140014019,'1179638',935,,2768,44,,,0
140014019,'1179648',2035,,2769,44,,,0
140014019,'1179654',2133,,2770,44,,,0
140014019,'1179662',1133,,2771,44,,,0
