120019,'1178966',1348,,2316,29,,,0
120019,'1178998',1548,,2317,29,,,0
120019,'1179031',1648,,2318,29,,,0
120019,'1179149',1448,,2319,29,,,0
120019,'1179182',1148,,2320,29,,,0
120019,'1179282',948,,2321,29,,,0
120019,'1179296',1801,,2322,29,,,0
120019,'1179596',1048,,2323,29,,,0
120019,'1179628',1248,,2324,29,,,0
140016019,'1179063',723,,2776,10,,,0
140016019,'1179792',923,,2805,30,,,0
140016019,'1179800',1723,,2806,30,,,0
140016019,'1179808',1923,,2807,30,,,0
140016019,'1179822',1553,,2808,30,,,0
140016019,'1179827',853,,2809,30,,,0
140016019,'1179831',1623,,2810,30,,,0
140016019,'1179835',2223,,2811,30,,,0
140016019,'1179868',1653,,2815,30,,,0
140016019,'1179875',1123,,2816,30,,,0
140016019,'1179886',1423,,2818,30,,,0
140016019,'1179907',1723,,2821,30,,,0
140016019,'1179913',1753,,2822,30,,,0
140016019,'1179926',1323,,2823,30,,,0
140016019,'1179938',1523,,2824,30,,,0
140016019,'1179943',2123,,2825,30,,,0
140016019,'1179945',823,,2826,30,,,0
140016019,'1179958',1423,,2827,30,,,0
140016019,'1179963',1823,,2828,30,,,0
140016019,'1179974',1023,,2829,30,,,0
140016019,'1179976',723,,2830,30,,,0
140016019,'1179989',923,,2831,30,,,0
140016019,'1179991',1523,,2832,30,,,0
140016019,'1179997',1623,,2833,30,,,0
140016019,'1180006',1023,,2834,30,,,0
140016019,'1180012',1923,,2835,30,,,0
140016019,'1180018',1123,,2836,30,,,0
140016019,'1180019',2223,,2837,30,,,0
140016019,'1180020',2023,,2838,30,,,0
140016019,'1180023',1323,,2839,30,,,0
140016019,'1180024',753,,2840,30,,,0
140016019,'1180028',823,,2841,30,,,0
140016019,'1180031',2023,,2842,30,,,0
140016019,'1180048',2123,,2843,30,,,0
140016019,'1180057',1823,,2844,30,,,0
140016019,'1180072',1223,,2846,30,,,0
140016019,'1180078',1223,,2847,30,,,0
