200019,'1179798',1410,,2442,26,,,0
200019,'1179810',1610,,2443,26,,,0
200019,'1179901',1210,,2444,26,,,0
200019,'1179903',1802,,2445,26,,,0
200019,'1179911',1510,,2446,26,,,0
200019,'1179939',1110,,2447,26,,,0
200019,'1179968',1710,,2448,26,,,0
200019,'1179973',1010,,2449,26,,,0
200019,'1180054',1310,,2450,26,,,0
190015019,'1179791',2053,,2973,13,,,0
190015019,'1179793',653,,2974,13,,,0
190015019,'1179804',653,,2975,13,,,0
190015019,'1179812',1053,,2976,13,,,0
190015019,'1179819',753,,2977,13,,,0
190015019,'1179825',1153,,2978,13,,,0
190015019,'1179846',2153,,2979,13,0,12,0
190015019,'1179856',823,,2980,13,,,0
190015019,'1179872',753,,2981,13,,,0
190015019,'1179885',1623,,2982,13,,,0
190015019,'1179887',1353,,2983,13,,,0
190015019,'1179898',1453,,2984,13,,,0
190015019,'1179909',953,,2985,13,,,0
190015019,'1179919',1753,,2986,13,,,0
190015019,'1179920',853,,2987,13,,,0
190015019,'1179923',1423,,2988,13,,,0
190015019,'1179931',2053,,2989,13,,,0
190015019,'1179934',1823,,2990,13,0,12,0
190015019,'1179935',1653,,2991,13,,,0
190015019,'1179940',1123,,2992,13,,,0
190015019,'1179952',1153,,2993,13,,,0
190015019,'1179960',1253,,2994,13,,,0
190015019,'1179961',1453,,2995,13,,,0
190015019,'1179972',2253,,2996,13,0,12,0
190015019,'1179980',1023,,2997,13,,,0
190015019,'1179982',1723,,2998,13,,,0
190015019,'1179992',1523,,2999,13,,,0
190015019,'1179995',1053,,3000,13,,,0
190015019,'1179999',1223,,3001,13,,,0
190015019,'1180013',1853,,3002,13,,,0
190015019,'1180014',1953,,3003,13,,,0
190015019,'1180015',923,,3004,13,,,0
190015019,'1180016',1953,,3005,13,,,0
190015019,'1180021',2253,,3006,13,0,12,0
190015019,'1180026',1853,,3007,13,,,0
190015019,'1180029',953,,3008,13,,,0
190015019,'1180044',1553,,3009,13,,,0
190015019,'1180045',2153,,3010,13,0,12,0
190015019,'1180058',1323,,3011,13,,,0
190015019,'1180059',1653,,3012,13,,,0
190015019,'1180068',1753,,3013,13,,,0
190015019,'1180070',1553,,3014,13,,,0
190015019,'1180075',853,,3015,13,,,0
190015019,'1180077',1253,,3016,13,,,0
190015019,'1180080',723,,3017,13,,,0
190015019,'1180081',1353,,3018,13,,,0
