120019,'1178966',1324,,2316,9,,,0
120019,'1178998',1524,,2317,9,,,0
120019,'1179031',1624,,2318,9,,,0
120019,'1179149',1424,,2319,9,,,0
120019,'1179182',1124,,2320,9,,,0
120019,'1179282',924,,2321,9,,,0
120019,'1179296',1724,,2322,9,,,0
120019,'1179596',1024,,2323,9,,,0
120019,'1179628',1224,,2324,9,,,0
190013019,'1178916',1615,,2896,9,,,0
190013019,'1178919',1945,,2897,9,,,0
190013019,'1178920',1115,,2898,9,,,0
190013019,'1178929',745,,2899,9,,,0
190013019,'1178930',1645,,2900,9,,,0
190013019,'1178972',1945,,2901,9,,,0
190013019,'1178983',1215,,2902,9,,,0
190013019,'1178994',2145,,2903,9,,,0
190013019,'1178997',1145,,2904,9,,,0
190013019,'1179048',1515,,2905,9,,,0
190013019,'1179062',1545,,2906,9,,,0
190013019,'1179074',1315,,2907,9,,,0
190013019,'1179087',1245,,2908,9,,,0
190013019,'1179104',1015,,2909,9,,,0
190013019,'1179171',1815,,2910,9,0,8 21,0
190013019,'1179187',845,,2911,9,,,0
190013019,'1179202',1045,,2912,9,,,0
190013019,'1179203',945,,2913,9,,,0
190013019,'1179212',1445,,2914,9,,,0
190013019,'1179219',1245,,2915,9,,,0
190013019,'1179243',745,,2916,9,,,0
190013019,'1179287',2145,,2917,9,,,0
190013019,'1179292',1045,,2918,9,,,0
190013019,'1179300',715,,2919,9,,,0
190013019,'1179373',945,,2921,9,,,0
190013019,'1179380',1345,,2922,9,,,0
190013019,'1179402',1345,,2923,9,,,0
190013019,'1179411',1415,,2924,9,,,0
190013019,'1179457',1845,,2925,9,,,0
190013019,'1179504',645,,2926,9,,,0
190013019,'1179507',915,,2927,9,,,0
190013019,'1179509',1145,,2928,9,,,0
190013019,'1179516',1545,,2929,9,,,0
190013019,'1179531',2045,,2930,9,,,0
190013019,'1179537',845,,2931,9,,,0
190013019,'1179539',1745,,2932,9,,,0
190013019,'1179546',645,,2933,9,,,0
190013019,'1179553',1845,,2934,9,,,0
190013019,'1179591',1645,,2936,9,,,0
190013019,'1179611',1715,,2937,9,,,0
190013019,'1179635',1445,,2938,9,,,0
190013019,'1179694',815,,2939,9,,,0
190013019,'1179701',2045,,2940,9,,,0
190013019,'1179717',1745,,2941,9,,,0
