120019,'1178966',1349,,2316,30,,,0
120019,'1178998',1549,,2317,30,,,0
120019,'1179031',1649,,2318,30,,,0
120019,'1179149',1449,,2319,30,,,0
120019,'1179182',1149,,2320,30,,,0
120019,'1179282',949,,2321,30,,,0
120019,'1179296',1802,,2322,30,,,0
120019,'1179596',1049,,2323,30,,,0
120019,'1179628',1249,,2324,30,,,0
140016019,'1178912',1723,,2772,31,,,0
140016019,'1178941',823,,2773,31,,,0
140016019,'1179063',723,,2776,11,,,0
140016019,'1179077',1753,,2777,31,,,0
140016019,'1179112',1923,,2778,31,,,0
140016019,'1179129',1223,,2779,31,,,0
140016019,'1179191',923,,2780,31,,,0
140016019,'1179256',853,,2783,31,,,0
140016019,'1179299',2223,,2785,31,,,0
140016019,'1179304',1323,,2786,31,,,0
140016019,'1179312',1623,,2787,31,,,0
140016019,'1179318',1823,,2788,31,,,0
140016019,'1179330',2023,,2789,31,,,0
140016019,'1179333',1423,,2790,31,,,0
140016019,'1179357',1123,,2792,31,,,0
140016019,'1179371',1523,,2793,31,,,0
140016019,'1179389',1653,,2794,31,,,0
140016019,'1179517',1553,,2797,31,,,0
140016019,'1179536',753,,2798,31,,,0
140016019,'1179538',723,,2799,31,,,0
140016019,'1179601',2123,,2802,31,,,0
140016019,'1179663',1023,,2803,31,,,0
140016019,'1179792',923,,2805,31,,,0
140016019,'1179800',1723,,2806,31,,,0
140016019,'1179808',1923,,2807,31,,,0
140016019,'1179822',1553,,2808,31,,,0
140016019,'1179827',853,,2809,31,,,0
140016019,'1179831',1623,,2810,31,,,0
140016019,'1179835',2223,,2811,31,,,0
140016019,'1179868',1653,,2815,31,,,0
140016019,'1179875',1123,,2816,31,,,0
140016019,'1179886',1423,,2818,31,,,0
140016019,'1179907',1723,,2821,31,,,0
140016019,'1179913',1753,,2822,31,,,0
140016019,'1179926',1323,,2823,31,,,0
140016019,'1179938',1523,,2824,31,,,0
140016019,'1179943',2123,,2825,31,,,0
140016019,'1179945',823,,2826,31,,,0
140016019,'1179958',1423,,2827,31,,,0
140016019,'1179963',1823,,2828,31,,,0
140016019,'1179974',1023,,2829,31,,,0
140016019,'1179976',723,,2830,31,,,0
140016019,'1179989',923,,2831,31,,,0
140016019,'1179991',1523,,2832,31,,,0
140016019,'1179997',1623,,2833,31,,,0
140016019,'1180006',1023,,2834,31,,,0
140016019,'1180012',1923,,2835,31,,,0
140016019,'1180018',1123,,2836,31,,,0
140016019,'1180019',2223,,2837,31,,,0
140016019,'1180020',2023,,2838,31,,,0
140016019,'1180023',1323,,2839,31,,,0
140016019,'1180024',753,,2840,31,,,0
140016019,'1180028',823,,2841,31,,,0
140016019,'1180031',2023,,2842,31,,,0
140016019,'1180048',2123,,2843,31,,,0
140016019,'1180057',1823,,2844,31,,,0
140016019,'1180072',1223,,2846,31,,,0
140016019,'1180078',1223,,2847,31,,,0
