130029,'1178925',1504,,2343,13,,,0
130029,'1178989',1404,,2344,13,,,0
130029,'1179023',1604,,2345,13,,,0
130029,'1179120',1704,,2346,13,,,0
130029,'1179168',1304,,2347,13,,,0
130029,'1179423',904,,2348,13,,,0
130029,'1179469',1204,,2349,13,,,0
130029,'1179639',1004,,2350,13,,,0
130029,'1179657',1104,,2351,13,,,0
190013019,'1178916',1655,,2896,45,,,0
190013019,'1178919',2025,,2897,45,,,0
190013019,'1178920',1155,,2898,45,,,0
190013019,'1178929',825,,2899,45,,,0
190013019,'1178930',1725,,2900,45,,,0
190013019,'1178972',2025,,2901,45,,,0
190013019,'1178983',1255,,2902,45,,,0
190013019,'1178994',2225,,2903,45,,,0
190013019,'1178997',1225,,2904,45,,,0
190013019,'1179048',1555,,2905,45,,,0
190013019,'1179062',1625,,2906,45,,,0
190013019,'1179074',1355,,2907,45,,,0
190013019,'1179087',1325,,2908,45,,,0
190013019,'1179104',1055,,2909,45,,,0
190013019,'1179187',925,,2911,45,,,0
190013019,'1179202',1125,,2912,45,,,0
190013019,'1179203',1025,,2913,45,,,0
190013019,'1179212',1525,,2914,45,,,0
190013019,'1179219',1325,,2915,45,,,0
190013019,'1179243',825,,2916,45,,,0
190013019,'1179287',2225,,2917,45,,,0
190013019,'1179292',1125,,2918,45,,,0
190013019,'1179300',755,,2919,45,,,0
190013019,'1179354',625,,2920,13,,,0
190013019,'1179373',1025,,2921,45,,,0
190013019,'1179380',1425,,2922,45,,,0
190013019,'1179402',1425,,2923,45,,,0
190013019,'1179411',1455,,2924,45,,,0
190013019,'1179457',1925,,2925,45,,,0
190013019,'1179504',725,,2926,45,,,0
190013019,'1179507',955,,2927,45,,,0
190013019,'1179509',1225,,2928,45,,,0
190013019,'1179516',1625,,2929,45,,,0
190013019,'1179531',2125,,2930,45,,,0
190013019,'1179537',925,,2931,45,,,0
190013019,'1179539',1825,,2932,45,,,0
190013019,'1179546',725,,2933,45,,,0
190013019,'1179553',1925,,2934,45,,,0
190013019,'1179581',655,,2935,13,,,0
190013019,'1179591',1725,,2936,45,,,0
190013019,'1179611',1755,,2937,45,,,0
190013019,'1179635',1525,,2938,45,,,0
190013019,'1179694',855,,2939,45,,,0
190013019,'1179701',2125,,2940,45,,,0
190013019,'1179717',1825,,2941,45,,,0
