120029,'1179032',1529,,2325,25,,,0
120029,'1179055',1329,,2326,25,,,0
120029,'1179056',1629,,2327,25,,,0
120029,'1179099',1729,,2328,25,,,0
120029,'1179153',929,,2329,25,,,0
120029,'1179222',1429,,2330,25,,,0
120029,'1179429',1129,,2331,25,,,0
120029,'1179447',1029,,2332,25,,,0
120029,'1179575',1229,,2333,25,,,0
190017019,'1179790',1156,,3050,25,,,0
190017019,'1179796',1356,,3051,25,,,0
190017019,'1179813',2256,,3052,25,0,8 21,0
190017019,'1179821',1456,,3053,25,,,0
190017019,'1179824',626,,3054,25,,,0
190017019,'1179832',1056,,3055,25,,,0
190017019,'1179843',856,,3056,25,,,0
190017019,'1179845',2056,,3057,25,,,0
190017019,'1179847',2156,,3058,25,0,8 21,0
190017019,'1179859',1656,,3060,25,,,0
190017019,'1179863',956,,3061,25,,,0
190017019,'1179870',826,,3062,25,,,0
190017019,'1179874',1256,,3063,25,,,0
190017019,'1179876',1856,,3064,25,,,0
190017019,'1179884',1626,,3065,25,,,0
190017019,'1179891',1556,,3066,25,,,0
190017019,'1179895',1826,,3067,25,0,8 21,0
190017019,'1179896',756,,3068,25,,,0
190017019,'1179899',1556,,3069,25,,,0
190017019,'1179905',656,,3070,25,,,0
190017019,'1179912',2056,,3071,25,,,0
190017019,'1179917',1756,,3072,25,,,0
190017019,'1179922',1356,,3073,25,,,0
190017019,'1179924',1456,,3074,25,,,0
190017019,'1179953',2156,,3078,25,0,8 21,0
190017019,'1179955',856,,3079,25,,,0
190017019,'1179971',1256,,3080,25,,,0
190017019,'1179977',1856,,3081,25,,,0
190017019,'1179978',1056,,3082,25,,,0
190017019,'1179979',1726,,3083,25,,,0
190017019,'1179986',756,,3084,25,,,0
190017019,'1179987',956,,3085,25,,,0
190017019,'1179994',1656,,3086,25,,,0
190017019,'1180001',926,,3087,25,,,0
190017019,'1180005',656,,3089,25,,,0
190017019,'1180041',2256,,3091,25,0,8 21,0
190017019,'1180050',1956,,3092,25,,,0
190017019,'1180055',1156,,3093,25,,,0
190017019,'1180056',1756,,3094,25,,,0
190017019,'1180065',1956,,3095,25,,,0
190017019,'1180069',726,,3096,25,,,0
