150019,'1178942',1742,,2379,9,,,0
150019,'1178956',1342,,2380,9,,,0
150019,'1178976',1642,,2381,9,,,0
150019,'1179117',1242,,2382,9,,,0
150019,'1179150',1542,,2383,9,,,0
150019,'1179341',942,,2384,9,,,0
150019,'1179473',1142,,2385,9,,,0
150019,'1179559',1442,,2386,9,,,0
150019,'1179673',1042,,2387,9,,,0
140014019,'1178954',1559,,2725,19,,,0
140014019,'1178955',1129,,2726,19,,,0
140014019,'1178974',959,,2727,19,,,0
140014019,'1179007',1759,,2728,19,,,0
140014019,'1179027',1459,,2729,19,,,0
140014019,'1179052',759,,2730,19,,,0
140014019,'1179079',729,,2731,19,,,0
140014019,'1179080',1459,,2732,19,,,0
140014019,'1179082',829,,2733,19,,,0
140014019,'1179084',659,,2734,19,,,0
140014019,'1179111',2159,,2735,19,,,0
140014019,'1179143',759,,2736,19,,,0
140014019,'1179200',1229,,2737,19,,,0
140014019,'1179207',1729,,2738,19,,,0
140014019,'1179221',1359,,2739,19,,,0
140014019,'1179271',1159,,2740,19,,,0
140014019,'1179298',1659,,2741,19,,,0
140014019,'1179320',1429,,2742,19,,,0
140014019,'1179323',959,,2743,19,,,0
140014019,'1179350',859,,2745,19,,,0
140014019,'1179353',1759,,2746,19,,,0
140014019,'1179366',1959,,2747,19,,,0
140014019,'1179392',1559,,2748,19,,,0
140014019,'1179403',1859,,2749,19,,,0
140014019,'1179433',1359,,2751,19,,,0
140014019,'1179443',929,,2752,19,,,0
140014019,'1179446',1159,,2753,19,,,0
140014019,'1179449',1029,,2754,19,,,0
140014019,'1179493',1059,,2755,19,,,0
140014019,'1179524',1659,,2757,19,,,0
140014019,'1179535',1329,,2758,19,,,0
140014019,'1179547',1259,,2759,19,,,0
140014019,'1179557',1829,,2761,19,0,8 21,0
140014019,'1179561',1529,,2762,19,,,0
140014019,'1179577',1259,,2763,19,,,0
140014019,'1179598',2059,,2764,19,,,0
140014019,'1179600',2159,,2765,19,,,0
140014019,'1179608',1859,,2766,19,,,0
140014019,'1179636',1629,,2767,19,,,0
140014019,'1179638',859,,2768,19,,,0
140014019,'1179648',1959,,2769,19,,,0
140014019,'1179654',2059,,2770,19,,,0
140014019,'1179662',1059,,2771,19,,,0
