140019,'1178969',1356,,2352,39,,,0
140019,'1178977',1556,,2353,39,,,0
140019,'1179164',1656,,2354,39,,,0
140019,'1179344',1456,,2355,39,,,0
140019,'1179352',956,,2356,39,,,0
140019,'1179462',1256,,2357,39,,,0
140019,'1179512',1156,,2358,39,,,0
140019,'1179518',1056,,2359,39,,,0
140019,'1179634',1809,,2360,39,,,0
140014019,'1178954',1637,,2725,46,,,0
140014019,'1178955',1207,,2726,46,,,0
140014019,'1178974',1037,,2727,46,,,0
140014019,'1179007',1835,,2728,46,,,0
140014019,'1179027',1537,,2729,46,,,0
140014019,'1179052',835,,2730,46,,,0
140014019,'1179079',807,,2731,46,,,0
140014019,'1179080',1535,,2732,46,,,0
140014019,'1179082',907,,2733,46,,,0
140014019,'1179084',737,,2734,46,,,0
140014019,'1179111',2237,,2735,46,,,0
140014019,'1179143',837,,2736,46,,,0
140014019,'1179200',1307,,2737,46,,,0
140014019,'1179207',1807,,2738,46,,,0
140014019,'1179221',1435,,2739,46,,,0
140014019,'1179271',1237,,2740,46,,,0
140014019,'1179298',1735,,2741,46,,,0
140014019,'1179320',1507,,2742,46,,,0
140014019,'1179323',1035,,2743,46,,,0
140014019,'1179337',635,,2744,18,,,0
140014019,'1179350',935,,2745,46,,,0
140014019,'1179353',1837,,2746,46,,,0
140014019,'1179366',2035,,2747,46,,,0
140014019,'1179392',1635,,2748,46,,,0
140014019,'1179403',1937,,2749,46,,,0
140014019,'1179417',735,,2750,25,,,0
140014019,'1179433',1437,,2751,46,,,0
140014019,'1179443',1007,,2752,46,,,0
140014019,'1179446',1235,,2753,46,,,0
140014019,'1179449',1107,,2754,46,,,0
140014019,'1179493',1137,,2755,46,,,0
140014019,'1179513',637,,2756,18,,,0
140014019,'1179524',1737,,2757,46,,,0
140014019,'1179535',1407,,2758,46,,,0
140014019,'1179547',1335,,2759,46,,,0
140014019,'1179550',707,,2760,25,,,0
140014019,'1179561',1607,,2762,46,,,0
140014019,'1179577',1337,,2763,46,,,0
140014019,'1179598',2137,,2764,46,,,0
140014019,'1179600',2235,,2765,46,,,0
140014019,'1179608',1935,,2766,46,,,0
140014019,'1179636',1707,,2767,46,,,0
140014019,'1179638',937,,2768,46,,,0
140014019,'1179648',2037,,2769,46,,,0
140014019,'1179654',2135,,2770,46,,,0
140014019,'1179662',1135,,2771,46,,,0
