130019,'1179053',1727,,2334,9,,,0
130019,'1179067',1327,,2335,9,,,0
130019,'1179069',1027,,2336,9,,,0
130019,'1179093',1127,,2337,9,,,0
130019,'1179108',1227,,2338,9,,,0
130019,'1179294',1527,,2339,9,,,0
130019,'1179386',1627,,2340,9,,,0
130019,'1179541',927,,2341,9,,,0
130019,'1179675',1427,,2342,9,,,0
140012019,'1178913',1151,,2679,9,,,0
140012019,'1178923',1151,,2680,9,,,0
140012019,'1178934',951,,2681,9,,,0
140012019,'1178935',751,,2682,9,,,0
140012019,'1178953',851,,2683,9,,,0
140012019,'1178981',651,,2684,9,,,0
140012019,'1178986',1421,,2685,9,,,0
140012019,'1179006',1321,,2686,9,,,0
140012019,'1179011',721,,2687,9,,,0
140012019,'1179015',1851,,2688,9,,,0
140012019,'1179046',851,,2689,9,,,0
140012019,'1179102',1551,,2690,9,,,0
140012019,'1179154',1351,,2691,9,,,0
140012019,'1179183',1951,,2692,9,,,0
140012019,'1179185',921,,2693,9,,,0
140012019,'1179216',2251,,2694,9,0,8 21,0
140012019,'1179230',951,,2695,9,,,0
140012019,'1179233',1551,,2696,9,,,0
140012019,'1179236',751,,2697,9,,,0
140012019,'1179238',1451,,2698,9,,,0
140012019,'1179244',2051,,2699,9,,,0
140012019,'1179245',1851,,2700,9,,,0
140012019,'1179255',1821,,2702,9,0,8 21,0
140012019,'1179261',1051,,2703,9,,,0
140012019,'1179316',1951,,2704,9,,,0
140012019,'1179325',821,,2705,9,,,0
140012019,'1179348',1251,,2706,9,,,0
140012019,'1179359',1721,,2707,9,,,0
140012019,'1179372',2151,,2708,9,,,0
140012019,'1179387',1251,,2709,9,,,0
140012019,'1179399',1121,,2710,9,,,0
140012019,'1179425',2051,,2711,9,,,0
140012019,'1179444',1621,,2712,9,,,0
140012019,'1179495',1351,,2713,9,,,0
140012019,'1179499',1521,,2714,9,,,0
140012019,'1179510',1651,,2715,9,,,0
140012019,'1179511',2151,,2716,9,,,0
140012019,'1179526',1751,,2717,9,,,0
140012019,'1179556',1051,,2718,9,,,0
140012019,'1179567',1221,,2719,9,,,0
140012019,'1179578',2251,,2720,9,0,8 21,0
140012019,'1179644',1751,,2721,9,,,0
140012019,'1179693',1021,,2722,9,,,0
140012019,'1179704',1451,,2723,9,,,0
140012019,'1179715',1651,,2724,9,,,0
