140029,'1179802',1602,,2370,38,,,0
140029,'1179837',1402,,2371,38,,,0
140029,'1179865',1815,,2372,38,,,0
140029,'1179930',1302,,2373,38,,,0
140029,'1179947',1702,,2374,38,,,0
140029,'1179984',1502,,2375,38,,,0
140029,'1180047',1002,,2376,38,,,0
140029,'1180060',1102,,2377,38,,,0
140029,'1180076',1202,,2378,38,,,0
140010019,'1178921',1528,,2634,54,,,0
140010019,'1178922',1031,,2635,55,,,0
140010019,'1178936',803,,2636,53,,,0
140010019,'1178979',1131,,2638,55,,,0
140010019,'1179012',833,,2639,54,,,0
140010019,'1179037',2033,,2640,53,,,0
140010019,'1179103',1633,,2641,54,,,0
140010019,'1179131',1228,,2643,54,,,0
140010019,'1179140',2233,,2644,53,,,0
140010019,'1179157',733,,2646,53,,,0
140010019,'1179167',1128,,2647,54,,,0
140010019,'1179178',1833,,2648,54,,,0
140010019,'1179180',2233,,2649,54,,,0
140010019,'1179188',1531,,2650,55,,,0
140010019,'1179217',2033,,2651,54,,,0
140010019,'1179251',1703,,2653,53,,,0
140010019,'1179253',903,,2654,53,,,0
140010019,'1179268',1803,,2655,53,,,0
140010019,'1179270',1733,,2656,54,,,0
140010019,'1179302',733,,2657,21,,,0
140010019,'1179336',933,,2658,53,,,0
140010019,'1179347',833,,2659,53,,,0
140010019,'1179361',2133,,2660,53,,,0
140010019,'1179396',2133,,2661,54,,,0
140010019,'1179415',1231,,2663,55,,,0
140010019,'1179445',1428,,2664,54,,,0
140010019,'1179452',1833,,2665,53,,,0
140010019,'1179453',1431,,2666,55,,,0
140010019,'1179479',1328,,2667,54,,,0
140010019,'1179494',1733,,2669,53,,,0
140010019,'1179496',1633,,2670,53,,,0
140010019,'1179544',1933,,2672,53,,,0
140010019,'1179613',1933,,2674,54,,,0
140010019,'1179620',933,,2675,54,,,0
140010019,'1179659',1331,,2677,55,,,0
140010019,'1179692',1028,,2678,54,,,0
