140012019,'1175718',1656,,1789,39,,,0
140012019,'1175861',1926,,1790,39,,,0
140012019,'1175900',1756,,1791,39,,,0
140012019,'1175915',2126,,1793,39,,,0
140012019,'1175917',1456,,1794,39,,,0
140012019,'1175919',2026,,1795,39,,,0
140012019,'1175938',826,,1796,39,,,0
140012019,'1175939',1826,,1797,39,,,0
140012019,'1175983',2226,,1798,39,,,0
140012019,'1176007',1326,,1799,39,,,0
140012019,'1176012',1126,,1800,39,,,0
140012019,'1176069',926,,1801,39,,,0
140012019,'1176070',1226,,1802,39,,,0
140012019,'1176091',1026,,1803,39,,,0
140012019,'1176100',726,,1804,17,,,0
140012019,'1176103',1026,,1805,39,,,0
140012019,'1176117',1226,,1806,39,,,0
140012019,'1176163',1926,,1808,39,,,0
140012019,'1176213',1126,,1809,39,,,0
140012019,'1176217',1626,,1810,39,,,0
140012019,'1176245',1826,,1811,39,,,0
140012019,'1176255',926,,1812,39,,,0
140012019,'1176275',1726,,1813,39,,,0
140012019,'1176323',1156,,1814,39,,,0
140012019,'1176343',1426,,1816,39,,,0
140012019,'1176354',1526,,1817,39,,,0
140012019,'1176378',1326,,1818,39,,,0
140012019,'1176401',756,,1819,39,,,0
140012019,'1176411',2126,,1820,39,,,0
140012019,'1176440',1526,,1821,39,,,0
140012019,'1176458',726,,1822,39,,,0
140012019,'1176470',1626,,1823,39,,,0
140012019,'1176472',1056,,1824,39,,,0
140012019,'1176483',1356,,1825,39,,,0
140012019,'1176488',1726,,1826,39,,,0
140012019,'1176515',2026,,1827,39,,,0
140012019,'1176526',956,,1828,39,,,0
140012019,'1176532',1256,,1829,39,,,0
140012019,'1176546',2226,,1830,39,,,0
140012019,'1176594',856,,1831,39,,,0
140012019,'1176599',1556,,1832,39,,,0
140012019,'1176626',826,,1833,39,,,0
140012019,'1176676',1426,,1834,39,,,0
