150029,'1178980',1103,,2388,8,,,0
150029,'1179059',903,,2389,8,,,0
150029,'1179210',1303,,2390,8,,,0
150029,'1179274',1703,,2391,8,,,0
150029,'1179311',1003,,2392,8,,,0
150029,'1179362',1603,,2393,8,,,0
150029,'1179450',1403,,2394,8,,,0
150029,'1179616',1203,,2395,8,,,0
150029,'1179674',1503,,2396,8,,,0
150029,'1179828',1003,,2397,8,,,0
150029,'1179915',1203,,2398,8,,,0
150029,'1179932',903,,2399,8,,,0
150029,'1179948',1503,,2400,8,,,0
150029,'1179983',1303,,2401,8,,,0
150029,'1180009',1103,,2402,8,,,0
150029,'1180017',1703,,2403,8,,,0
150029,'1180040',1603,,2404,8,,,0
150029,'1180079',1403,,2405,8,,,0
190015019,'1178937',1150,,2942,33,,,0
190015019,'1178958',1020,,2944,33,,,0
190015019,'1179073',1350,,2945,33,,,0
190015019,'1179083',620,,2946,8,,,0
190015019,'1179089',1220,,2947,33,,,0
190015019,'1179095',1720,,2948,33,,,0
190015019,'1179152',950,,2949,33,,,0
190015019,'1179170',820,,2951,33,,,0
190015019,'1179226',1820,,2952,33,,,0
190015019,'1179329',1650,,2954,33,,,0
190015019,'1179378',2020,,2955,33,,,0
190015019,'1179382',1750,,2956,33,,,0
190015019,'1179414',1520,,2957,33,,,0
190015019,'1179456',1550,,2958,33,,,0
190015019,'1179465',1620,,2959,33,,,0
190015019,'1179480',1320,,2960,33,,,0
190015019,'1179489',1250,,2961,33,,,0
190015019,'1179491',1120,,2962,33,,,0
190015019,'1179501',1050,,2963,33,,,0
190015019,'1179560',2120,,2964,33,,,0
190015019,'1179563',1420,,2965,33,,,0
190015019,'1179576',1920,,2966,33,,,0
190015019,'1179602',850,,2967,33,,,0
190015019,'1179633',750,,2968,33,,,0
190015019,'1179637',650,,2969,8,,,0
190015019,'1179652',920,,2970,33,,,0
190015019,'1179679',1450,,2971,33,,,0
190015019,'1179716',720,,2972,33,,,0
190015019,'1179791',2120,,2973,33,,,0
190015019,'1179793',720,,2974,33,,,0
190015019,'1179804',720,,2975,33,,,0
190015019,'1179812',1120,,2976,33,,,0
190015019,'1179819',820,,2977,33,,,0
190015019,'1179825',1220,,2978,33,,,0
190015019,'1179856',850,,2980,33,,,0
190015019,'1179872',820,,2981,33,,,0
190015019,'1179885',1650,,2982,33,,,0
190015019,'1179887',1420,,2983,33,,,0
190015019,'1179898',1520,,2984,33,,,0
190015019,'1179909',1020,,2985,33,,,0
190015019,'1179919',1820,,2986,33,,,0
190015019,'1179920',920,,2987,33,,,0
190015019,'1179923',1450,,2988,33,,,0
190015019,'1179931',2120,,2989,33,,,0
190015019,'1179935',1720,,2991,33,,,0
190015019,'1179940',1150,,2992,33,,,0
190015019,'1179952',1220,,2993,33,,,0
190015019,'1179960',1320,,2994,33,,,0
190015019,'1179961',1520,,2995,33,,,0
190015019,'1179980',1050,,2997,33,,,0
190015019,'1179982',1750,,2998,33,,,0
190015019,'1179992',1550,,2999,33,,,0
190015019,'1179995',1120,,3000,33,,,0
190015019,'1179999',1250,,3001,33,,,0
190015019,'1180013',1920,,3002,33,,,0
190015019,'1180014',2020,,3003,33,,,0
190015019,'1180015',950,,3004,33,,,0
190015019,'1180016',2020,,3005,33,,,0
190015019,'1180026',1920,,3007,33,,,0
190015019,'1180029',1020,,3008,33,,,0
190015019,'1180044',1620,,3009,33,,,0
190015019,'1180058',1350,,3011,33,,,0
190015019,'1180059',1720,,3012,33,,,0
190015019,'1180068',1820,,3013,33,,,0
190015019,'1180070',1620,,3014,33,,,0
190015019,'1180075',920,,3015,33,,,0
190015019,'1180077',1320,,3016,33,,,0
190015019,'1180080',750,,3017,33,,,0
190015019,'1180081',1420,,3018,33,,,0
