200029,'1179807',1008,6,2461,19,,,0
200029,'1179834',1408,6,2462,19,,,0
200029,'1179867',1708,6,2463,19,,,0
200029,'1179877',1208,6,2464,19,,,0
200029,'1179888',1608,6,2465,19,,,0
200029,'1179893',1308,6,2466,19,,,0
200029,'1179998',1508,6,2467,19,,,0
200029,'1180053',908,6,2468,9,,,0
200029,'1180064',1108,6,2469,19,,,0
300019,'1178962',653,,2510,2,4,,0
300019,'1179049',723,,2515,2,4,,0
300019,'1179551',1553,,2544,2,4,,0
300019,'1179671',725,,2558,2,4,,0
300019,'1179799',955,,2563,1,0,8 9 2 26,0
300019,'1179801',1625,,2564,1,0,23 24 2 26,0,98,,2564,23,4,,0
300019,'1179823',1825,,2567,1,0,23 24 2 26,0,98,,2567,23,4,,0
300019,'1179833',925,,2569,1,0,23 24 2 26,0,98,,2569,23,4,,0
300019,'1179836',855,,2570,1,0,23 24 2 26,0,98,,2570,23,4,,0
300019,'1179840',1425,,2571,1,0,23 24 2 26,0,98,,2571,23,4,,0
300019,'1179841',2025,,2572,1,0,23 24 2 26,0,98,,2572,23,4,,0
300019,'1179850',725,,2575,1,0,23 24 2 26,0,98,,2575,23,4,,0
300019,'1179852',1425,,2577,1,0,23 24 2 26,0,98,,2577,23,4,,0
300019,'1179854',1525,,2579,1,0,23 24 2 26,0,98,,2579,23,4,,0
300019,'1179858',1325,,2581,1,0,23 24 2 26,0,98,,2581,23,4,,0
300019,'1179866',1825,,2583,1,0,23 24 2 26,0,98,,2583,23,4,,0
300019,'1179869',1225,,2584,1,0,23 24 2 26,0,98,,2584,23,4,,0
300019,'1179882',725,,2587,1,0,23 24 2 26,0,98,,2587,23,4,,0
300019,'1179894',1525,,2591,1,0,23 24 2 26,0,98,,2591,23,4,,0
300019,'1179906',1225,,2594,1,0,23 24 2 26,0,98,,2594,23,4,,0
300019,'1179908',655,,2595,1,0,23 24 2 26,0,98,,2595,23,4,,0
300019,'1179914',1725,,2596,1,0,23 24 2 26,0,98,,2596,23,4,,0
300019,'1179918',2025,,2598,1,0,23 24 2 26,0,98,,2598,23,4,,0
300019,'1179942',2125,,2602,1,0,8 9 2 26,0
300019,'1179951',825,,2603,1,0,23 24 2 26,0,98,,2603,23,4,,0
300019,'1179957',1025,,2605,1,0,23 24 2 26,0,98,,2605,23,4,,0
300019,'1179967',2125,,2608,1,0,8 9 2 26,0
300019,'1179970',1925,,2610,1,0,23 24 2 26,0,98,,2610,23,4,,0
300019,'1179981',1625,,2611,1,0,23 24 2 26,0,98,,2611,23,4,,0
300019,'1179988',755,,2612,1,0,23 24 2 26,0,98,,2612,23,4,,0
300019,'1179996',1555,,2615,1,0,23 24 2 26,0,98,,2615,23,4,,0
300019,'1180000',1325,,2616,1,0,23 24 2 26,0,98,,2616,23,4,,0
300019,'1180004',1925,,2617,1,0,23 24 2 26,0,98,,2617,23,4,,0
300019,'1180022',1655,,2618,1,0,23 24 2 26,0,98,,2618,23,4,,0
300019,'1180035',825,,2620,1,0,23 24 2 26,0,98,,2620,23,4,,0
300019,'1180037',1125,,2621,1,0,23 24 2 26,0,98,,2621,23,4,,0
300019,'1180043',1125,,2624,1,0,23 24 2 26,0,98,,2624,23,4,,0
300019,'1180046',1755,,2625,1,0,8 9 2 26,0
300019,'1180049',1025,,2626,1,0,23 24 2 26,0,98,,2626,23,4,,0
300019,'1180052',925,,2628,1,0,23 24 2 26,0,98,,2628,23,4,,0
300019,'1180061',1725,,2629,1,0,23 24 2 26,0,98,,2629,23,4,,0
190017019,'1179790',1222,,3050,40,,,0
190017019,'1179796',1422,,3051,40,,,0
190017019,'1179821',1522,,3053,40,,,0
190017019,'1179824',652,,3054,40,,,0
190017019,'1179832',1122,,3055,40,,,0
190017019,'1179843',922,,3056,40,,,0
190017019,'1179845',2122,,3057,40,,,0
190017019,'1179849',1152,,3059,8,,,0
190017019,'1179859',1722,,3060,40,,,0
190017019,'1179863',1022,,3061,40,,,0
190017019,'1179870',852,,3062,40,,,0
190017019,'1179874',1322,,3063,40,,,0
190017019,'1179876',1922,,3064,40,,,0
190017019,'1179884',1652,,3065,40,,,0
190017019,'1179891',1622,,3066,40,,,0
190017019,'1179896',822,,3068,40,,,0
190017019,'1179899',1622,,3069,40,,,0
190017019,'1179905',722,,3070,40,,,0
190017019,'1179912',2122,,3071,40,,,0
190017019,'1179917',1822,,3072,40,,,0
190017019,'1179922',1422,,3073,40,,,0
190017019,'1179924',1522,,3074,40,,,0
190017019,'1179925',1552,,3075,8,,,0
190017019,'1179941',1252,,3076,8,,,0
190017019,'1179949',622,,3077,8,,,0
190017019,'1179955',922,,3079,40,,,0
190017019,'1179971',1322,,3080,40,,,0
190017019,'1179977',1922,,3081,40,,,0
190017019,'1179978',1122,,3082,40,,,0
190017019,'1179979',1752,,3083,40,,,0
190017019,'1179986',822,,3084,40,,,0
190017019,'1179987',1022,,3085,40,,,0
190017019,'1179994',1722,,3086,40,,,0
190017019,'1180001',952,,3087,40,,,0
190017019,'1180002',1452,,3088,8,,,0
190017019,'1180005',722,,3089,40,,,0
190017019,'1180033',1352,,3090,8,,,0
190017019,'1180050',2022,,3092,40,,,0
190017019,'1180055',1222,,3093,40,,,0
190017019,'1180056',1822,,3094,40,,,0
190017019,'1180065',2022,,3095,40,,,0
190017019,'1180069',752,,3096,40,,,0
190017019,'1180074',1052,,3097,8,,,0
