140019,'1178969',1317,,2352,4,,,0
140019,'1178977',1517,,2353,4,,,0
140019,'1179164',1617,,2354,4,,,0
140019,'1179344',1417,,2355,4,,,0
140019,'1179352',917,,2356,4,,,0
140019,'1179462',1217,,2357,4,,,0
140019,'1179512',1117,,2358,4,,,0
140019,'1179518',1017,,2359,4,,,0
140019,'1179634',1717,,2360,4,,,0
190011019,'1178950',717,,2849,4,,,0
190011019,'1178970',1847,,2850,4,,,0
190011019,'1179009',1817,,2851,4,0,8 21,0
190011019,'1179040',2047,,2852,4,,,0
190011019,'1179145',847,,2854,4,,,0
190011019,'1179159',1747,,2856,4,,,0
190011019,'1179162',2242,,2857,4,0,12,0
190011019,'1179163',747,,2858,4,,,0
190011019,'1179248',647,,2859,4,,,0
190011019,'1179252',1747,,2860,4,,,0
190011019,'1179276',1947,,2861,4,,,0
190011019,'1179307',647,,2862,4,,,0
190011019,'1179332',1047,,2864,4,,,0
190011019,'1179340',847,,2865,4,,,0
190011019,'1179367',1717,,2866,4,,,0
190011019,'1179394',2147,,2869,4,,,0
190011019,'1179412',2242,,2870,4,0,12,0
190011019,'1179413',1247,,2871,4,,,0
190011019,'1179424',2147,,2872,4,,,0
190011019,'1179426',1347,,2873,4,,,0
190011019,'1179430',1547,,2874,4,,,0
190011019,'1179437',1047,,2875,4,,,0
190011019,'1179438',1547,,2876,4,,,0
190011019,'1179442',1847,,2877,4,,,0
190011019,'1179477',747,,2878,4,,,0
190011019,'1179521',1347,,2879,4,,,0
190011019,'1179528',1147,,2880,4,,,0
190011019,'1179555',1947,,2882,4,,,0
190011019,'1179572',1147,,2883,4,,,0
190011019,'1179590',1447,,2884,4,,,0
190011019,'1179619',1647,,2885,4,,,0
190011019,'1179642',947,,2886,4,,,0
190011019,'1179650',1247,,2887,4,,,0
190011019,'1179666',817,,2889,4,,,0
190011019,'1179677',2047,,2891,4,,,0
190011019,'1179678',917,,2892,4,,,0
190011019,'1179688',1647,,2893,4,,,0
190011019,'1179700',1447,,2894,4,,,0
190011019,'1179709',947,,2895,4,,,0
