160029,'1178957',857,,2424,3,,,0
160029,'1179098',1357,,2425,3,,,0
160029,'1179137',1557,,2426,3,,,0
160029,'1179301',1157,,2427,3,,,0
160029,'1179398',1257,,2428,3,,,0
160029,'1179410',1657,,2429,3,,,0
160029,'1179543',1057,,2430,3,,,0
160029,'1179558',957,,2431,3,,,0
160029,'1179623',1457,,2432,3,,,0
216019,'1178924',747,,2470,3,,,0
216019,'1178948',617,,2471,3,,,0
216019,'1178963',2117,,2472,3,,,0
216019,'1178968',1217,,2473,3,,,0
216019,'1179019',1747,,2474,3,,,0
216019,'1179021',1547,,2475,3,,,0
216019,'1179029',1417,,2476,3,,,0
216019,'1179050',1517,,2477,3,,,0
216019,'1179070',1417,,2478,3,,,0
216019,'1179075',1817,,2479,3,,,0
216019,'1179116',717,,2480,3,,,0
216019,'1179123',1317,,2481,3,,,0
216019,'1179160',1717,,2482,3,,,0
216019,'1179179',2017,,2483,3,,,0
216019,'1179181',1117,,2484,3,,,0
216019,'1179199',917,,2485,3,,,0
216019,'1179206',1517,,2486,3,,,0
216019,'1179328',1017,,2487,3,,,0
216019,'1179338',1217,,2488,3,,,0
216019,'1179345',817,,2489,3,,,0
216019,'1179368',1647,,2490,3,,,0
216019,'1179369',1017,,2491,3,,,0
216019,'1179374',1617,,2492,3,,,0
216019,'1179421',1817,,2493,3,,,0
216019,'1179431',1117,,2494,3,,,0
216019,'1179458',1917,,2495,3,,,0
216019,'1179488',717,,2496,3,,,0
216019,'1179523',1317,,2497,3,,,0
216019,'1179574',2017,,2498,3,,,0
216019,'1179582',1917,,2499,3,,,0
216019,'1179605',847,,2500,3,,,0
216019,'1179647',1717,,2501,3,,,0
216019,'1179669',817,,2502,3,,,0
216019,'1179695',2117,,2503,3,,,0
216019,'1179712',647,,2504,3,,,0
216019,'1179714',917,,2505,3,,,0
216019,'1179719',1617,,2506,3,,,0
