120019,'1178966',1404,,2316,53,4,,0
120019,'1178998',1604,,2317,53,4,,0
120019,'1179031',1704,,2318,53,4,,0
120019,'1179149',1504,,2319,53,4,,0
120019,'1179182',1204,,2320,53,4,,0
120019,'1179282',1004,,2321,53,4,,0
120019,'1179296',1817,,2322,53,4,,0
120019,'1179596',1104,,2323,53,4,,0
120019,'1179628',1304,,2324,53,4,,0
120029,'1179032',1515,,2325,1,,,0
120029,'1179055',1315,,2326,1,,,0
120029,'1179056',1615,,2327,1,,,0
120029,'1179099',1715,,2328,1,,,0
120029,'1179153',915,,2329,1,,,0
120029,'1179222',1415,,2330,1,,,0
120029,'1179429',1115,,2331,1,,,0
120029,'1179447',1015,,2332,1,,,0
120029,'1179575',1215,,2333,1,,,0
140016019,'1178912',1738,,2772,54,4,,0
140016019,'1178941',838,,2773,54,4,,0
140016019,'1179005',638,,2774,11,4,,0
140016019,'1179063',738,,2776,34,4,,0
140016019,'1179077',1808,,2777,54,4,,0
140016019,'1179112',1938,,2778,54,4,,0
140016019,'1179129',1238,,2779,54,4,,0
140016019,'1179191',938,,2780,54,4,,0
140016019,'1179225',708,,2781,11,4,,0
140016019,'1179256',908,,2783,54,4,,0
140016019,'1179286',611,,2784,11,4,,0
140016019,'1179299',2238,,2785,54,4,,0
140016019,'1179304',1338,,2786,54,4,,0
140016019,'1179312',1638,,2787,54,4,,0
140016019,'1179318',1838,,2788,54,4,,0
140016019,'1179330',2038,,2789,54,4,,0
140016019,'1179333',1438,,2790,54,4,,0
140016019,'1179357',1138,,2792,54,4,,0
140016019,'1179371',1538,,2793,54,4,,0
140016019,'1179389',1708,,2794,54,4,,0
140016019,'1179440',638,,2795,11,4,,0
140016019,'1179517',1608,,2797,54,4,,0
140016019,'1179536',808,,2798,54,4,,0
140016019,'1179538',738,,2799,54,4,,0
140016019,'1179601',2138,,2802,54,4,,0
140016019,'1179663',1038,,2803,54,4,,0
140016019,'1179792',938,,2805,54,4,,0
140016019,'1179800',1738,,2806,54,4,,0
140016019,'1179808',1938,,2807,54,4,,0
140016019,'1179822',1608,,2808,54,4,,0
140016019,'1179827',908,,2809,54,4,,0
140016019,'1179831',1638,,2810,54,4,,0
140016019,'1179835',2238,,2811,54,4,,0
140016019,'1179868',1708,,2815,54,4,,0
140016019,'1179875',1138,,2816,54,4,,0
140016019,'1179886',1438,,2818,54,4,,0
140016019,'1179907',1738,,2821,54,4,,0
140016019,'1179913',1808,,2822,54,4,,0
140016019,'1179926',1338,,2823,54,4,,0
140016019,'1179938',1538,,2824,54,4,,0
140016019,'1179943',2138,,2825,54,4,,0
140016019,'1179945',838,,2826,54,4,,0
140016019,'1179958',1438,,2827,54,4,,0
140016019,'1179963',1838,,2828,54,4,,0
140016019,'1179974',1038,,2829,54,4,,0
140016019,'1179976',738,,2830,54,4,,0
140016019,'1179989',938,,2831,54,4,,0
140016019,'1179991',1538,,2832,54,4,,0
140016019,'1179997',1638,,2833,54,4,,0
140016019,'1180006',1038,,2834,54,4,,0
140016019,'1180012',1938,,2835,54,4,,0
140016019,'1180018',1138,,2836,54,4,,0
140016019,'1180019',2238,,2837,54,4,,0
140016019,'1180020',2038,,2838,54,4,,0
140016019,'1180023',1338,,2839,54,4,,0
140016019,'1180024',808,,2840,54,4,,0
140016019,'1180028',838,,2841,54,4,,0
140016019,'1180031',2038,,2842,54,4,,0
140016019,'1180048',2138,,2843,54,4,,0
140016019,'1180057',1838,,2844,54,4,,0
140016019,'1180072',1238,,2846,54,4,,0
140016019,'1180078',1238,,2847,54,4,,0
190017019,'1178932',912,,3019,1,,,0
190017019,'1179000',2142,,3021,1,0,8 21,0
190017019,'1179014',1812,,3022,1,0,8 21,0
190017019,'1179016',612,,3023,1,,,0
190017019,'1179092',642,,3025,1,,,0
190017019,'1179151',1842,,3026,1,,,0
190017019,'1179161',1712,,3027,1,,,0
190017019,'1179277',812,,3028,1,,,0
190017019,'1179427',1242,,3032,1,,,0
190017019,'1179455',1342,,3033,1,,,0
190017019,'1179519',1742,,3035,1,,,0
190017019,'1179529',2242,,3036,1,0,8 21,0
190017019,'1179533',712,,3037,1,,,0
190017019,'1179573',1142,,3039,1,,,0
190017019,'1179579',1042,,3040,1,,,0
190017019,'1179599',2042,,3041,1,,,0
190017019,'1179610',1942,,3042,1,,,0
190017019,'1179626',1612,,3043,1,,,0
190017019,'1179667',742,,3044,1,,,0
190017019,'1179680',1542,,3045,1,,,0
190017019,'1179683',842,,3046,1,,,0
190017019,'1179686',1442,,3047,1,,,0
190017019,'1179699',942,,3048,1,,,0
190017019,'1179710',1642,,3049,1,,,0
190017019,'1179790',1142,,3050,1,,,0
190017019,'1179796',1342,,3051,1,,,0
190017019,'1179813',2242,,3052,1,0,8 21,0
190017019,'1179821',1442,,3053,1,,,0
190017019,'1179824',612,,3054,1,,,0
190017019,'1179832',1042,,3055,1,,,0
190017019,'1179843',842,,3056,1,,,0
190017019,'1179845',2042,,3057,1,,,0
190017019,'1179847',2142,,3058,1,0,8 21,0
190017019,'1179859',1642,,3060,1,,,0
190017019,'1179863',942,,3061,1,,,0
190017019,'1179870',812,,3062,1,,,0
190017019,'1179874',1242,,3063,1,,,0
190017019,'1179876',1842,,3064,1,,,0
190017019,'1179884',1612,,3065,1,,,0
190017019,'1179891',1542,,3066,1,,,0
190017019,'1179895',1812,,3067,1,0,8 21,0
190017019,'1179896',742,,3068,1,,,0
190017019,'1179899',1542,,3069,1,,,0
190017019,'1179905',642,,3070,1,,,0
190017019,'1179912',2042,,3071,1,,,0
190017019,'1179917',1742,,3072,1,,,0
190017019,'1179922',1342,,3073,1,,,0
190017019,'1179924',1442,,3074,1,,,0
190017019,'1179953',2142,,3078,1,0,8 21,0
190017019,'1179955',842,,3079,1,,,0
190017019,'1179971',1242,,3080,1,,,0
190017019,'1179977',1842,,3081,1,,,0
190017019,'1179978',1042,,3082,1,,,0
190017019,'1179979',1712,,3083,1,,,0
190017019,'1179986',742,,3084,1,,,0
190017019,'1179987',942,,3085,1,,,0
190017019,'1179994',1642,,3086,1,,,0
190017019,'1180001',912,,3087,1,,,0
190017019,'1180005',642,,3089,1,,,0
190017019,'1180041',2242,,3091,1,0,8 21,0
190017019,'1180050',1942,,3092,1,,,0
190017019,'1180055',1142,,3093,1,,,0
190017019,'1180056',1742,,3094,1,,,0
190017019,'1180065',1942,,3095,1,,,0
190017019,'1180069',712,,3096,1,,,0
