140010019,'1175755',924,,1743,45,,,0
140010019,'1175787',1824,,1744,45,,,0
140010019,'1175798',1824,,1745,45,,,0
140010019,'1175810',724,,1747,12,,,0
140010019,'1175825',1624,,1748,45,,,0
140010019,'1175826',1324,,1749,46,,,0
140010019,'1175836',1754,,1750,45,,,0
140010019,'1175840',2024,,1751,45,,,0
140010019,'1175890',2024,,1753,45,,,0
140010019,'1175905',2124,,1754,45,,,0
140010019,'1175937',1424,,1755,46,,,0
140010019,'1175943',1724,,1756,45,,,0
140010019,'1175995',1124,,1758,46,,,0
140010019,'1176008',754,,1759,45,,,0
140010019,'1176017',824,,1760,45,,,0
140010019,'1176075',1724,,1761,45,,,0
140010019,'1176104',2224,,1762,45,,,0
140010019,'1176141',1324,,1763,46,,,0
140010019,'1176158',1524,,1764,46,,,0
140010019,'1176198',1024,,1766,46,,,0
140010019,'1176208',2224,,1767,45,,,0
140010019,'1176215',1924,,1768,45,,,0
140010019,'1176249',1124,,1770,46,,,0
140010019,'1176269',2124,,1771,45,,,0
140010019,'1176311',1024,,1774,46,,,0
140010019,'1176346',854,,1775,45,,,0
140010019,'1176365',924,,1776,45,,,0
140010019,'1176376',1624,,1777,45,,,0
140010019,'1176382',1224,,1778,46,,,0
140010019,'1176449',724,,1779,45,,,0
140010019,'1176545',824,,1781,45,,,0
140010019,'1176551',1424,,1782,46,,,0
140010019,'1176579',1654,,1783,45,,,0
140010019,'1176580',1224,,1784,46,,,0
140010019,'1176607',1924,,1785,45,,,0
140010019,'1176653',1524,,1788,46,,,0
