140010019,'1178921',1520,,2634,38,,,0
140010019,'1178922',1020,,2635,39,,,0
140010019,'1178936',750,,2636,38,,,0
140010019,'1178979',1120,,2638,39,,,0
140010019,'1179012',820,,2639,39,,,0
140010019,'1179037',2020,,2640,38,,,0
140010019,'1179103',1620,,2641,39,,,0
140010019,'1179131',1220,,2643,38,,,0
140010019,'1179140',2220,,2644,38,,,0
140010019,'1179157',720,,2646,38,,,0
140010019,'1179167',1120,,2647,38,,,0
140010019,'1179178',1820,,2648,39,,,0
140010019,'1179180',2220,,2649,39,,,0
140010019,'1179188',1520,,2650,39,,,0
140010019,'1179217',2020,,2651,39,,,0
140010019,'1179251',1650,,2653,38,,,0
140010019,'1179253',850,,2654,38,,,0
140010019,'1179268',1750,,2655,38,,,0
140010019,'1179270',1720,,2656,39,,,0
140010019,'1179302',720,,2657,6,,,0
140010019,'1179336',920,,2658,38,,,0
140010019,'1179347',820,,2659,38,,,0
140010019,'1179361',2120,,2660,38,,,0
140010019,'1179396',2120,,2661,39,,,0
140010019,'1179415',1220,,2663,39,,,0
140010019,'1179445',1420,,2664,38,,,0
140010019,'1179452',1820,,2665,38,,,0
140010019,'1179453',1420,,2666,39,,,0
140010019,'1179479',1320,,2667,38,,,0
140010019,'1179494',1720,,2669,38,,,0
140010019,'1179496',1620,,2670,38,,,0
140010019,'1179544',1920,,2672,38,,,0
140010019,'1179613',1920,,2674,39,,,0
140010019,'1179620',920,,2675,39,,,0
140010019,'1179659',1320,,2677,39,,,0
140010019,'1179692',1020,,2678,38,,,0
