130029,'1178925',1503,,2343,12,,,0
130029,'1178989',1403,,2344,12,,,0
130029,'1179023',1603,,2345,12,,,0
130029,'1179120',1703,,2346,12,,,0
130029,'1179168',1303,,2347,12,,,0
130029,'1179423',903,,2348,12,,,0
130029,'1179469',1203,,2349,12,,,0
130029,'1179639',1003,,2350,12,,,0
130029,'1179657',1103,,2351,12,,,0
190013019,'1178916',1654,,2896,44,,,0
190013019,'1178919',2024,,2897,44,,,0
190013019,'1178920',1154,,2898,44,,,0
190013019,'1178929',824,,2899,44,,,0
190013019,'1178930',1724,,2900,44,,,0
190013019,'1178972',2024,,2901,44,,,0
190013019,'1178983',1254,,2902,44,,,0
190013019,'1178994',2224,,2903,44,,,0
190013019,'1178997',1224,,2904,44,,,0
190013019,'1179048',1554,,2905,44,,,0
190013019,'1179062',1624,,2906,44,,,0
190013019,'1179074',1354,,2907,44,,,0
190013019,'1179087',1324,,2908,44,,,0
190013019,'1179104',1054,,2909,44,,,0
190013019,'1179187',924,,2911,44,,,0
190013019,'1179202',1124,,2912,44,,,0
190013019,'1179203',1024,,2913,44,,,0
190013019,'1179212',1524,,2914,44,,,0
190013019,'1179219',1324,,2915,44,,,0
190013019,'1179243',824,,2916,44,,,0
190013019,'1179287',2224,,2917,44,,,0
190013019,'1179292',1124,,2918,44,,,0
190013019,'1179300',754,,2919,44,,,0
190013019,'1179354',624,,2920,12,,,0
190013019,'1179373',1024,,2921,44,,,0
190013019,'1179380',1424,,2922,44,,,0
190013019,'1179402',1424,,2923,44,,,0
190013019,'1179411',1454,,2924,44,,,0
190013019,'1179457',1924,,2925,44,,,0
190013019,'1179504',724,,2926,44,,,0
190013019,'1179507',954,,2927,44,,,0
190013019,'1179509',1224,,2928,44,,,0
190013019,'1179516',1624,,2929,44,,,0
190013019,'1179531',2124,,2930,44,,,0
190013019,'1179537',924,,2931,44,,,0
190013019,'1179539',1824,,2932,44,,,0
190013019,'1179546',724,,2933,44,,,0
190013019,'1179553',1924,,2934,44,,,0
190013019,'1179581',654,,2935,12,,,0
190013019,'1179591',1724,,2936,44,,,0
190013019,'1179611',1754,,2937,44,,,0
190013019,'1179635',1524,,2938,44,,,0
190013019,'1179694',854,,2939,44,,,0
190013019,'1179701',2124,,2940,44,,,0
190013019,'1179717',1824,,2941,44,,,0
