130019,'1179053',1724,,2334,4,,,0
130019,'1179067',1324,,2335,4,,,0
130019,'1179069',1024,,2336,4,,,0
130019,'1179093',1124,,2337,4,,,0
130019,'1179108',1224,,2338,4,,,0
130019,'1179294',1524,,2339,4,,,0
130019,'1179386',1624,,2340,4,,,0
130019,'1179541',924,,2341,4,,,0
130019,'1179675',1424,,2342,4,,,0
300019,'1180122',952,,3099,8,0,23 24 2 26,0
300019,'1180123',952,,3100,8,0,23 24 2 26,0
300019,'1180124',1552,,3101,8,0,23 24 2 26,0
300019,'1180127',722,,3104,8,0,23 24 2 26,0
300019,'1180128',1152,,3105,8,0,23 24 2 26,0
300019,'1180129',1752,,3106,8,0,23 24 2 26,0
300019,'1180135',1722,,3112,8,0,23 24 2 26,0
300019,'1180137',752,,3114,8,0,23 24 2 26,0
300019,'1180141',852,,3118,8,0,23 24 2 26,0
300019,'1180142',1452,,3119,8,0,23 24 2 26,0
300019,'1180144',1952,,3121,8,0,23 24 2 26,0
300019,'1180146',1952,,3123,8,0,23 24 2 26,0
300019,'1180147',2152,,3124,8,0,8 9 2 26,0
300019,'1180148',1552,,3125,8,0,23 24 2 26,0
300019,'1180149',1452,,3126,8,0,23 24 2 26,0
300019,'1180153',1052,,3130,8,0,23 24 2 26,0
300019,'1180154',1052,,3131,8,0,23 24 2 26,0
300019,'1180155',1352,,3132,8,0,23 24 2 26,0
300019,'1180157',2052,,3134,8,0,23 24 2 26,0
300019,'1180158',1822,,3135,8,0,8 9 2 26,0
300019,'1180160',1652,,3137,8,0,23 24 2 26,0
300019,'1180162',2152,,3139,8,0,8 9 2 26,0
300019,'1180163',1252,,3140,8,0,23 24 2 26,0
300019,'1180165',1352,,3142,8,0,23 24 2 26,0
300019,'1180170',922,,3147,8,0,23 24 2 26,0
300019,'1180171',752,,3148,8,0,23 24 2 26,0
300019,'1180172',1152,,3149,8,0,23 24 2 26,0
300019,'1180173',1852,,3150,8,0,23 24 2 26,0
300019,'1180174',1252,,3151,8,0,23 24 2 26,0
300019,'1180180',1622,,3157,8,0,23 24 2 26,0
300019,'1180184',1652,,3161,8,0,23 24 2 26,0
300019,'1180185',1752,,3162,8,0,23 24 2 26,0
300019,'1180186',822,,3163,8,0,23 24 2 26,0
300019,'1180187',1022,,3164,8,0,8 9 2 26,0
300019,'1180190',2052,,3167,8,0,23 24 2 26,0
300019,'1180192',1852,,3169,8,0,23 24 2 26,0
300019,'1180193',852,,3170,8,0,23 24 2 26,0
140012019,'1178913',1147,,2679,4,,,0
140012019,'1178923',1147,,2680,4,,,0
140012019,'1178934',947,,2681,4,,,0
140012019,'1178935',747,,2682,4,,,0
140012019,'1178953',847,,2683,4,,,0
140012019,'1178981',647,,2684,4,,,0
140012019,'1178986',1417,,2685,4,,,0
140012019,'1179006',1317,,2686,4,,,0
140012019,'1179011',717,,2687,4,,,0
140012019,'1179015',1847,,2688,4,,,0
140012019,'1179046',847,,2689,4,,,0
140012019,'1179102',1547,,2690,4,,,0
140012019,'1179154',1347,,2691,4,,,0
140012019,'1179183',1947,,2692,4,,,0
140012019,'1179185',917,,2693,4,,,0
140012019,'1179216',2247,,2694,4,0,8 21,0
140012019,'1179230',947,,2695,4,,,0
140012019,'1179233',1547,,2696,4,,,0
140012019,'1179236',747,,2697,4,,,0
140012019,'1179238',1447,,2698,4,,,0
140012019,'1179244',2047,,2699,4,,,0
140012019,'1179245',1847,,2700,4,,,0
140012019,'1179255',1817,,2702,4,0,8 21,0
140012019,'1179261',1047,,2703,4,,,0
140012019,'1179316',1947,,2704,4,,,0
140012019,'1179325',817,,2705,4,,,0
140012019,'1179348',1247,,2706,4,,,0
140012019,'1179359',1717,,2707,4,,,0
140012019,'1179372',2147,,2708,4,,,0
140012019,'1179387',1247,,2709,4,,,0
140012019,'1179399',1117,,2710,4,,,0
140012019,'1179425',2047,,2711,4,,,0
140012019,'1179444',1617,,2712,4,,,0
140012019,'1179495',1347,,2713,4,,,0
140012019,'1179499',1517,,2714,4,,,0
140012019,'1179510',1647,,2715,4,,,0
140012019,'1179511',2147,,2716,4,,,0
140012019,'1179526',1747,,2717,4,,,0
140012019,'1179556',1047,,2718,4,,,0
140012019,'1179567',1217,,2719,4,,,0
140012019,'1179578',2247,,2720,4,0,8 21,0
140012019,'1179644',1747,,2721,4,,,0
140012019,'1179693',1017,,2722,4,,,0
140012019,'1179704',1447,,2723,4,,,0
140012019,'1179715',1647,,2724,4,,,0
