140019,'1178969',1413,55,2352,40,,,0
140019,'1178977',1613,55,2353,40,,,0
140019,'1179164',1713,55,2354,40,,,0
140019,'1179344',1513,55,2355,40,,,0
140019,'1179352',1013,55,2356,40,,,0
140019,'1179462',1313,55,2357,40,,,0
140019,'1179512',1213,55,2358,40,,,0
140019,'1179518',1113,55,2359,40,,,0
140019,'1179634',1812,,2360,40,,,0
140014019,'1178954',1641,,2725,47,,,0
140014019,'1178955',1211,,2726,47,,,0
140014019,'1178974',1041,,2727,47,,,0
140014019,'1179007',1839,,2728,47,,,0
140014019,'1179027',1541,,2729,47,,,0
140014019,'1179052',839,,2730,47,,,0
140014019,'1179079',811,,2731,47,,,0
140014019,'1179080',1539,,2732,47,,,0
140014019,'1179082',911,,2733,47,,,0
140014019,'1179084',741,,2734,47,,,0
140014019,'1179111',2241,,2735,47,,,0
140014019,'1179143',841,,2736,47,,,0
140014019,'1179200',1311,,2737,47,,,0
140014019,'1179207',1811,,2738,47,,,0
140014019,'1179221',1439,,2739,47,,,0
140014019,'1179271',1241,,2740,47,,,0
140014019,'1179298',1739,,2741,47,,,0
140014019,'1179320',1511,,2742,47,,,0
140014019,'1179323',1039,,2743,47,,,0
140014019,'1179337',639,,2744,19,,,0
140014019,'1179350',939,,2745,47,,,0
140014019,'1179353',1841,,2746,47,,,0
140014019,'1179366',2039,,2747,47,,,0
140014019,'1179392',1639,,2748,47,,,0
140014019,'1179403',1941,,2749,47,,,0
140014019,'1179417',739,,2750,26,,,0
140014019,'1179433',1441,,2751,47,,,0
140014019,'1179443',1011,,2752,47,,,0
140014019,'1179446',1239,,2753,47,,,0
140014019,'1179449',1111,,2754,47,,,0
140014019,'1179493',1141,,2755,47,,,0
140014019,'1179513',641,,2756,19,,,0
140014019,'1179524',1741,,2757,47,,,0
140014019,'1179535',1411,,2758,47,,,0
140014019,'1179547',1339,,2759,47,,,0
140014019,'1179550',711,,2760,26,,,0
140014019,'1179561',1611,,2762,47,,,0
140014019,'1179577',1341,,2763,47,,,0
140014019,'1179598',2141,,2764,47,,,0
140014019,'1179600',2239,,2765,47,,,0
140014019,'1179608',1939,,2766,47,,,0
140014019,'1179636',1711,,2767,47,,,0
140014019,'1179638',941,,2768,47,,,0
140014019,'1179648',2041,,2769,47,,,0
140014019,'1179654',2139,,2770,47,,,0
140014019,'1179662',1139,,2771,47,,,0
