160029,'1178957',904,,2424,12,,,0
160029,'1179098',1404,,2425,12,,,0
160029,'1179137',1604,,2426,12,,,0
160029,'1179301',1204,,2427,12,,,0
160029,'1179398',1304,,2428,12,,,0
160029,'1179410',1704,,2429,12,,,0
160029,'1179543',1104,,2430,12,,,0
160029,'1179558',1004,,2431,12,,,0
160029,'1179623',1504,,2432,12,,,0
216019,'1178924',754,,2470,12,,,0
216019,'1178948',624,,2471,12,,,0
216019,'1178963',2124,,2472,12,,,0
216019,'1178968',1224,,2473,12,,,0
216019,'1179019',1754,,2474,12,,,0
216019,'1179021',1554,,2475,12,,,0
216019,'1179029',1424,,2476,12,,,0
216019,'1179050',1524,,2477,12,,,0
216019,'1179070',1424,,2478,12,,,0
216019,'1179075',1824,,2479,12,,,0
216019,'1179116',724,,2480,12,,,0
216019,'1179123',1324,,2481,12,,,0
216019,'1179160',1724,,2482,12,,,0
216019,'1179179',2024,,2483,12,,,0
216019,'1179181',1124,,2484,12,,,0
216019,'1179199',924,,2485,12,,,0
216019,'1179206',1524,,2486,12,,,0
216019,'1179328',1024,,2487,12,,,0
216019,'1179338',1224,,2488,12,,,0
216019,'1179345',824,,2489,12,,,0
216019,'1179368',1654,,2490,12,,,0
216019,'1179369',1024,,2491,12,,,0
216019,'1179374',1624,,2492,12,,,0
216019,'1179421',1824,,2493,12,,,0
216019,'1179431',1124,,2494,12,,,0
216019,'1179458',1924,,2495,12,,,0
216019,'1179488',724,,2496,12,,,0
216019,'1179523',1324,,2497,12,,,0
216019,'1179574',2024,,2498,12,,,0
216019,'1179582',1924,,2499,12,,,0
216019,'1179605',854,,2500,12,,,0
216019,'1179647',1724,,2501,12,,,0
216019,'1179669',824,,2502,12,,,0
216019,'1179695',2124,,2503,12,,,0
216019,'1179712',654,,2504,12,,,0
216019,'1179714',924,,2505,12,,,0
216019,'1179719',1624,,2506,12,,,0
