200019,'1179038',1438,,2433,6,,,0
200019,'1179081',1638,,2434,6,,,0
200019,'1179174',938,,2435,6,,,0
200019,'1179259',1138,,2436,6,,,0
200019,'1179289',1538,,2437,6,,,0
200019,'1179460',1738,,2438,6,,,0
200019,'1179585',1038,,2439,6,,,0
200019,'1179594',1338,,2440,6,,,0
200019,'1179655',1238,,2441,6,,,0
200019,'1179798',1338,,2442,6,,,0
200019,'1179810',1538,,2443,6,,,0
200019,'1179901',1138,,2444,6,,,0
200019,'1179903',1738,,2445,6,,,0
200019,'1179911',1438,,2446,6,,,0
200019,'1179939',1038,,2447,6,,,0
200019,'1179968',1638,,2448,6,,,0
200019,'1179973',938,,2449,6,,,0
200019,'1180054',1238,,2450,6,,,0
140016019,'1178912',1652,,2772,8,,,0
140016019,'1178941',752,,2773,8,,,0
140016019,'1179017',1222,,2775,8,0,8 21,0
140016019,'1179077',1722,,2777,8,,,0
140016019,'1179112',1852,,2778,8,,,0
140016019,'1179129',1152,,2779,8,,,0
140016019,'1179191',852,,2780,8,,,0
140016019,'1179254',1122,,2782,8,0,8 21,0
140016019,'1179256',822,,2783,8,,,0
140016019,'1179299',2152,,2785,8,,,0
140016019,'1179304',1252,,2786,8,,,0
140016019,'1179312',1552,,2787,8,,,0
140016019,'1179318',1752,,2788,8,,,0
140016019,'1179330',1952,,2789,8,,,0
140016019,'1179333',1352,,2790,8,,,0
140016019,'1179351',922,,2791,8,0,8 21,0
140016019,'1179357',1052,,2792,8,,,0
140016019,'1179371',1452,,2793,8,,,0
140016019,'1179389',1622,,2794,8,,,0
140016019,'1179503',1422,,2796,8,0,8 21,0
140016019,'1179517',1522,,2797,8,,,0
140016019,'1179536',722,,2798,8,,,0
140016019,'1179538',652,,2799,8,,,0
140016019,'1179562',1322,,2800,8,0,8 21,0
140016019,'1179569',1822,,2801,8,0,8 21,0
140016019,'1179601',2052,,2802,8,,,0
140016019,'1179663',952,,2803,8,,,0
140016019,'1179681',1022,,2804,8,0,8 21,0
140016019,'1179792',852,,2805,8,,,0
140016019,'1179800',1652,,2806,8,,,0
140016019,'1179808',1852,,2807,8,,,0
140016019,'1179822',1522,,2808,8,,,0
140016019,'1179827',822,,2809,8,,,0
140016019,'1179831',1552,,2810,8,,,0
140016019,'1179835',2152,,2811,8,,,0
140016019,'1179839',1322,,2812,8,0,8 21,0
140016019,'1179842',1122,,2813,8,0,8 21,0
140016019,'1179862',922,,2814,8,0,8 21,0
140016019,'1179868',1622,,2815,8,,,0
140016019,'1179875',1052,,2816,8,,,0
140016019,'1179881',1822,,2817,8,0,8 21,0
140016019,'1179886',1352,,2818,8,,,0
140016019,'1179897',1022,,2819,8,0,8 21,0
140016019,'1179904',1222,,2820,8,0,8 21,0
140016019,'1179907',1652,,2821,8,,,0
140016019,'1179913',1722,,2822,8,,,0
140016019,'1179926',1252,,2823,8,,,0
140016019,'1179938',1452,,2824,8,,,0
140016019,'1179943',2052,,2825,8,,,0
140016019,'1179945',752,,2826,8,,,0
140016019,'1179958',1352,,2827,8,,,0
140016019,'1179963',1752,,2828,8,,,0
140016019,'1179974',952,,2829,8,,,0
140016019,'1179976',652,,2830,8,,,0
140016019,'1179989',852,,2831,8,,,0
140016019,'1179991',1452,,2832,8,,,0
140016019,'1179997',1552,,2833,8,,,0
140016019,'1180006',952,,2834,8,,,0
140016019,'1180012',1852,,2835,8,,,0
140016019,'1180018',1052,,2836,8,,,0
140016019,'1180019',2152,,2837,8,,,0
140016019,'1180020',1952,,2838,8,,,0
140016019,'1180023',1252,,2839,8,,,0
140016019,'1180024',722,,2840,8,,,0
140016019,'1180028',752,,2841,8,,,0
140016019,'1180031',1952,,2842,8,,,0
140016019,'1180048',2052,,2843,8,,,0
140016019,'1180057',1752,,2844,8,,,0
140016019,'1180062',1422,,2845,8,0,8 21,0
140016019,'1180072',1152,,2846,8,,,0
140016019,'1180078',1152,,2847,8,,,0
