120019,'1178966',1358,,2316,43,,,0
120019,'1178998',1558,,2317,43,,,0
120019,'1179031',1658,,2318,43,,,0
120019,'1179149',1458,,2319,43,,,0
120019,'1179182',1158,,2320,43,,,0
120019,'1179282',958,,2321,43,,,0
120019,'1179296',1811,,2322,43,,,0
120019,'1179596',1058,,2323,43,,,0
120019,'1179628',1258,,2324,43,,,0
140016019,'1179005',632,,2774,1,,,0
140016019,'1179063',732,,2776,24,,,0
140016019,'1179225',702,,2781,1,,,0
140016019,'1179286',605,,2784,1,,,0
140016019,'1179440',632,,2795,1,,,0
140016019,'1179792',932,,2805,44,,,0
140016019,'1179800',1732,,2806,44,,,0
140016019,'1179808',1932,,2807,44,,,0
140016019,'1179822',1602,,2808,44,,,0
140016019,'1179827',902,,2809,44,,,0
140016019,'1179831',1632,,2810,44,,,0
140016019,'1179835',2232,,2811,44,,,0
140016019,'1179868',1702,,2815,44,,,0
140016019,'1179875',1132,,2816,44,,,0
140016019,'1179886',1432,,2818,44,,,0
140016019,'1179907',1732,,2821,44,,,0
140016019,'1179913',1802,,2822,44,,,0
140016019,'1179926',1332,,2823,44,,,0
140016019,'1179938',1532,,2824,44,,,0
140016019,'1179943',2132,,2825,44,,,0
140016019,'1179945',832,,2826,44,,,0
140016019,'1179958',1432,,2827,44,,,0
140016019,'1179963',1832,,2828,44,,,0
140016019,'1179974',1032,,2829,44,,,0
140016019,'1179976',732,,2830,44,,,0
140016019,'1179989',932,,2831,44,,,0
140016019,'1179991',1532,,2832,44,,,0
140016019,'1179997',1632,,2833,44,,,0
140016019,'1180006',1032,,2834,44,,,0
140016019,'1180012',1932,,2835,44,,,0
140016019,'1180018',1132,,2836,44,,,0
140016019,'1180019',2232,,2837,44,,,0
140016019,'1180020',2032,,2838,44,,,0
140016019,'1180023',1332,,2839,44,,,0
140016019,'1180024',802,,2840,44,,,0
140016019,'1180028',832,,2841,44,,,0
140016019,'1180031',2032,,2842,44,,,0
140016019,'1180048',2132,,2843,44,,,0
140016019,'1180057',1832,,2844,44,,,0
140016019,'1180072',1232,,2846,44,,,0
140016019,'1180078',1232,,2847,44,,,0
