120029,'1179032',1532,,2325,29,,,0
120029,'1179055',1332,,2326,29,,,0
120029,'1179056',1632,,2327,29,,,0
120029,'1179099',1732,,2328,29,,,0
120029,'1179153',932,,2329,29,,,0
120029,'1179222',1432,,2330,29,,,0
120029,'1179429',1132,,2331,29,,,0
120029,'1179447',1032,,2332,29,,,0
120029,'1179575',1232,,2333,29,,,0
140029,'1179802',1531,,2370,13,,,0
140029,'1179837',1331,,2371,13,,,0
140029,'1179865',1731,,2372,13,,,0
140029,'1179930',1231,,2373,13,,,0
140029,'1179947',1631,,2374,13,,,0
140029,'1179984',1431,,2375,13,,,0
140029,'1180047',931,,2376,13,,,0
140029,'1180060',1031,,2377,13,,,0
140029,'1180076',1131,,2378,13,,,0
200029,'1179229',1718,,2457,10,,,0
200029,'1179807',934,,2461,10,,,0
200029,'1179834',1334,,2462,10,,,0
200029,'1179867',1634,,2463,10,,,0
200029,'1179877',1134,,2464,10,,,0
200029,'1179888',1534,,2465,10,,,0
200029,'1179893',1234,,2466,10,,,0
200029,'1179998',1434,,2467,10,,,0
200029,'1180064',1034,,2469,10,,,0
190011019,'1178950',729,,2849,21,,,0
190011019,'1178970',1859,,2850,21,,,0
190011019,'1179009',1829,,2851,21,0,8 21,0
190011019,'1179040',2059,,2852,21,,,0
190011019,'1179145',859,,2854,21,,,0
190011019,'1179159',1759,,2856,21,,,0
190011019,'1179162',2254,,2857,21,0,12,0
190011019,'1179163',759,,2858,21,,,0
190011019,'1179248',659,,2859,21,,,0
190011019,'1179252',1759,,2860,21,,,0
190011019,'1179276',1959,,2861,21,,,0
190011019,'1179307',659,,2862,21,,,0
190011019,'1179332',1101,,2864,22,,,0
190011019,'1179340',859,,2865,21,,,0
190011019,'1179367',1729,,2866,21,,,0
190011019,'1179394',2159,,2869,21,,,0
190011019,'1179412',2254,,2870,21,0,12,0
190011019,'1179413',1301,,2871,22,,,0
190011019,'1179424',2159,,2872,21,,,0
190011019,'1179426',1401,,2873,22,,,0
190011019,'1179430',1601,,2874,22,,,0
190011019,'1179437',1101,,2875,22,,,0
190011019,'1179438',1601,,2876,22,,,0
190011019,'1179442',1859,,2877,21,,,0
190011019,'1179477',759,,2878,21,,,0
190011019,'1179521',1401,,2879,22,,,0
190011019,'1179528',1201,,2880,22,,,0
190011019,'1179555',1959,,2882,21,,,0
190011019,'1179572',1201,,2883,22,,,0
190011019,'1179590',1501,,2884,22,,,0
190011019,'1179619',1659,,2885,21,,,0
190011019,'1179642',959,,2886,21,,,0
190011019,'1179650',1301,,2887,22,,,0
190011019,'1179666',829,,2889,21,,,0
190011019,'1179677',2059,,2891,21,,,0
190011019,'1179678',929,,2892,21,,,0
190011019,'1179688',1659,,2893,21,,,0
190011019,'1179700',1501,,2894,22,,,0
190011019,'1179709',959,,2895,21,,,0
190017019,'1179790',1200,,3050,29,,,0
190017019,'1179796',1400,,3051,29,,,0
190017019,'1179813',2300,,3052,29,0,8 21,0
190017019,'1179821',1500,,3053,29,,,0
190017019,'1179824',630,,3054,29,,,0
190017019,'1179832',1100,,3055,29,,,0
190017019,'1179843',900,,3056,29,,,0
190017019,'1179845',2100,,3057,29,,,0
190017019,'1179847',2200,,3058,29,0,8 21,0
190017019,'1179859',1700,,3060,29,,,0
190017019,'1179863',1000,,3061,29,,,0
190017019,'1179870',830,,3062,29,,,0
190017019,'1179874',1300,,3063,29,,,0
190017019,'1179876',1900,,3064,29,,,0
190017019,'1179884',1630,,3065,29,,,0
190017019,'1179891',1600,,3066,29,,,0
190017019,'1179895',1830,,3067,29,0,8 21,0
190017019,'1179896',800,,3068,29,,,0
190017019,'1179899',1600,,3069,29,,,0
190017019,'1179905',700,,3070,29,,,0
190017019,'1179912',2100,,3071,29,,,0
190017019,'1179917',1800,,3072,29,,,0
190017019,'1179922',1400,,3073,29,,,0
190017019,'1179924',1500,,3074,29,,,0
190017019,'1179953',2200,,3078,29,0,8 21,0
190017019,'1179955',900,,3079,29,,,0
190017019,'1179971',1300,,3080,29,,,0
190017019,'1179977',1900,,3081,29,,,0
190017019,'1179978',1100,,3082,29,,,0
190017019,'1179979',1730,,3083,29,,,0
190017019,'1179986',800,,3084,29,,,0
190017019,'1179987',1000,,3085,29,,,0
190017019,'1179994',1700,,3086,29,,,0
190017019,'1180001',930,,3087,29,,,0
190017019,'1180005',700,,3089,29,,,0
190017019,'1180041',2300,,3091,29,0,8 21,0
190017019,'1180050',2000,,3092,29,,,0
190017019,'1180055',1200,,3093,29,,,0
190017019,'1180056',1800,,3094,29,,,0
190017019,'1180065',2000,,3095,29,,,0
190017019,'1180069',730,,3096,29,,,0
