160029,'1178957',915,,2424,31,,,0
160029,'1179098',1415,,2425,31,,,0
160029,'1179137',1615,,2426,31,,,0
160029,'1179301',1215,,2427,31,,,0
160029,'1179398',1315,,2428,31,,,0
160029,'1179410',1715,,2429,31,,,0
160029,'1179543',1115,,2430,31,,,0
160029,'1179558',1015,,2431,31,,,0
160029,'1179623',1515,,2432,31,,,0
216019,'1178924',805,,2470,33,,,0
216019,'1178948',635,,2471,33,,,0
216019,'1178963',2135,,2472,33,,,0
216019,'1178968',1235,,2473,33,,,0
216019,'1179019',1805,,2474,33,,,0
216019,'1179021',1605,,2475,33,,,0
216019,'1179029',1435,,2476,33,,,0
216019,'1179050',1535,,2477,33,,,0
216019,'1179070',1435,,2478,33,,,0
216019,'1179075',1835,,2479,33,,,0
216019,'1179116',737,,2480,34,,,0
216019,'1179123',1335,,2481,33,,,0
216019,'1179160',1737,,2482,34,,,0
216019,'1179179',2035,,2483,33,,,0
216019,'1179181',1135,,2484,33,,,0
216019,'1179199',935,,2485,33,,,0
216019,'1179206',1535,,2486,33,,,0
216019,'1179328',1035,,2487,33,,,0
216019,'1179338',1235,,2488,33,,,0
216019,'1179345',835,,2489,33,,,0
216019,'1179368',1707,,2490,34,,,0
216019,'1179369',1035,,2491,33,,,0
216019,'1179374',1637,,2492,34,,,0
216019,'1179421',1835,,2493,33,,,0
216019,'1179431',1135,,2494,33,,,0
216019,'1179458',1935,,2495,33,,,0
216019,'1179488',735,,2496,33,,,0
216019,'1179523',1335,,2497,33,,,0
216019,'1179574',2035,,2498,33,,,0
216019,'1179582',1935,,2499,33,,,0
216019,'1179605',905,,2500,33,,,0
216019,'1179647',1735,,2501,33,,,0
216019,'1179669',835,,2502,33,,,0
216019,'1179695',2135,,2503,33,,,0
216019,'1179712',707,,2504,34,,,0
216019,'1179714',935,,2505,33,,,0
216019,'1179719',1635,,2506,33,,,0
