110019,'1178947',939,,2239,13,,,0
110019,'1178964',1439,,2240,13,,,0
110019,'1178973',1739,,2241,13,,,0
110019,'1179028',1539,,2242,13,,,0
110019,'1179105',1639,,2243,13,,,0
110019,'1179114',1039,,2244,13,,,0
110019,'1179176',1239,,2245,13,,,0
110019,'1179184',1339,,2246,13,,,0
110019,'1179290',1139,,2247,13,,,0
140010019,'1178914',1119,,2633,15,0,8 21,0
140010019,'1178921',1449,,2634,15,,,0
140010019,'1178922',949,,2635,15,,,0
140010019,'1178936',719,,2636,15,,,0
140010019,'1178946',2249,,2637,15,0,8 21,0
140010019,'1178979',1049,,2638,15,,,0
140010019,'1179012',749,,2639,15,,,0
140010019,'1179037',1949,,2640,15,,,0
140010019,'1179103',1549,,2641,15,,,0
140010019,'1179122',1319,,2642,15,0,8 21,0
140010019,'1179131',1149,,2643,15,,,0
140010019,'1179140',2149,,2644,15,,,0
140010019,'1179147',919,,2645,15,0,8 21,0
140010019,'1179157',649,,2646,15,,,0
140010019,'1179167',1049,,2647,15,,,0
140010019,'1179178',1749,,2648,15,,,0
140010019,'1179180',2149,,2649,15,,,0
140010019,'1179188',1449,,2650,15,,,0
140010019,'1179217',1949,,2651,15,,,0
140010019,'1179232',1519,,2652,15,0,8 21,0
140010019,'1179251',1619,,2653,15,,,0
140010019,'1179253',819,,2654,15,,,0
140010019,'1179268',1719,,2655,15,,,0
140010019,'1179270',1649,,2656,15,,,0
140010019,'1179336',849,,2658,15,,,0
140010019,'1179347',749,,2659,15,,,0
140010019,'1179361',2049,,2660,15,,,0
140010019,'1179396',2049,,2661,15,,,0
140010019,'1179408',2249,,2662,15,0,8 21,0
140010019,'1179415',1149,,2663,15,,,0
140010019,'1179445',1349,,2664,15,,,0
140010019,'1179452',1749,,2665,15,,,0
140010019,'1179453',1349,,2666,15,,,0
140010019,'1179479',1249,,2667,15,,,0
140010019,'1179483',1219,,2668,15,0,8 21,0
140010019,'1179494',1649,,2669,15,,,0
140010019,'1179496',1549,,2670,15,,,0
140010019,'1179498',1419,,2671,15,0,8 21,0
140010019,'1179544',1849,,2672,15,,,0
140010019,'1179548',1019,,2673,15,0,8 21,0
140010019,'1179613',1849,,2674,15,,,0
140010019,'1179620',849,,2675,15,,,0
140010019,'1179629',1819,,2676,15,0,8 21,0
140010019,'1179659',1249,,2677,15,,,0
140010019,'1179692',949,,2678,15,,,0
