150029,'1179828',1026,,2397,29,,,0
150029,'1179915',1226,,2398,29,,,0
150029,'1179932',926,,2399,29,,,0
150029,'1179948',1526,,2400,29,,,0
150029,'1179983',1326,,2401,29,,,0
150029,'1180009',1126,,2402,29,,,0
150029,'1180017',1726,,2403,29,,,0
150029,'1180040',1626,,2404,29,,,0
150029,'1180079',1426,,2405,29,,,0
300019,'1179789',704,,2559,12,0,23 24 2 25,0
300019,'1179794',1934,,2560,13,0,23 24 2 25,0
300019,'1179797',1734,,2562,13,0,23 24 2 25,0
300019,'1179830',834,,2568,13,0,23 24 2 25,0
300019,'1179848',2034,,2574,13,0,23 24 2 25,0
300019,'1179857',1804,,2580,13,0,23 24 2 25,0
300019,'1179880',934,,2586,13,0,23 24 2 25,0
300019,'1179889',1004,,2589,13,0,23 24 2 25,0
300019,'1179892',1234,,2590,13,0,23 24 2 25,0
300019,'1179900',1704,,2592,13,0,23 24 2 25,0
300019,'1179916',1034,,2597,13,0,23 24 2 25,0
300019,'1179927',1834,,2599,13,0,23 24 2 25,0
300019,'1179928',804,,2600,13,0,23 24 2 25,0
300019,'1179937',2134,,2601,13,0,23 24 2 25,0
300019,'1179962',1534,,2606,13,0,23 24 2 25,0
300019,'1179990',1434,,2613,13,0,23 24 2 25,0
300019,'1179993',1634,,2614,13,0,23 24 2 25,0
300019,'1180030',734,,2619,13,0,23 24 2 25,0
300019,'1180038',1334,,2622,13,0,23 24 2 25,0
300019,'1180039',1604,,2623,13,0,23 24 2 25,0
300019,'1180051',1134,,2627,13,0,23 24 2 25,0
300019,'1180066',904,,2630,13,0,23 24 2 25,0
300019,'1180121',704,,3098,12,0,23 24 2 25,0
300019,'1180125',734,,3102,12,0,23 24 2 25,0
300019,'1180126',1434,,3103,13,0,23 24 2 25,0
300019,'1180130',934,,3107,13,0,23 24 2 25,0
300019,'1180131',1234,,3108,13,0,23 24 2 25,0
300019,'1180132',1134,,3109,13,0,23 24 2 25,0
300019,'1180133',2134,,3110,13,0,23 24 2 25,0
300019,'1180134',1604,,3111,13,0,23 24 2 25,0
300019,'1180136',834,,3113,13,0,23 24 2 25,0
300019,'1180138',1134,,3115,13,0,23 24 2 25,0
300019,'1180139',1334,,3116,13,0,23 24 2 25,0
300019,'1180140',1634,,3117,13,0,23 24 2 25,0
300019,'1180143',1804,,3120,13,0,23 24 2 25,0
300019,'1180145',1434,,3122,13,0,23 24 2 25,0
300019,'1180150',904,,3127,13,0,23 24 2 25,0
300019,'1180151',2034,,3128,13,0,23 24 2 25,0
300019,'1180152',834,,3129,13,0,23 24 2 25,0
300019,'1180156',934,,3133,13,0,23 24 2 25,0
300019,'1180159',1004,,3136,13,0,23 24 2 25,0
300019,'1180161',1734,,3138,13,0,23 24 2 25,0
300019,'1180164',1034,,3141,13,0,23 24 2 25,0
300019,'1180166',1534,,3143,13,0,23 24 2 25,0
300019,'1180167',1234,,3144,13,0,23 24 2 25,0
300019,'1180168',1934,,3145,13,0,23 24 2 25,0
300019,'1180169',1734,,3146,13,0,23 24 2 25,0
300019,'1180175',734,,3152,13,0,23 24 2 25,0
300019,'1180176',1034,,3153,13,0,23 24 2 25,0
300019,'1180177',1704,,3154,13,0,23 24 2 25,0
300019,'1180178',1634,,3155,13,0,23 24 2 25,0
300019,'1180179',1534,,3156,13,0,23 24 2 25,0
300019,'1180181',2134,,3158,13,0,23 24 2 25,0
300019,'1180182',1834,,3159,13,0,23 24 2 25,0
300019,'1180183',804,,3160,13,0,23 24 2 25,0
300019,'1180188',2034,,3165,13,0,23 24 2 25,0
300019,'1180189',1934,,3166,13,0,23 24 2 25,0
300019,'1180191',1834,,3168,13,0,23 24 2 25,0
300019,'1180194',1334,,3171,13,0,23 24 2 25,0
140014019,'1178954',1549,,2725,6,,,0
140014019,'1178955',1119,,2726,6,,,0
140014019,'1178974',949,,2727,6,,,0
140014019,'1179007',1749,,2728,6,,,0
140014019,'1179027',1449,,2729,6,,,0
140014019,'1179052',749,,2730,6,,,0
140014019,'1179079',719,,2731,6,,,0
140014019,'1179080',1449,,2732,6,,,0
140014019,'1179082',819,,2733,6,,,0
140014019,'1179084',649,,2734,6,,,0
140014019,'1179111',2149,,2735,6,,,0
140014019,'1179143',749,,2736,6,,,0
140014019,'1179200',1219,,2737,6,,,0
140014019,'1179207',1719,,2738,6,,,0
140014019,'1179221',1349,,2739,6,,,0
140014019,'1179271',1149,,2740,6,,,0
140014019,'1179298',1649,,2741,6,,,0
140014019,'1179320',1419,,2742,6,,,0
140014019,'1179323',949,,2743,6,,,0
140014019,'1179350',849,,2745,6,,,0
140014019,'1179353',1749,,2746,6,,,0
140014019,'1179366',1949,,2747,6,,,0
140014019,'1179392',1549,,2748,6,,,0
140014019,'1179403',1849,,2749,6,,,0
140014019,'1179433',1349,,2751,6,,,0
140014019,'1179443',919,,2752,6,,,0
140014019,'1179446',1149,,2753,6,,,0
140014019,'1179449',1019,,2754,6,,,0
140014019,'1179493',1049,,2755,6,,,0
140014019,'1179524',1649,,2757,6,,,0
140014019,'1179535',1319,,2758,6,,,0
140014019,'1179547',1249,,2759,6,,,0
140014019,'1179557',1819,,2761,6,0,8 21,0
140014019,'1179561',1519,,2762,6,,,0
140014019,'1179577',1249,,2763,6,,,0
140014019,'1179598',2049,,2764,6,,,0
140014019,'1179600',2149,,2765,6,,,0
140014019,'1179608',1849,,2766,6,,,0
140014019,'1179636',1619,,2767,6,,,0
140014019,'1179638',849,,2768,6,,,0
140014019,'1179648',1949,,2769,6,,,0
140014019,'1179654',2049,,2770,6,,,0
140014019,'1179662',1049,,2771,6,,,0
