120029,'1179032',1558,,2325,38,,,0
120029,'1179055',1358,,2326,38,,,0
120029,'1179056',1658,,2327,38,,,0
120029,'1179099',1811,,2328,38,,,0
120029,'1179153',958,,2329,38,,,0
120029,'1179222',1458,,2330,38,,,0
120029,'1179429',1158,,2331,38,,,0
120029,'1179447',1058,,2332,38,,,0
120029,'1179575',1258,,2333,38,,,0
140012019,'1178913',1227,,2679,42,,,0
140012019,'1178923',1227,,2680,42,,,0
140012019,'1178934',1027,,2681,42,,,0
140012019,'1178935',827,,2682,42,,,0
140012019,'1178953',927,,2683,42,,,0
140012019,'1178981',727,,2684,42,,,0
140012019,'1178986',1457,,2685,42,,,0
140012019,'1179006',1357,,2686,42,,,0
140012019,'1179011',757,,2687,42,,,0
140012019,'1179015',1927,,2688,42,,,0
140012019,'1179046',927,,2689,42,,,0
140012019,'1179102',1627,,2690,42,,,0
140012019,'1179154',1427,,2691,42,,,0
140012019,'1179183',2027,,2692,42,,,0
140012019,'1179185',957,,2693,42,,,0
140012019,'1179230',1027,,2695,42,,,0
140012019,'1179233',1627,,2696,42,,,0
140012019,'1179236',827,,2697,42,,,0
140012019,'1179238',1527,,2698,42,,,0
140012019,'1179244',2127,,2699,42,,,0
140012019,'1179245',1927,,2700,42,,,0
140012019,'1179250',727,,2701,20,,,0
140012019,'1179261',1127,,2703,42,,,0
140012019,'1179316',2027,,2704,42,,,0
140012019,'1179325',857,,2705,42,,,0
140012019,'1179348',1327,,2706,42,,,0
140012019,'1179359',1757,,2707,42,,,0
140012019,'1179372',2227,,2708,42,,,0
140012019,'1179387',1327,,2709,42,,,0
140012019,'1179399',1157,,2710,42,,,0
140012019,'1179425',2127,,2711,42,,,0
140012019,'1179444',1657,,2712,42,,,0
140012019,'1179495',1427,,2713,42,,,0
140012019,'1179499',1557,,2714,42,,,0
140012019,'1179510',1727,,2715,42,,,0
140012019,'1179511',2227,,2716,42,,,0
140012019,'1179526',1827,,2717,42,,,0
140012019,'1179556',1127,,2718,42,,,0
140012019,'1179567',1257,,2719,42,,,0
140012019,'1179644',1827,,2721,42,,,0
140012019,'1179693',1057,,2722,42,,,0
140012019,'1179704',1527,,2723,42,,,0
140012019,'1179715',1727,,2724,42,,,0
