130019,'1179053',1722,,2334,2,,,0
130019,'1179067',1322,,2335,2,,,0
130019,'1179069',1022,,2336,2,,,0
130019,'1179093',1122,,2337,2,,,0
130019,'1179108',1222,,2338,2,,,0
130019,'1179294',1522,,2339,2,,,0
130019,'1179386',1622,,2340,2,,,0
130019,'1179541',922,,2341,2,,,0
130019,'1179675',1422,,2342,2,,,0
300019,'1180122',949,,3099,6,0,23 24 2 26,0
300019,'1180123',949,,3100,6,0,23 24 2 26,0
300019,'1180124',1549,,3101,6,0,23 24 2 26,0
300019,'1180127',719,,3104,6,0,23 24 2 26,0
300019,'1180128',1149,,3105,6,0,23 24 2 26,0
300019,'1180129',1749,,3106,6,0,23 24 2 26,0
300019,'1180135',1719,,3112,6,0,23 24 2 26,0
300019,'1180137',749,,3114,6,0,23 24 2 26,0
300019,'1180141',849,,3118,6,0,23 24 2 26,0
300019,'1180142',1449,,3119,6,0,23 24 2 26,0
300019,'1180144',1949,,3121,6,0,23 24 2 26,0
300019,'1180146',1949,,3123,6,0,23 24 2 26,0
300019,'1180147',2149,,3124,6,0,8 9 2 26,0
300019,'1180148',1549,,3125,6,0,23 24 2 26,0
300019,'1180149',1449,,3126,6,0,23 24 2 26,0
300019,'1180153',1049,,3130,6,0,23 24 2 26,0
300019,'1180154',1049,,3131,6,0,23 24 2 26,0
300019,'1180155',1349,,3132,6,0,23 24 2 26,0
300019,'1180157',2049,,3134,6,0,23 24 2 26,0
300019,'1180158',1819,,3135,6,0,8 9 2 26,0
300019,'1180160',1649,,3137,6,0,23 24 2 26,0
300019,'1180162',2149,,3139,6,0,8 9 2 26,0
300019,'1180163',1249,,3140,6,0,23 24 2 26,0
300019,'1180165',1349,,3142,6,0,23 24 2 26,0
300019,'1180170',919,,3147,6,0,23 24 2 26,0
300019,'1180171',749,,3148,6,0,23 24 2 26,0
300019,'1180172',1149,,3149,6,0,23 24 2 26,0
300019,'1180173',1849,,3150,6,0,23 24 2 26,0
300019,'1180174',1249,,3151,6,0,23 24 2 26,0
300019,'1180180',1619,,3157,6,0,23 24 2 26,0
300019,'1180184',1649,,3161,6,0,23 24 2 26,0
300019,'1180185',1749,,3162,6,0,23 24 2 26,0
300019,'1180186',819,,3163,6,0,23 24 2 26,0
300019,'1180187',1019,,3164,6,0,8 9 2 26,0
300019,'1180190',2049,,3167,6,0,23 24 2 26,0
300019,'1180192',1849,,3169,6,0,23 24 2 26,0
300019,'1180193',849,,3170,6,0,23 24 2 26,0
140012019,'1178913',1145,,2679,2,,,0
140012019,'1178923',1145,,2680,2,,,0
140012019,'1178934',945,,2681,2,,,0
140012019,'1178935',745,,2682,2,,,0
140012019,'1178953',845,,2683,2,,,0
140012019,'1178981',645,,2684,2,,,0
140012019,'1178986',1415,,2685,2,,,0
140012019,'1179006',1315,,2686,2,,,0
140012019,'1179011',715,,2687,2,,,0
140012019,'1179015',1845,,2688,2,,,0
140012019,'1179046',845,,2689,2,,,0
140012019,'1179102',1545,,2690,2,,,0
140012019,'1179154',1345,,2691,2,,,0
140012019,'1179183',1945,,2692,2,,,0
140012019,'1179185',915,,2693,2,,,0
140012019,'1179216',2245,,2694,2,0,8 21,0
140012019,'1179230',945,,2695,2,,,0
140012019,'1179233',1545,,2696,2,,,0
140012019,'1179236',745,,2697,2,,,0
140012019,'1179238',1445,,2698,2,,,0
140012019,'1179244',2045,,2699,2,,,0
140012019,'1179245',1845,,2700,2,,,0
140012019,'1179255',1815,,2702,2,0,8 21,0
140012019,'1179261',1045,,2703,2,,,0
140012019,'1179316',1945,,2704,2,,,0
140012019,'1179325',815,,2705,2,,,0
140012019,'1179348',1245,,2706,2,,,0
140012019,'1179359',1715,,2707,2,,,0
140012019,'1179372',2145,,2708,2,,,0
140012019,'1179387',1245,,2709,2,,,0
140012019,'1179399',1115,,2710,2,,,0
140012019,'1179425',2045,,2711,2,,,0
140012019,'1179444',1615,,2712,2,,,0
140012019,'1179495',1345,,2713,2,,,0
140012019,'1179499',1515,,2714,2,,,0
140012019,'1179510',1645,,2715,2,,,0
140012019,'1179511',2145,,2716,2,,,0
140012019,'1179526',1745,,2717,2,,,0
140012019,'1179556',1045,,2718,2,,,0
140012019,'1179567',1215,,2719,2,,,0
140012019,'1179578',2245,,2720,2,0,8 21,0
140012019,'1179644',1745,,2721,2,,,0
140012019,'1179693',1015,,2722,2,,,0
140012019,'1179704',1445,,2723,2,,,0
140012019,'1179715',1645,,2724,2,,,0
