150029,'1178980',1115,,2388,23,,,0
150029,'1179059',915,,2389,23,,,0
150029,'1179210',1315,,2390,23,,,0
150029,'1179274',1715,,2391,23,,,0
150029,'1179311',1015,,2392,23,,,0
150029,'1179362',1615,,2393,23,,,0
150029,'1179450',1415,,2394,23,,,0
150029,'1179616',1215,,2395,23,,,0
150029,'1179674',1515,,2396,23,,,0
150029,'1179828',1015,,2397,22,,,0
150029,'1179915',1215,,2398,22,,,0
150029,'1179932',915,,2399,22,,,0
150029,'1179948',1515,,2400,22,,,0
150029,'1179983',1315,,2401,22,,,0
150029,'1180009',1115,,2402,22,,,0
150029,'1180017',1715,,2403,22,,,0
150029,'1180040',1615,,2404,22,,,0
150029,'1180079',1415,,2405,22,,,0
190015019,'1178937',1206,,2942,43,,,0
190015019,'1178958',1036,,2944,43,,,0
190015019,'1179073',1406,,2945,43,,,0
190015019,'1179083',636,,2946,18,,,0
190015019,'1179089',1236,,2947,43,,,0
190015019,'1179095',1736,,2948,43,,,0
190015019,'1179152',1006,,2949,43,,,0
190015019,'1179170',836,,2951,43,,,0
190015019,'1179226',1836,,2952,43,,,0
190015019,'1179329',1706,,2954,43,,,0
190015019,'1179378',2036,,2955,43,,,0
190015019,'1179382',1806,,2956,43,,,0
190015019,'1179414',1536,,2957,43,,,0
190015019,'1179456',1606,,2958,43,,,0
190015019,'1179465',1636,,2959,43,,,0
190015019,'1179480',1336,,2960,43,,,0
190015019,'1179489',1306,,2961,43,,,0
190015019,'1179491',1136,,2962,43,,,0
190015019,'1179501',1106,,2963,43,,,0
190015019,'1179560',2136,,2964,43,,,0
190015019,'1179563',1436,,2965,43,,,0
190015019,'1179576',1936,,2966,43,,,0
190015019,'1179602',906,,2967,43,,,0
190015019,'1179633',806,,2968,43,,,0
190015019,'1179637',706,,2969,18,,,0
190015019,'1179652',936,,2970,43,,,0
190015019,'1179679',1506,,2971,43,,,0
190015019,'1179716',736,,2972,43,,,0
190015019,'1179791',2136,,2973,43,,,0
190015019,'1179793',736,,2974,43,,,0
190015019,'1179804',736,,2975,43,,,0
190015019,'1179812',1136,,2976,43,,,0
190015019,'1179819',836,,2977,43,,,0
190015019,'1179825',1236,,2978,43,,,0
190015019,'1179856',906,,2980,43,,,0
190015019,'1179872',836,,2981,43,,,0
190015019,'1179885',1706,,2982,43,,,0
190015019,'1179887',1436,,2983,43,,,0
190015019,'1179898',1536,,2984,43,,,0
190015019,'1179909',1036,,2985,43,,,0
190015019,'1179919',1836,,2986,43,,,0
190015019,'1179920',936,,2987,43,,,0
190015019,'1179923',1506,,2988,43,,,0
190015019,'1179931',2136,,2989,43,,,0
190015019,'1179935',1736,,2991,43,,,0
190015019,'1179940',1206,,2992,43,,,0
190015019,'1179952',1236,,2993,43,,,0
190015019,'1179960',1336,,2994,43,,,0
190015019,'1179961',1536,,2995,43,,,0
190015019,'1179980',1106,,2997,43,,,0
190015019,'1179982',1806,,2998,43,,,0
190015019,'1179992',1606,,2999,43,,,0
190015019,'1179995',1136,,3000,43,,,0
190015019,'1179999',1306,,3001,43,,,0
190015019,'1180013',1936,,3002,43,,,0
190015019,'1180014',2036,,3003,43,,,0
190015019,'1180015',1006,,3004,43,,,0
190015019,'1180016',2036,,3005,43,,,0
190015019,'1180026',1936,,3007,43,,,0
190015019,'1180029',1036,,3008,43,,,0
190015019,'1180044',1636,,3009,43,,,0
190015019,'1180058',1406,,3011,43,,,0
190015019,'1180059',1736,,3012,43,,,0
190015019,'1180068',1836,,3013,43,,,0
190015019,'1180070',1636,,3014,43,,,0
190015019,'1180075',936,,3015,43,,,0
190015019,'1180077',1336,,3016,43,,,0
190015019,'1180080',806,,3017,43,,,0
190015019,'1180081',1436,,3018,43,,,0
