110029,'1178926',1256,,2248,2,,,0
110029,'1179044',856,,2249,2,,,0
110029,'1179118',1056,,2250,2,,,0
110029,'1179173',1156,,2251,2,,,0
110029,'1179459',1656,,2252,2,,,0
110029,'1179534',1356,,2253,2,,,0
110029,'1179542',1556,,2254,2,,,0
110029,'1179690',956,,2255,2,,,0
110029,'1179707',1456,,2256,2,,,0
200029,'1178971',1056,,2451,13,,,0
200029,'1179034',1656,,2452,13,,,0
200029,'1179043',1256,,2453,13,,,0
200029,'1179091',1456,,2454,13,,,0
200029,'1179144',856,,2455,3,,,0
200029,'1179198',1156,,2456,13,,,0
200029,'1179283',1356,,2458,13,,,0
200029,'1179383',1556,,2459,13,,,0
200029,'1179689',956,,2460,13,,,0
200029,'1179807',956,,2461,13,,,0
200029,'1179834',1356,,2462,13,,,0
200029,'1179867',1656,,2463,13,,,0
200029,'1179877',1156,,2464,13,,,0
200029,'1179888',1556,,2465,13,,,0
200029,'1179893',1256,,2466,13,,,0
200029,'1179998',1456,,2467,13,,,0
200029,'1180053',856,,2468,3,,,0
200029,'1180064',1056,,2469,13,,,0
190011019,'1178945',1546,,2848,2,,,0
190011019,'1178950',746,,2849,26,,,0
190011019,'1178970',1916,,2850,26,,,0
190011019,'1179040',2116,,2852,26,,,0
190011019,'1179064',1046,,2853,2,,,0
190011019,'1179145',916,,2854,26,,,0
190011019,'1179146',1146,,2855,2,,,0
190011019,'1179159',1816,,2856,26,,,0
190011019,'1179163',816,,2858,26,,,0
190011019,'1179248',716,,2859,26,,,0
190011019,'1179252',1816,,2860,26,,,0
190011019,'1179276',2016,,2861,26,,,0
190011019,'1179307',716,,2862,26,,,0
190011019,'1179317',1246,,2863,2,,,0
190011019,'1179332',1116,,2864,27,,,0
190011019,'1179340',916,,2865,26,,,0
190011019,'1179367',1746,,2866,26,,,0
190011019,'1179375',1446,,2867,2,,,0
190011019,'1179393',1646,,2868,2,,,0
190011019,'1179394',2216,,2869,26,,,0
190011019,'1179413',1316,,2871,27,,,0
190011019,'1179424',2216,,2872,26,,,0
190011019,'1179426',1416,,2873,27,,,0
190011019,'1179430',1616,,2874,27,,,0
190011019,'1179437',1116,,2875,27,,,0
190011019,'1179438',1616,,2876,27,,,0
190011019,'1179442',1916,,2877,26,,,0
190011019,'1179477',816,,2878,26,,,0
190011019,'1179521',1416,,2879,27,,,0
190011019,'1179528',1216,,2880,27,,,0
190011019,'1179530',646,,2881,2,,,0
190011019,'1179555',2016,,2882,26,,,0
190011019,'1179572',1216,,2883,27,,,0
190011019,'1179590',1516,,2884,27,,,0
190011019,'1179619',1716,,2885,26,,,0
190011019,'1179642',1016,,2886,26,,,0
190011019,'1179650',1316,,2887,27,,,0
190011019,'1179665',616,,2888,5,,,0
190011019,'1179666',846,,2889,26,,,0
190011019,'1179672',1346,,2890,2,,,0
190011019,'1179677',2116,,2891,26,,,0
190011019,'1179678',946,,2892,26,,,0
190011019,'1179688',1716,,2893,26,,,0
190011019,'1179700',1516,,2894,27,,,0
190011019,'1179709',1016,,2895,26,,,0
190017019,'1178932',946,,3019,35,,,0
190017019,'1178967',1446,,3020,2,,,0
190017019,'1179016',646,,3023,35,,,0
190017019,'1179076',616,,3024,2,,,0
190017019,'1179092',716,,3025,35,,,0
190017019,'1179151',1916,,3026,35,,,0
190017019,'1179161',1746,,3027,35,,,0
190017019,'1179277',846,,3028,35,,,0
190017019,'1179309',1346,,3029,2,,,0
190017019,'1179377',1546,,3030,2,,,0
190017019,'1179384',1246,,3031,2,,,0
190017019,'1179427',1316,,3032,35,,,0
190017019,'1179455',1416,,3033,35,,,0
190017019,'1179492',1146,,3034,2,,,0
190017019,'1179519',1816,,3035,35,,,0
190017019,'1179533',746,,3037,35,,,0
190017019,'1179565',1046,,3038,2,,,0
190017019,'1179573',1216,,3039,35,,,0
190017019,'1179579',1116,,3040,35,,,0
190017019,'1179599',2116,,3041,35,,,0
190017019,'1179610',2016,,3042,35,,,0
190017019,'1179626',1646,,3043,35,,,0
190017019,'1179667',816,,3044,35,,,0
190017019,'1179680',1616,,3045,35,,,0
190017019,'1179683',916,,3046,35,,,0
190017019,'1179686',1516,,3047,35,,,0
190017019,'1179699',1016,,3048,35,,,0
190017019,'1179710',1716,,3049,35,,,0
190017019,'1179790',1216,,3050,34,,,0
190017019,'1179796',1416,,3051,34,,,0
190017019,'1179821',1516,,3053,34,,,0
190017019,'1179824',646,,3054,34,,,0
190017019,'1179832',1116,,3055,34,,,0
190017019,'1179843',916,,3056,34,,,0
190017019,'1179845',2116,,3057,34,,,0
190017019,'1179849',1146,,3059,2,,,0
190017019,'1179859',1716,,3060,34,,,0
190017019,'1179863',1016,,3061,34,,,0
190017019,'1179870',846,,3062,34,,,0
190017019,'1179874',1316,,3063,34,,,0
190017019,'1179876',1916,,3064,34,,,0
190017019,'1179884',1646,,3065,34,,,0
190017019,'1179891',1616,,3066,34,,,0
190017019,'1179896',816,,3068,34,,,0
190017019,'1179899',1616,,3069,34,,,0
190017019,'1179905',716,,3070,34,,,0
190017019,'1179912',2116,,3071,34,,,0
190017019,'1179917',1816,,3072,34,,,0
190017019,'1179922',1416,,3073,34,,,0
190017019,'1179924',1516,,3074,34,,,0
190017019,'1179925',1546,,3075,2,,,0
190017019,'1179941',1246,,3076,2,,,0
190017019,'1179949',616,,3077,2,,,0
190017019,'1179955',916,,3079,34,,,0
190017019,'1179971',1316,,3080,34,,,0
190017019,'1179977',1916,,3081,34,,,0
190017019,'1179978',1116,,3082,34,,,0
190017019,'1179979',1746,,3083,34,,,0
190017019,'1179986',816,,3084,34,,,0
190017019,'1179987',1016,,3085,34,,,0
190017019,'1179994',1716,,3086,34,,,0
190017019,'1180001',946,,3087,34,,,0
190017019,'1180002',1446,,3088,2,,,0
190017019,'1180005',716,,3089,34,,,0
190017019,'1180033',1346,,3090,2,,,0
190017019,'1180050',2016,,3092,34,,,0
190017019,'1180055',1216,,3093,34,,,0
190017019,'1180056',1816,,3094,34,,,0
190017019,'1180065',2016,,3095,34,,,0
190017019,'1180069',746,,3096,34,,,0
190017019,'1180074',1046,,3097,2,,,0
