150029,'1178980',1100,,2388,6,,,0
150029,'1179059',900,,2389,6,,,0
150029,'1179210',1300,,2390,6,,,0
150029,'1179274',1700,,2391,6,,,0
150029,'1179311',1000,,2392,6,,,0
150029,'1179362',1600,,2393,6,,,0
150029,'1179450',1400,,2394,6,,,0
150029,'1179616',1200,,2395,6,,,0
150029,'1179674',1500,,2396,6,,,0
150029,'1179828',1000,,2397,6,,,0
150029,'1179915',1200,,2398,6,,,0
150029,'1179932',900,,2399,6,,,0
150029,'1179948',1500,,2400,6,,,0
150029,'1179983',1300,,2401,6,,,0
150029,'1180009',1100,,2402,6,,,0
150029,'1180017',1700,,2403,6,,,0
150029,'1180040',1600,,2404,6,,,0
150029,'1180079',1400,,2405,6,,,0
190015019,'1178937',1148,,2942,31,,,0
190015019,'1178958',1018,,2944,31,,,0
190015019,'1179073',1348,,2945,31,,,0
190015019,'1179083',618,,2946,6,,,0
190015019,'1179089',1218,,2947,31,,,0
190015019,'1179095',1718,,2948,31,,,0
190015019,'1179152',948,,2949,31,,,0
190015019,'1179170',818,,2951,31,,,0
190015019,'1179226',1818,,2952,31,,,0
190015019,'1179329',1648,,2954,31,,,0
190015019,'1179378',2018,,2955,31,,,0
190015019,'1179382',1748,,2956,31,,,0
190015019,'1179414',1518,,2957,31,,,0
190015019,'1179456',1548,,2958,31,,,0
190015019,'1179465',1618,,2959,31,,,0
190015019,'1179480',1318,,2960,31,,,0
190015019,'1179489',1248,,2961,31,,,0
190015019,'1179491',1118,,2962,31,,,0
190015019,'1179501',1048,,2963,31,,,0
190015019,'1179560',2118,,2964,31,,,0
190015019,'1179563',1418,,2965,31,,,0
190015019,'1179576',1918,,2966,31,,,0
190015019,'1179602',848,,2967,31,,,0
190015019,'1179633',748,,2968,31,,,0
190015019,'1179637',648,,2969,6,,,0
190015019,'1179652',918,,2970,31,,,0
190015019,'1179679',1448,,2971,31,,,0
190015019,'1179716',718,,2972,31,,,0
190015019,'1179791',2118,,2973,31,,,0
190015019,'1179793',718,,2974,31,,,0
190015019,'1179804',718,,2975,31,,,0
190015019,'1179812',1118,,2976,31,,,0
190015019,'1179819',818,,2977,31,,,0
190015019,'1179825',1218,,2978,31,,,0
190015019,'1179856',848,,2980,31,,,0
190015019,'1179872',818,,2981,31,,,0
190015019,'1179885',1648,,2982,31,,,0
190015019,'1179887',1418,,2983,31,,,0
190015019,'1179898',1518,,2984,31,,,0
190015019,'1179909',1018,,2985,31,,,0
190015019,'1179919',1818,,2986,31,,,0
190015019,'1179920',918,,2987,31,,,0
190015019,'1179923',1448,,2988,31,,,0
190015019,'1179931',2118,,2989,31,,,0
190015019,'1179935',1718,,2991,31,,,0
190015019,'1179940',1148,,2992,31,,,0
190015019,'1179952',1218,,2993,31,,,0
190015019,'1179960',1318,,2994,31,,,0
190015019,'1179961',1518,,2995,31,,,0
190015019,'1179980',1048,,2997,31,,,0
190015019,'1179982',1748,,2998,31,,,0
190015019,'1179992',1548,,2999,31,,,0
190015019,'1179995',1118,,3000,31,,,0
190015019,'1179999',1248,,3001,31,,,0
190015019,'1180013',1918,,3002,31,,,0
190015019,'1180014',2018,,3003,31,,,0
190015019,'1180015',948,,3004,31,,,0
190015019,'1180016',2018,,3005,31,,,0
190015019,'1180026',1918,,3007,31,,,0
190015019,'1180029',1018,,3008,31,,,0
190015019,'1180044',1618,,3009,31,,,0
190015019,'1180058',1348,,3011,31,,,0
190015019,'1180059',1718,,3012,31,,,0
190015019,'1180068',1818,,3013,31,,,0
190015019,'1180070',1618,,3014,31,,,0
190015019,'1180075',918,,3015,31,,,0
190015019,'1180077',1318,,3016,31,,,0
190015019,'1180080',748,,3017,31,,,0
190015019,'1180081',1418,,3018,31,,,0
