120019,'1178966',1349,,2316,31,,,0
120019,'1178998',1549,,2317,31,,,0
120019,'1179031',1649,,2318,31,,,0
120019,'1179149',1449,,2319,31,,,0
120019,'1179182',1149,,2320,31,,,0
120019,'1179282',949,,2321,31,,,0
120019,'1179296',1802,,2322,31,,,0
120019,'1179596',1049,,2323,31,,,0
120019,'1179628',1249,,2324,31,,,0
140016019,'1179063',724,,2776,12,,,0
140016019,'1179792',924,,2805,32,,,0
140016019,'1179800',1724,,2806,32,,,0
140016019,'1179808',1924,,2807,32,,,0
140016019,'1179822',1554,,2808,32,,,0
140016019,'1179827',854,,2809,32,,,0
140016019,'1179831',1624,,2810,32,,,0
140016019,'1179835',2224,,2811,32,,,0
140016019,'1179868',1654,,2815,32,,,0
140016019,'1179875',1124,,2816,32,,,0
140016019,'1179886',1424,,2818,32,,,0
140016019,'1179907',1724,,2821,32,,,0
140016019,'1179913',1754,,2822,32,,,0
140016019,'1179926',1324,,2823,32,,,0
140016019,'1179938',1524,,2824,32,,,0
140016019,'1179943',2124,,2825,32,,,0
140016019,'1179945',824,,2826,32,,,0
140016019,'1179958',1424,,2827,32,,,0
140016019,'1179963',1824,,2828,32,,,0
140016019,'1179974',1024,,2829,32,,,0
140016019,'1179976',724,,2830,32,,,0
140016019,'1179989',924,,2831,32,,,0
140016019,'1179991',1524,,2832,32,,,0
140016019,'1179997',1624,,2833,32,,,0
140016019,'1180006',1024,,2834,32,,,0
140016019,'1180012',1924,,2835,32,,,0
140016019,'1180018',1124,,2836,32,,,0
140016019,'1180019',2224,,2837,32,,,0
140016019,'1180020',2024,,2838,32,,,0
140016019,'1180023',1324,,2839,32,,,0
140016019,'1180024',754,,2840,32,,,0
140016019,'1180028',824,,2841,32,,,0
140016019,'1180031',2024,,2842,32,,,0
140016019,'1180048',2124,,2843,32,,,0
140016019,'1180057',1824,,2844,32,,,0
140016019,'1180072',1224,,2846,32,,,0
140016019,'1180078',1224,,2847,32,,,0
