140029,'1179802',1602,,2370,39,,,0
140029,'1179837',1402,,2371,39,,,0
140029,'1179865',1815,,2372,39,,,0
140029,'1179930',1302,,2373,39,,,0
140029,'1179947',1702,,2374,39,,,0
140029,'1179984',1502,,2375,39,,,0
140029,'1180047',1002,,2376,39,,,0
140029,'1180060',1102,,2377,39,,,0
140029,'1180076',1202,,2378,39,,,0
140010019,'1178921',1528,,2634,55,,,0
140010019,'1178922',1031,,2635,56,,,0
140010019,'1178936',803,,2636,54,,,0
140010019,'1178979',1131,,2638,56,,,0
140010019,'1179012',833,,2639,55,,,0
140010019,'1179037',2033,,2640,54,,,0
140010019,'1179103',1633,,2641,55,,,0
140010019,'1179131',1228,,2643,55,,,0
140010019,'1179140',2233,,2644,54,,,0
140010019,'1179157',733,,2646,54,,,0
140010019,'1179167',1128,,2647,55,,,0
140010019,'1179178',1833,,2648,55,,,0
140010019,'1179180',2233,,2649,55,,,0
140010019,'1179188',1531,,2650,56,,,0
140010019,'1179217',2033,,2651,55,,,0
140010019,'1179251',1703,,2653,54,,,0
140010019,'1179253',903,,2654,54,,,0
140010019,'1179268',1803,,2655,54,,,0
140010019,'1179270',1733,,2656,55,,,0
140010019,'1179302',733,,2657,22,,,0
140010019,'1179336',933,,2658,54,,,0
140010019,'1179347',833,,2659,54,,,0
140010019,'1179361',2133,,2660,54,,,0
140010019,'1179396',2133,,2661,55,,,0
140010019,'1179415',1231,,2663,56,,,0
140010019,'1179445',1428,,2664,55,,,0
140010019,'1179452',1833,,2665,54,,,0
140010019,'1179453',1431,,2666,56,,,0
140010019,'1179479',1328,,2667,55,,,0
140010019,'1179494',1733,,2669,54,,,0
140010019,'1179496',1633,,2670,54,,,0
140010019,'1179544',1933,,2672,54,,,0
140010019,'1179613',1933,,2674,55,,,0
140010019,'1179620',933,,2675,55,,,0
140010019,'1179659',1331,,2677,56,,,0
140010019,'1179692',1028,,2678,55,,,0
