120029,'1179032',1522,,2325,9,,,0
120029,'1179055',1322,,2326,9,,,0
120029,'1179056',1622,,2327,9,,,0
120029,'1179099',1722,,2328,9,,,0
120029,'1179153',922,,2329,9,,,0
120029,'1179222',1422,,2330,9,,,0
120029,'1179429',1122,,2331,9,,,0
120029,'1179447',1022,,2332,9,,,0
120029,'1179575',1222,,2333,9,,,0
190017019,'1178932',916,,3019,9,,,0
190017019,'1179000',2146,,3021,9,0,8 21,0
190017019,'1179014',1816,,3022,9,0,8 21,0
190017019,'1179016',616,,3023,9,,,0
190017019,'1179092',646,,3025,9,,,0
190017019,'1179151',1846,,3026,9,,,0
190017019,'1179161',1716,,3027,9,,,0
190017019,'1179277',816,,3028,9,,,0
190017019,'1179427',1246,,3032,9,,,0
190017019,'1179455',1346,,3033,9,,,0
190017019,'1179519',1746,,3035,9,,,0
190017019,'1179529',2246,,3036,9,0,8 21,0
190017019,'1179533',716,,3037,9,,,0
190017019,'1179573',1146,,3039,9,,,0
190017019,'1179579',1046,,3040,9,,,0
190017019,'1179599',2046,,3041,9,,,0
190017019,'1179610',1946,,3042,9,,,0
190017019,'1179626',1616,,3043,9,,,0
190017019,'1179667',746,,3044,9,,,0
190017019,'1179680',1546,,3045,9,,,0
190017019,'1179683',846,,3046,9,,,0
190017019,'1179686',1446,,3047,9,,,0
190017019,'1179699',946,,3048,9,,,0
190017019,'1179710',1646,,3049,9,,,0
190017019,'1179790',1146,,3050,9,,,0
190017019,'1179796',1346,,3051,9,,,0
190017019,'1179813',2246,,3052,9,0,8 21,0
190017019,'1179821',1446,,3053,9,,,0
190017019,'1179824',616,,3054,9,,,0
190017019,'1179832',1046,,3055,9,,,0
190017019,'1179843',846,,3056,9,,,0
190017019,'1179845',2046,,3057,9,,,0
190017019,'1179847',2146,,3058,9,0,8 21,0
190017019,'1179859',1646,,3060,9,,,0
190017019,'1179863',946,,3061,9,,,0
190017019,'1179870',816,,3062,9,,,0
190017019,'1179874',1246,,3063,9,,,0
190017019,'1179876',1846,,3064,9,,,0
190017019,'1179884',1616,,3065,9,,,0
190017019,'1179891',1546,,3066,9,,,0
190017019,'1179895',1816,,3067,9,0,8 21,0
190017019,'1179896',746,,3068,9,,,0
190017019,'1179899',1546,,3069,9,,,0
190017019,'1179905',646,,3070,9,,,0
190017019,'1179912',2046,,3071,9,,,0
190017019,'1179917',1746,,3072,9,,,0
190017019,'1179922',1346,,3073,9,,,0
190017019,'1179924',1446,,3074,9,,,0
190017019,'1179953',2146,,3078,9,0,8 21,0
190017019,'1179955',846,,3079,9,,,0
190017019,'1179971',1246,,3080,9,,,0
190017019,'1179977',1846,,3081,9,,,0
190017019,'1179978',1046,,3082,9,,,0
190017019,'1179979',1716,,3083,9,,,0
190017019,'1179986',746,,3084,9,,,0
190017019,'1179987',946,,3085,9,,,0
190017019,'1179994',1646,,3086,9,,,0
190017019,'1180001',916,,3087,9,,,0
190017019,'1180005',646,,3089,9,,,0
190017019,'1180041',2246,,3091,9,0,8 21,0
190017019,'1180050',1946,,3092,9,,,0
190017019,'1180055',1146,,3093,9,,,0
190017019,'1180056',1746,,3094,9,,,0
190017019,'1180065',1946,,3095,9,,,0
190017019,'1180069',716,,3096,9,,,0
