120019,'1178966',1404,,2316,52,,,0
120019,'1178998',1604,,2317,52,,,0
120019,'1179031',1704,,2318,52,,,0
120019,'1179149',1504,,2319,52,,,0
120019,'1179182',1204,,2320,52,,,0
120019,'1179282',1004,,2321,52,,,0
120019,'1179296',1817,,2322,52,,,0
120019,'1179596',1104,,2323,52,,,0
120019,'1179628',1304,,2324,52,,,0
140016019,'1179005',638,,2774,10,,,0
140016019,'1179063',738,,2776,33,,,0
140016019,'1179225',708,,2781,10,,,0
140016019,'1179286',611,,2784,10,,,0
140016019,'1179440',638,,2795,10,,,0
140016019,'1179792',938,,2805,53,,,0
140016019,'1179800',1738,,2806,53,,,0
140016019,'1179808',1938,,2807,53,,,0
140016019,'1179822',1608,,2808,53,,,0
140016019,'1179827',908,,2809,53,,,0
140016019,'1179831',1638,,2810,53,,,0
140016019,'1179835',2238,,2811,53,,,0
140016019,'1179868',1708,,2815,53,,,0
140016019,'1179875',1138,,2816,53,,,0
140016019,'1179886',1438,,2818,53,,,0
140016019,'1179907',1738,,2821,53,,,0
140016019,'1179913',1808,,2822,53,,,0
140016019,'1179926',1338,,2823,53,,,0
140016019,'1179938',1538,,2824,53,,,0
140016019,'1179943',2138,,2825,53,,,0
140016019,'1179945',838,,2826,53,,,0
140016019,'1179958',1438,,2827,53,,,0
140016019,'1179963',1838,,2828,53,,,0
140016019,'1179974',1038,,2829,53,,,0
140016019,'1179976',738,,2830,53,,,0
140016019,'1179989',938,,2831,53,,,0
140016019,'1179991',1538,,2832,53,,,0
140016019,'1179997',1638,,2833,53,,,0
140016019,'1180006',1038,,2834,53,,,0
140016019,'1180012',1938,,2835,53,,,0
140016019,'1180018',1138,,2836,53,,,0
140016019,'1180019',2238,,2837,53,,,0
140016019,'1180020',2038,,2838,53,,,0
140016019,'1180023',1338,,2839,53,,,0
140016019,'1180024',808,,2840,53,,,0
140016019,'1180028',838,,2841,53,,,0
140016019,'1180031',2038,,2842,53,,,0
140016019,'1180048',2138,,2843,53,,,0
140016019,'1180057',1838,,2844,53,,,0
140016019,'1180072',1238,,2846,53,,,0
140016019,'1180078',1238,,2847,53,,,0
