130029,'1178925',1458,,2343,6,,,0
130029,'1178989',1358,,2344,6,,,0
130029,'1179023',1558,,2345,6,,,0
130029,'1179120',1658,,2346,6,,,0
130029,'1179168',1258,,2347,6,,,0
130029,'1179423',858,,2348,6,,,0
130029,'1179469',1158,,2349,6,,,0
130029,'1179639',958,,2350,6,,,0
130029,'1179657',1058,,2351,6,,,0
300019,'1180121',650,,3098,2,0,23 24 2 25,0
300019,'1180125',720,,3102,2,0,23 24 2 25,0
300019,'1180126',1420,,3103,3,0,23 24 2 25,0
300019,'1180130',920,,3107,3,0,23 24 2 25,0
300019,'1180131',1220,,3108,3,0,23 24 2 25,0
300019,'1180132',1120,,3109,3,0,23 24 2 25,0
300019,'1180133',2120,,3110,3,0,23 24 2 25,0
300019,'1180134',1550,,3111,3,0,23 24 2 25,0
300019,'1180136',820,,3113,3,0,23 24 2 25,0
300019,'1180138',1120,,3115,3,0,23 24 2 25,0
300019,'1180139',1320,,3116,3,0,23 24 2 25,0
300019,'1180140',1620,,3117,3,0,23 24 2 25,0
300019,'1180143',1750,,3120,3,0,23 24 2 25,0
300019,'1180145',1420,,3122,3,0,23 24 2 25,0
300019,'1180150',850,,3127,3,0,23 24 2 25,0
300019,'1180151',2020,,3128,3,0,23 24 2 25,0
300019,'1180152',820,,3129,3,0,23 24 2 25,0
300019,'1180156',920,,3133,3,0,23 24 2 25,0
300019,'1180159',950,,3136,3,0,23 24 2 25,0
300019,'1180161',1720,,3138,3,0,23 24 2 25,0
300019,'1180164',1020,,3141,3,0,23 24 2 25,0
300019,'1180166',1520,,3143,3,0,23 24 2 25,0
300019,'1180167',1220,,3144,3,0,23 24 2 25,0
300019,'1180168',1920,,3145,3,0,23 24 2 25,0
300019,'1180169',1720,,3146,3,0,23 24 2 25,0
300019,'1180175',720,,3152,3,0,23 24 2 25,0
300019,'1180176',1020,,3153,3,0,23 24 2 25,0
300019,'1180177',1650,,3154,3,0,23 24 2 25,0
300019,'1180178',1620,,3155,3,0,23 24 2 25,0
300019,'1180179',1520,,3156,3,0,23 24 2 25,0
300019,'1180181',2120,,3158,3,0,23 24 2 25,0
300019,'1180182',1820,,3159,3,0,23 24 2 25,0
300019,'1180183',750,,3160,3,0,23 24 2 25,0
300019,'1180188',2020,,3165,3,0,23 24 2 25,0
300019,'1180189',1920,,3166,3,0,23 24 2 25,0
300019,'1180191',1820,,3168,3,0,23 24 2 25,0
300019,'1180194',1320,,3171,3,0,23 24 2 25,0
190013019,'1178916',1648,,2896,38,,,0
190013019,'1178919',2018,,2897,38,,,0
190013019,'1178920',1148,,2898,38,,,0
190013019,'1178929',818,,2899,38,,,0
190013019,'1178930',1718,,2900,38,,,0
190013019,'1178972',2018,,2901,38,,,0
190013019,'1178983',1248,,2902,38,,,0
190013019,'1178994',2218,,2903,38,,,0
190013019,'1178997',1218,,2904,38,,,0
190013019,'1179048',1548,,2905,38,,,0
190013019,'1179062',1618,,2906,38,,,0
190013019,'1179074',1348,,2907,38,,,0
190013019,'1179087',1318,,2908,38,,,0
190013019,'1179104',1048,,2909,38,,,0
190013019,'1179187',918,,2911,38,,,0
190013019,'1179202',1118,,2912,38,,,0
190013019,'1179203',1018,,2913,38,,,0
190013019,'1179212',1518,,2914,38,,,0
190013019,'1179219',1318,,2915,38,,,0
190013019,'1179243',818,,2916,38,,,0
190013019,'1179287',2218,,2917,38,,,0
190013019,'1179292',1118,,2918,38,,,0
190013019,'1179300',748,,2919,38,,,0
190013019,'1179354',618,,2920,6,,,0
190013019,'1179373',1018,,2921,38,,,0
190013019,'1179380',1418,,2922,38,,,0
190013019,'1179402',1418,,2923,38,,,0
190013019,'1179411',1448,,2924,38,,,0
190013019,'1179457',1918,,2925,38,,,0
190013019,'1179504',718,,2926,38,,,0
190013019,'1179507',948,,2927,38,,,0
190013019,'1179509',1218,,2928,38,,,0
190013019,'1179516',1618,,2929,38,,,0
190013019,'1179531',2118,,2930,38,,,0
190013019,'1179537',918,,2931,38,,,0
190013019,'1179539',1818,,2932,38,,,0
190013019,'1179546',718,,2933,38,,,0
190013019,'1179553',1918,,2934,38,,,0
190013019,'1179581',648,,2935,6,,,0
190013019,'1179591',1718,,2936,38,,,0
190013019,'1179611',1748,,2937,38,,,0
190013019,'1179635',1518,,2938,38,,,0
190013019,'1179694',848,,2939,38,,,0
190013019,'1179701',2118,,2940,38,,,0
190013019,'1179717',1818,,2941,38,,,0
