190013019,'1175728',827,,1978,24,,,0
190013019,'1175734',1457,,1979,24,,,0
190013019,'1175770',1957,,1980,24,,,0
190013019,'1175814',1827,,1981,24,0,8 21,0
190013019,'1175816',1757,,1982,24,,,0
190013019,'1175833',1657,,1983,24,,,0
190013019,'1175860',1327,,1984,24,,,0
190013019,'1175862',1057,,1985,24,,,0
190013019,'1175891',1127,,1986,24,,,0
190013019,'1175892',927,,1987,24,,,0
190013019,'1175994',857,,1989,24,,,0
190013019,'1176023',757,,1990,24,,,0
190013019,'1176034',1057,,1991,24,,,0
190013019,'1176044',1357,,1992,24,,,0
190013019,'1176064',1027,,1993,24,,,0
190013019,'1176125',1657,,1994,24,,,0
190013019,'1176139',1157,,1995,24,,,0
190013019,'1176167',2157,,1996,24,,,0
190013019,'1176182',1257,,1997,24,,,0
190013019,'1176185',727,,1998,24,,,0
190013019,'1176187',1257,,1999,24,,,0
190013019,'1176196',1157,,2000,24,,,0
190013019,'1176261',957,,2001,24,,,0
190013019,'1176277',2057,,2002,24,,,0
190013019,'1176318',1357,,2003,24,,,0
190013019,'1176331',1957,,2004,24,,,0
190013019,'1176338',1857,,2005,24,,,0
190013019,'1176348',1527,,2006,24,,,0
190013019,'1176367',1557,,2007,24,,,0
190013019,'1176387',2157,,2008,24,,,0
190013019,'1176389',757,,2009,24,,,0
190013019,'1176392',657,,2010,24,,,0
190013019,'1176394',1557,,2011,24,,,0
190013019,'1176446',1757,,2012,24,,,0
190013019,'1176462',2057,,2013,24,,,0
190013019,'1176473',1857,,2014,24,,,0
190013019,'1176527',957,,2015,24,,,0
190013019,'1176539',1627,,2016,24,,,0
190013019,'1176543',1427,,2017,24,,,0
190013019,'1176567',857,,2019,24,,,0
190013019,'1176597',1457,,2020,24,,,0
190013019,'1176614',1227,,2021,24,,,0
190013019,'1176638',1727,,2022,24,,,0
190013019,'1176660',657,,2023,24,,,0
