120029,'1179032',1521,,2325,7,,,0
120029,'1179055',1321,,2326,7,,,0
120029,'1179056',1621,,2327,7,,,0
120029,'1179099',1721,,2328,7,,,0
120029,'1179153',921,,2329,7,,,0
120029,'1179222',1421,,2330,7,,,0
120029,'1179429',1121,,2331,7,,,0
120029,'1179447',1021,,2332,7,,,0
120029,'1179575',1221,,2333,7,,,0
190017019,'1179790',1145,,3050,7,,,0
190017019,'1179796',1345,,3051,7,,,0
190017019,'1179813',2245,,3052,7,0,8 21,0
190017019,'1179821',1445,,3053,7,,,0
190017019,'1179824',615,,3054,7,,,0
190017019,'1179832',1045,,3055,7,,,0
190017019,'1179843',845,,3056,7,,,0
190017019,'1179845',2045,,3057,7,,,0
190017019,'1179847',2145,,3058,7,0,8 21,0
190017019,'1179859',1645,,3060,7,,,0
190017019,'1179863',945,,3061,7,,,0
190017019,'1179870',815,,3062,7,,,0
190017019,'1179874',1245,,3063,7,,,0
190017019,'1179876',1845,,3064,7,,,0
190017019,'1179884',1615,,3065,7,,,0
190017019,'1179891',1545,,3066,7,,,0
190017019,'1179895',1815,,3067,7,0,8 21,0
190017019,'1179896',745,,3068,7,,,0
190017019,'1179899',1545,,3069,7,,,0
190017019,'1179905',645,,3070,7,,,0
190017019,'1179912',2045,,3071,7,,,0
190017019,'1179917',1745,,3072,7,,,0
190017019,'1179922',1345,,3073,7,,,0
190017019,'1179924',1445,,3074,7,,,0
190017019,'1179953',2145,,3078,7,0,8 21,0
190017019,'1179955',845,,3079,7,,,0
190017019,'1179971',1245,,3080,7,,,0
190017019,'1179977',1845,,3081,7,,,0
190017019,'1179978',1045,,3082,7,,,0
190017019,'1179979',1715,,3083,7,,,0
190017019,'1179986',745,,3084,7,,,0
190017019,'1179987',945,,3085,7,,,0
190017019,'1179994',1645,,3086,7,,,0
190017019,'1180001',915,,3087,7,,,0
190017019,'1180005',645,,3089,7,,,0
190017019,'1180041',2245,,3091,7,0,8 21,0
190017019,'1180050',1945,,3092,7,,,0
190017019,'1180055',1145,,3093,7,,,0
190017019,'1180056',1745,,3094,7,,,0
190017019,'1180065',1945,,3095,7,,,0
190017019,'1180069',715,,3096,7,,,0
