190017019,'1179790',1152,,3050,17,,,0
190017019,'1179796',1352,,3051,17,,,0
190017019,'1179813',2252,,3052,17,0,8 21,0
190017019,'1179821',1452,,3053,17,,,0
190017019,'1179824',622,,3054,17,,,0
190017019,'1179832',1052,,3055,17,,,0
190017019,'1179843',852,,3056,17,,,0
190017019,'1179845',2052,,3057,17,,,0
190017019,'1179847',2152,,3058,17,0,8 21,0
190017019,'1179859',1652,,3060,17,,,0
190017019,'1179863',952,,3061,17,,,0
190017019,'1179870',822,,3062,17,,,0
190017019,'1179874',1252,,3063,17,,,0
190017019,'1179876',1852,,3064,17,,,0
190017019,'1179884',1622,,3065,17,,,0
190017019,'1179891',1552,,3066,17,,,0
190017019,'1179895',1822,,3067,17,0,8 21,0
190017019,'1179896',752,,3068,17,,,0
190017019,'1179899',1552,,3069,17,,,0
190017019,'1179905',652,,3070,17,,,0
190017019,'1179912',2052,,3071,17,,,0
190017019,'1179917',1752,,3072,17,,,0
190017019,'1179922',1352,,3073,17,,,0
190017019,'1179924',1452,,3074,17,,,0
190017019,'1179953',2152,,3078,17,0,8 21,0
190017019,'1179955',852,,3079,17,,,0
190017019,'1179971',1252,,3080,17,,,0
190017019,'1179977',1852,,3081,17,,,0
190017019,'1179978',1052,,3082,17,,,0
190017019,'1179979',1722,,3083,17,,,0
190017019,'1179986',752,,3084,17,,,0
190017019,'1179987',952,,3085,17,,,0
190017019,'1179994',1652,,3086,17,,,0
190017019,'1180001',922,,3087,17,,,0
190017019,'1180005',652,,3089,17,,,0
190017019,'1180041',2252,,3091,17,0,8 21,0
190017019,'1180050',1952,,3092,17,,,0
190017019,'1180055',1152,,3093,17,,,0
190017019,'1180056',1752,,3094,17,,,0
190017019,'1180065',1952,,3095,17,,,0
190017019,'1180069',722,,3096,17,,,0
