216019,'1178924',756,,2470,15,,,0
216019,'1178948',626,,2471,15,,,0
216019,'1178963',2126,,2472,15,,,0
216019,'1178968',1226,,2473,15,,,0
216019,'1179019',1756,,2474,15,,,0
216019,'1179021',1556,,2475,15,,,0
216019,'1179029',1426,,2476,15,,,0
216019,'1179050',1526,,2477,15,,,0
216019,'1179070',1426,,2478,15,,,0
216019,'1179075',1826,,2479,15,,,0
216019,'1179116',725,,2480,15,,,0
216019,'1179123',1326,,2481,15,,,0
216019,'1179160',1725,,2482,15,,,0
216019,'1179179',2026,,2483,15,,,0
216019,'1179181',1126,,2484,15,,,0
216019,'1179199',926,,2485,15,,,0
216019,'1179206',1526,,2486,15,,,0
216019,'1179328',1026,,2487,15,,,0
216019,'1179338',1226,,2488,15,,,0
216019,'1179345',826,,2489,15,,,0
216019,'1179368',1655,,2490,15,,,0
216019,'1179369',1026,,2491,15,,,0
216019,'1179374',1625,,2492,15,,,0
216019,'1179421',1826,,2493,15,,,0
216019,'1179431',1126,,2494,15,,,0
216019,'1179458',1926,,2495,15,,,0
216019,'1179488',726,,2496,15,,,0
216019,'1179523',1326,,2497,15,,,0
216019,'1179574',2026,,2498,15,,,0
216019,'1179582',1926,,2499,15,,,0
216019,'1179605',856,,2500,15,,,0
216019,'1179647',1726,,2501,15,,,0
216019,'1179669',826,,2502,15,,,0
216019,'1179695',2126,,2503,15,,,0
216019,'1179712',655,,2504,15,,,0
216019,'1179714',926,,2505,15,,,0
216019,'1179719',1626,,2506,15,,,0
