120019,'1178966',1357,,2316,42,,,0
120019,'1178998',1557,,2317,42,,,0
120019,'1179031',1657,,2318,42,,,0
120019,'1179149',1457,,2319,42,,,0
120019,'1179182',1157,,2320,42,,,0
120019,'1179282',957,,2321,42,,,0
120019,'1179296',1810,,2322,42,,,0
120019,'1179596',1057,,2323,42,,,0
120019,'1179628',1257,,2324,42,,,0
140016019,'1179063',731,,2776,23,,,0
140016019,'1179792',931,,2805,43,,,0
140016019,'1179800',1731,,2806,43,,,0
140016019,'1179808',1931,,2807,43,,,0
140016019,'1179822',1601,,2808,43,,,0
140016019,'1179827',901,,2809,43,,,0
140016019,'1179831',1631,,2810,43,,,0
140016019,'1179835',2231,,2811,43,,,0
140016019,'1179868',1701,,2815,43,,,0
140016019,'1179875',1131,,2816,43,,,0
140016019,'1179886',1431,,2818,43,,,0
140016019,'1179907',1731,,2821,43,,,0
140016019,'1179913',1801,,2822,43,,,0
140016019,'1179926',1331,,2823,43,,,0
140016019,'1179938',1531,,2824,43,,,0
140016019,'1179943',2131,,2825,43,,,0
140016019,'1179945',831,,2826,43,,,0
140016019,'1179958',1431,,2827,43,,,0
140016019,'1179963',1831,,2828,43,,,0
140016019,'1179974',1031,,2829,43,,,0
140016019,'1179976',731,,2830,43,,,0
140016019,'1179989',931,,2831,43,,,0
140016019,'1179991',1531,,2832,43,,,0
140016019,'1179997',1631,,2833,43,,,0
140016019,'1180006',1031,,2834,43,,,0
140016019,'1180012',1931,,2835,43,,,0
140016019,'1180018',1131,,2836,43,,,0
140016019,'1180019',2231,,2837,43,,,0
140016019,'1180020',2031,,2838,43,,,0
140016019,'1180023',1331,,2839,43,,,0
140016019,'1180024',801,,2840,43,,,0
140016019,'1180028',831,,2841,43,,,0
140016019,'1180031',2031,,2842,43,,,0
140016019,'1180048',2131,,2843,43,,,0
140016019,'1180057',1831,,2844,43,,,0
140016019,'1180072',1231,,2846,43,,,0
140016019,'1180078',1231,,2847,43,,,0
