200019,'1179038',1438,,2433,7,,,0
200019,'1179081',1638,,2434,7,,,0
200019,'1179174',938,,2435,7,,,0
200019,'1179259',1138,,2436,7,,,0
200019,'1179289',1538,,2437,7,,,0
200019,'1179460',1738,,2438,7,,,0
200019,'1179585',1038,,2439,7,,,0
200019,'1179594',1338,,2440,7,,,0
200019,'1179655',1238,,2441,7,,,0
200019,'1179798',1338,,2442,7,,,0
200019,'1179810',1538,,2443,7,,,0
200019,'1179901',1138,,2444,7,,,0
200019,'1179903',1738,,2445,7,,,0
200019,'1179911',1438,,2446,7,,,0
200019,'1179939',1038,,2447,7,,,0
200019,'1179968',1638,,2448,7,,,0
200019,'1179973',938,,2449,7,,,0
200019,'1180054',1238,,2450,7,,,0
140016019,'1178912',1653,,2772,9,,,0
140016019,'1178941',753,,2773,9,,,0
140016019,'1179017',1223,,2775,9,0,8 21,0
140016019,'1179077',1723,,2777,9,,,0
140016019,'1179112',1853,,2778,9,,,0
140016019,'1179129',1153,,2779,9,,,0
140016019,'1179191',853,,2780,9,,,0
140016019,'1179254',1123,,2782,9,0,8 21,0
140016019,'1179256',823,,2783,9,,,0
140016019,'1179299',2153,,2785,9,,,0
140016019,'1179304',1253,,2786,9,,,0
140016019,'1179312',1553,,2787,9,,,0
140016019,'1179318',1753,,2788,9,,,0
140016019,'1179330',1953,,2789,9,,,0
140016019,'1179333',1353,,2790,9,,,0
140016019,'1179351',923,,2791,9,0,8 21,0
140016019,'1179357',1053,,2792,9,,,0
140016019,'1179371',1453,,2793,9,,,0
140016019,'1179389',1623,,2794,9,,,0
140016019,'1179503',1423,,2796,9,0,8 21,0
140016019,'1179517',1523,,2797,9,,,0
140016019,'1179536',723,,2798,9,,,0
140016019,'1179538',653,,2799,9,,,0
140016019,'1179562',1323,,2800,9,0,8 21,0
140016019,'1179569',1823,,2801,9,0,8 21,0
140016019,'1179601',2053,,2802,9,,,0
140016019,'1179663',953,,2803,9,,,0
140016019,'1179681',1023,,2804,9,0,8 21,0
140016019,'1179792',853,,2805,9,,,0
140016019,'1179800',1653,,2806,9,,,0
140016019,'1179808',1853,,2807,9,,,0
140016019,'1179822',1523,,2808,9,,,0
140016019,'1179827',823,,2809,9,,,0
140016019,'1179831',1553,,2810,9,,,0
140016019,'1179835',2153,,2811,9,,,0
140016019,'1179839',1323,,2812,9,0,8 21,0
140016019,'1179842',1123,,2813,9,0,8 21,0
140016019,'1179862',923,,2814,9,0,8 21,0
140016019,'1179868',1623,,2815,9,,,0
140016019,'1179875',1053,,2816,9,,,0
140016019,'1179881',1823,,2817,9,0,8 21,0
140016019,'1179886',1353,,2818,9,,,0
140016019,'1179897',1023,,2819,9,0,8 21,0
140016019,'1179904',1223,,2820,9,0,8 21,0
140016019,'1179907',1653,,2821,9,,,0
140016019,'1179913',1723,,2822,9,,,0
140016019,'1179926',1253,,2823,9,,,0
140016019,'1179938',1453,,2824,9,,,0
140016019,'1179943',2053,,2825,9,,,0
140016019,'1179945',753,,2826,9,,,0
140016019,'1179958',1353,,2827,9,,,0
140016019,'1179963',1753,,2828,9,,,0
140016019,'1179974',953,,2829,9,,,0
140016019,'1179976',653,,2830,9,,,0
140016019,'1179989',853,,2831,9,,,0
140016019,'1179991',1453,,2832,9,,,0
140016019,'1179997',1553,,2833,9,,,0
140016019,'1180006',953,,2834,9,,,0
140016019,'1180012',1853,,2835,9,,,0
140016019,'1180018',1053,,2836,9,,,0
140016019,'1180019',2153,,2837,9,,,0
140016019,'1180020',1953,,2838,9,,,0
140016019,'1180023',1253,,2839,9,,,0
140016019,'1180024',723,,2840,9,,,0
140016019,'1180028',753,,2841,9,,,0
140016019,'1180031',1953,,2842,9,,,0
140016019,'1180048',2053,,2843,9,,,0
140016019,'1180057',1753,,2844,9,,,0
140016019,'1180062',1423,,2845,9,0,8 21,0
140016019,'1180072',1153,,2846,9,,,0
140016019,'1180078',1153,,2847,9,,,0
