140029,'1178990',1450,,2361,26,,,0
140029,'1179039',1150,,2362,26,,,0
140029,'1179106',1050,,2363,26,,,0
140029,'1179281',1350,,2364,26,,,0
140029,'1179335',1650,,2365,26,,,0
140029,'1179461',1803,,2366,26,,,0
140029,'1179478',1550,,2367,26,,,0
140029,'1179522',1250,,2368,26,,,0
140029,'1179651',950,,2369,26,,,0
140029,'1179802',1550,,2370,25,,,0
140029,'1179837',1350,,2371,25,,,0
140029,'1179865',1803,,2372,25,,,0
140029,'1179930',1250,,2373,25,,,0
140029,'1179947',1650,,2374,25,,,0
140029,'1179984',1450,,2375,25,,,0
140029,'1180047',950,,2376,25,,,0
140029,'1180060',1050,,2377,25,,,0
140029,'1180076',1150,,2378,25,,,0
140012019,'1178913',1224,,2679,36,,,0
140012019,'1178923',1224,,2680,36,,,0
140012019,'1178934',1024,,2681,36,,,0
140012019,'1178935',824,,2682,36,,,0
140012019,'1178953',924,,2683,36,,,0
140012019,'1178981',724,,2684,36,,,0
140012019,'1178986',1454,,2685,36,,,0
140012019,'1179006',1354,,2686,36,,,0
140012019,'1179011',754,,2687,36,,,0
140012019,'1179015',1924,,2688,36,,,0
140012019,'1179046',924,,2689,36,,,0
140012019,'1179102',1624,,2690,36,,,0
140012019,'1179154',1424,,2691,36,,,0
140012019,'1179183',2024,,2692,36,,,0
140012019,'1179185',954,,2693,36,,,0
140012019,'1179230',1024,,2695,36,,,0
140012019,'1179233',1624,,2696,36,,,0
140012019,'1179236',824,,2697,36,,,0
140012019,'1179238',1524,,2698,36,,,0
140012019,'1179244',2124,,2699,36,,,0
140012019,'1179245',1924,,2700,36,,,0
140012019,'1179250',724,,2701,14,,,0
140012019,'1179261',1124,,2703,36,,,0
140012019,'1179316',2024,,2704,36,,,0
140012019,'1179325',854,,2705,36,,,0
140012019,'1179348',1324,,2706,36,,,0
140012019,'1179359',1754,,2707,36,,,0
140012019,'1179372',2224,,2708,36,,,0
140012019,'1179387',1324,,2709,36,,,0
140012019,'1179399',1154,,2710,36,,,0
140012019,'1179425',2124,,2711,36,,,0
140012019,'1179444',1654,,2712,36,,,0
140012019,'1179495',1424,,2713,36,,,0
140012019,'1179499',1554,,2714,36,,,0
140012019,'1179510',1724,,2715,36,,,0
140012019,'1179511',2224,,2716,36,,,0
140012019,'1179526',1824,,2717,36,,,0
140012019,'1179556',1124,,2718,36,,,0
140012019,'1179567',1254,,2719,36,,,0
140012019,'1179644',1824,,2721,36,,,0
140012019,'1179693',1054,,2722,36,,,0
140012019,'1179704',1524,,2723,36,,,0
140012019,'1179715',1724,,2724,36,,,0
