140029,'1179802',1556,,2370,30,,,0
140029,'1179837',1356,,2371,30,,,0
140029,'1179865',1809,,2372,30,,,0
140029,'1179930',1256,,2373,30,,,0
140029,'1179947',1656,,2374,30,,,0
140029,'1179984',1456,,2375,30,,,0
140029,'1180047',956,,2376,30,,,0
140029,'1180060',1056,,2377,30,,,0
140029,'1180076',1156,,2378,30,,,0
140010019,'1178921',1524,,2634,46,,,0
140010019,'1178922',1025,,2635,47,,,0
140010019,'1178936',756,,2636,45,,,0
140010019,'1178979',1125,,2638,47,,,0
140010019,'1179012',826,,2639,46,,,0
140010019,'1179037',2026,,2640,45,,,0
140010019,'1179103',1626,,2641,46,,,0
140010019,'1179131',1224,,2643,46,,,0
140010019,'1179140',2226,,2644,45,,,0
140010019,'1179157',726,,2646,45,,,0
140010019,'1179167',1124,,2647,46,,,0
140010019,'1179178',1826,,2648,46,,,0
140010019,'1179180',2226,,2649,46,,,0
140010019,'1179188',1525,,2650,47,,,0
140010019,'1179217',2026,,2651,46,,,0
140010019,'1179251',1656,,2653,45,,,0
140010019,'1179253',856,,2654,45,,,0
140010019,'1179268',1756,,2655,45,,,0
140010019,'1179270',1726,,2656,46,,,0
140010019,'1179302',726,,2657,13,,,0
140010019,'1179336',926,,2658,45,,,0
140010019,'1179347',826,,2659,45,,,0
140010019,'1179361',2126,,2660,45,,,0
140010019,'1179396',2126,,2661,46,,,0
140010019,'1179415',1225,,2663,47,,,0
140010019,'1179445',1424,,2664,46,,,0
140010019,'1179452',1826,,2665,45,,,0
140010019,'1179453',1425,,2666,47,,,0
140010019,'1179479',1324,,2667,46,,,0
140010019,'1179494',1726,,2669,45,,,0
140010019,'1179496',1626,,2670,45,,,0
140010019,'1179544',1926,,2672,45,,,0
140010019,'1179613',1926,,2674,46,,,0
140010019,'1179620',926,,2675,46,,,0
140010019,'1179659',1325,,2677,47,,,0
140010019,'1179692',1024,,2678,46,,,0
