140019,'1178969',1346,,2352,31,,,0
140019,'1178977',1546,,2353,31,,,0
140019,'1179164',1646,,2354,31,,,0
140019,'1179344',1446,,2355,31,,,0
140019,'1179352',946,,2356,31,,,0
140019,'1179462',1246,,2357,31,,,0
140019,'1179512',1146,,2358,31,,,0
140019,'1179518',1046,,2359,31,,,0
140019,'1179634',1759,,2360,31,,,0
140014019,'1178954',1629,,2725,38,,,0
140014019,'1178955',1159,,2726,38,,,0
140014019,'1178974',1029,,2727,38,,,0
140014019,'1179007',1827,,2728,38,,,0
140014019,'1179027',1529,,2729,38,,,0
140014019,'1179052',827,,2730,38,,,0
140014019,'1179079',759,,2731,38,,,0
140014019,'1179080',1527,,2732,38,,,0
140014019,'1179082',859,,2733,38,,,0
140014019,'1179084',729,,2734,38,,,0
140014019,'1179111',2229,,2735,38,,,0
140014019,'1179143',829,,2736,38,,,0
140014019,'1179200',1259,,2737,38,,,0
140014019,'1179207',1759,,2738,38,,,0
140014019,'1179221',1427,,2739,38,,,0
140014019,'1179271',1229,,2740,38,,,0
140014019,'1179298',1727,,2741,38,,,0
140014019,'1179320',1459,,2742,38,,,0
140014019,'1179323',1027,,2743,38,,,0
140014019,'1179337',627,,2744,10,,,0
140014019,'1179350',927,,2745,38,,,0
140014019,'1179353',1829,,2746,38,,,0
140014019,'1179366',2027,,2747,38,,,0
140014019,'1179392',1627,,2748,38,,,0
140014019,'1179403',1929,,2749,38,,,0
140014019,'1179417',727,,2750,17,,,0
140014019,'1179433',1429,,2751,38,,,0
140014019,'1179443',959,,2752,38,,,0
140014019,'1179446',1227,,2753,38,,,0
140014019,'1179449',1059,,2754,38,,,0
140014019,'1179493',1129,,2755,38,,,0
140014019,'1179513',629,,2756,10,,,0
140014019,'1179524',1729,,2757,38,,,0
140014019,'1179535',1359,,2758,38,,,0
140014019,'1179547',1327,,2759,38,,,0
140014019,'1179550',659,,2760,17,,,0
140014019,'1179561',1559,,2762,38,,,0
140014019,'1179577',1329,,2763,38,,,0
140014019,'1179598',2129,,2764,38,,,0
140014019,'1179600',2227,,2765,38,,,0
140014019,'1179608',1927,,2766,38,,,0
140014019,'1179636',1659,,2767,38,,,0
140014019,'1179638',929,,2768,38,,,0
140014019,'1179648',2029,,2769,38,,,0
140014019,'1179654',2127,,2770,38,,,0
140014019,'1179662',1127,,2771,38,,,0
