120019,'1178966',1337,,2316,21,,,0
120019,'1178998',1537,,2317,21,,,0
120019,'1179031',1637,,2318,21,,,0
120019,'1179149',1437,,2319,21,,,0
120019,'1179182',1137,,2320,21,,,0
120019,'1179282',937,,2321,21,,,0
120019,'1179296',1737,,2322,21,,,0
120019,'1179596',1037,,2323,21,,,0
120019,'1179628',1237,,2324,21,,,0
190011019,'1178950',726,,2849,16,,,0
190011019,'1178970',1856,,2850,16,,,0
190011019,'1179009',1826,,2851,16,0,8 21,0
190011019,'1179040',2056,,2852,16,,,0
190011019,'1179145',856,,2854,16,,,0
190011019,'1179159',1756,,2856,16,,,0
190011019,'1179162',2251,,2857,16,0,12,0
190011019,'1179163',756,,2858,16,,,0
190011019,'1179248',656,,2859,16,,,0
190011019,'1179252',1756,,2860,16,,,0
190011019,'1179276',1956,,2861,16,,,0
190011019,'1179307',656,,2862,16,,,0
190011019,'1179332',1057,,2864,17,,,0
190011019,'1179340',856,,2865,16,,,0
190011019,'1179367',1726,,2866,16,,,0
190011019,'1179394',2156,,2869,16,,,0
190011019,'1179412',2251,,2870,16,0,12,0
190011019,'1179413',1257,,2871,17,,,0
190011019,'1179424',2156,,2872,16,,,0
190011019,'1179426',1357,,2873,17,,,0
190011019,'1179430',1557,,2874,17,,,0
190011019,'1179437',1057,,2875,17,,,0
190011019,'1179438',1557,,2876,17,,,0
190011019,'1179442',1856,,2877,16,,,0
190011019,'1179477',756,,2878,16,,,0
190011019,'1179521',1357,,2879,17,,,0
190011019,'1179528',1157,,2880,17,,,0
190011019,'1179555',1956,,2882,16,,,0
190011019,'1179572',1157,,2883,17,,,0
190011019,'1179590',1457,,2884,17,,,0
190011019,'1179619',1656,,2885,16,,,0
190011019,'1179642',956,,2886,16,,,0
190011019,'1179650',1257,,2887,17,,,0
190011019,'1179666',826,,2889,16,,,0
190011019,'1179677',2056,,2891,16,,,0
190011019,'1179678',926,,2892,16,,,0
190011019,'1179688',1656,,2893,16,,,0
190011019,'1179700',1457,,2894,17,,,0
190011019,'1179709',956,,2895,16,,,0
