130029,'1178925',1511,,2343,23,,,0
130029,'1178989',1411,,2344,23,,,0
130029,'1179023',1611,,2345,23,,,0
130029,'1179120',1711,,2346,23,,,0
130029,'1179168',1311,,2347,23,,,0
130029,'1179423',911,,2348,23,,,0
130029,'1179469',1211,,2349,23,,,0
130029,'1179639',1011,,2350,23,,,0
130029,'1179657',1111,,2351,23,,,0
150029,'1179828',1028,,2397,33,,,0
150029,'1179915',1228,,2398,33,,,0
150029,'1179932',928,,2399,33,,,0
150029,'1179948',1528,,2400,33,,,0
150029,'1179983',1328,,2401,33,,,0
150029,'1180009',1128,,2402,33,,,0
150029,'1180017',1728,,2403,33,,,0
150029,'1180040',1628,,2404,33,,,0
150029,'1180079',1428,,2405,33,,,0
300019,'1180121',708,,3098,16,0,23 24 2 25,0
300019,'1180125',738,,3102,16,0,23 24 2 25,0
300019,'1180126',1438,,3103,17,0,23 24 2 25,0
300019,'1180130',938,,3107,17,0,23 24 2 25,0
300019,'1180131',1238,,3108,17,0,23 24 2 25,0
300019,'1180132',1138,,3109,17,0,23 24 2 25,0
300019,'1180133',2138,,3110,17,0,23 24 2 25,0
300019,'1180134',1608,,3111,17,0,23 24 2 25,0
300019,'1180136',838,,3113,17,0,23 24 2 25,0
300019,'1180138',1138,,3115,17,0,23 24 2 25,0
300019,'1180139',1338,,3116,17,0,23 24 2 25,0
300019,'1180140',1638,,3117,17,0,23 24 2 25,0
300019,'1180143',1808,,3120,17,0,23 24 2 25,0
300019,'1180145',1438,,3122,17,0,23 24 2 25,0
300019,'1180150',908,,3127,17,0,23 24 2 25,0
300019,'1180151',2038,,3128,17,0,23 24 2 25,0
300019,'1180152',838,,3129,17,0,23 24 2 25,0
300019,'1180156',938,,3133,17,0,23 24 2 25,0
300019,'1180159',1008,,3136,17,0,23 24 2 25,0
300019,'1180161',1738,,3138,17,0,23 24 2 25,0
300019,'1180164',1038,,3141,17,0,23 24 2 25,0
300019,'1180166',1538,,3143,17,0,23 24 2 25,0
300019,'1180167',1238,,3144,17,0,23 24 2 25,0
300019,'1180168',1938,,3145,17,0,23 24 2 25,0
300019,'1180169',1738,,3146,17,0,23 24 2 25,0
300019,'1180175',738,,3152,17,0,23 24 2 25,0
300019,'1180176',1038,,3153,17,0,23 24 2 25,0
300019,'1180177',1708,,3154,17,0,23 24 2 25,0
300019,'1180178',1638,,3155,17,0,23 24 2 25,0
300019,'1180179',1538,,3156,17,0,23 24 2 25,0
300019,'1180181',2138,,3158,17,0,23 24 2 25,0
300019,'1180182',1838,,3159,17,0,23 24 2 25,0
300019,'1180183',808,,3160,17,0,23 24 2 25,0
300019,'1180188',2038,,3165,17,0,23 24 2 25,0
300019,'1180189',1938,,3166,17,0,23 24 2 25,0
300019,'1180191',1838,,3168,17,0,23 24 2 25,0
300019,'1180194',1338,,3171,17,0,23 24 2 25,0
140014019,'1178954',1551,,2725,10,,,0
140014019,'1178955',1121,,2726,10,,,0
140014019,'1178974',951,,2727,10,,,0
140014019,'1179007',1751,,2728,10,,,0
140014019,'1179027',1451,,2729,10,,,0
140014019,'1179052',751,,2730,10,,,0
140014019,'1179079',721,,2731,10,,,0
140014019,'1179080',1451,,2732,10,,,0
140014019,'1179082',821,,2733,10,,,0
140014019,'1179084',651,,2734,10,,,0
140014019,'1179111',2151,,2735,10,,,0
140014019,'1179143',751,,2736,10,,,0
140014019,'1179200',1221,,2737,10,,,0
140014019,'1179207',1721,,2738,10,,,0
140014019,'1179221',1351,,2739,10,,,0
140014019,'1179271',1151,,2740,10,,,0
140014019,'1179298',1651,,2741,10,,,0
140014019,'1179320',1421,,2742,10,,,0
140014019,'1179323',951,,2743,10,,,0
140014019,'1179350',851,,2745,10,,,0
140014019,'1179353',1751,,2746,10,,,0
140014019,'1179366',1951,,2747,10,,,0
140014019,'1179392',1551,,2748,10,,,0
140014019,'1179403',1851,,2749,10,,,0
140014019,'1179433',1351,,2751,10,,,0
140014019,'1179443',921,,2752,10,,,0
140014019,'1179446',1151,,2753,10,,,0
140014019,'1179449',1021,,2754,10,,,0
140014019,'1179493',1051,,2755,10,,,0
140014019,'1179524',1651,,2757,10,,,0
140014019,'1179535',1321,,2758,10,,,0
140014019,'1179547',1251,,2759,10,,,0
140014019,'1179557',1821,,2761,10,0,8 21,0
140014019,'1179561',1521,,2762,10,,,0
140014019,'1179577',1251,,2763,10,,,0
140014019,'1179598',2051,,2764,10,,,0
140014019,'1179600',2151,,2765,10,,,0
140014019,'1179608',1851,,2766,10,,,0
140014019,'1179636',1621,,2767,10,,,0
140014019,'1179638',851,,2768,10,,,0
140014019,'1179648',1951,,2769,10,,,0
140014019,'1179654',2051,,2770,10,,,0
140014019,'1179662',1051,,2771,10,,,0
190013019,'1178916',1702,,2896,55,,,0
190013019,'1178919',2032,,2897,55,,,0
190013019,'1178920',1202,,2898,55,,,0
190013019,'1178929',832,,2899,55,,,0
190013019,'1178930',1732,,2900,55,,,0
190013019,'1178972',2032,,2901,55,,,0
190013019,'1178983',1302,,2902,55,,,0
190013019,'1178994',2232,,2903,55,,,0
190013019,'1178997',1232,,2904,55,,,0
190013019,'1179048',1602,,2905,55,,,0
190013019,'1179062',1632,,2906,55,,,0
190013019,'1179074',1402,,2907,55,,,0
190013019,'1179087',1332,,2908,55,,,0
190013019,'1179104',1102,,2909,55,,,0
190013019,'1179187',932,,2911,55,,,0
190013019,'1179202',1132,,2912,55,,,0
190013019,'1179203',1032,,2913,55,,,0
190013019,'1179212',1532,,2914,55,,,0
190013019,'1179219',1332,,2915,55,,,0
190013019,'1179243',832,,2916,55,,,0
190013019,'1179287',2232,,2917,55,,,0
190013019,'1179292',1132,,2918,55,,,0
190013019,'1179300',802,,2919,55,,,0
190013019,'1179354',632,,2920,23,,,0
190013019,'1179373',1032,,2921,55,,,0
190013019,'1179380',1432,,2922,55,,,0
190013019,'1179402',1432,,2923,55,,,0
190013019,'1179411',1502,,2924,55,,,0
190013019,'1179457',1932,,2925,55,,,0
190013019,'1179504',732,,2926,55,,,0
190013019,'1179507',1002,,2927,55,,,0
190013019,'1179509',1232,,2928,55,,,0
190013019,'1179516',1632,,2929,55,,,0
190013019,'1179531',2132,,2930,55,,,0
190013019,'1179537',932,,2931,55,,,0
190013019,'1179539',1832,,2932,55,,,0
190013019,'1179546',732,,2933,55,,,0
190013019,'1179553',1932,,2934,55,,,0
190013019,'1179581',702,,2935,23,,,0
190013019,'1179591',1732,,2936,55,,,0
190013019,'1179611',1802,,2937,55,,,0
190013019,'1179635',1532,,2938,55,,,0
190013019,'1179694',902,,2939,55,,,0
190013019,'1179701',2132,,2940,55,,,0
190013019,'1179717',1832,,2941,55,,,0
