120019,'1178966',1328,,2316,14,,,0
120019,'1178998',1528,,2317,14,,,0
120019,'1179031',1628,,2318,14,,,0
120019,'1179149',1428,,2319,14,,,0
120019,'1179182',1128,,2320,14,,,0
120019,'1179282',928,,2321,14,,,0
120019,'1179296',1728,,2322,14,,,0
120019,'1179596',1028,,2323,14,,,0
120019,'1179628',1228,,2324,14,,,0
190013019,'1178916',1619,,2896,14,,,0
190013019,'1178919',1949,,2897,14,,,0
190013019,'1178920',1119,,2898,14,,,0
190013019,'1178929',749,,2899,14,,,0
190013019,'1178930',1649,,2900,14,,,0
190013019,'1178972',1949,,2901,14,,,0
190013019,'1178983',1219,,2902,14,,,0
190013019,'1178994',2149,,2903,14,,,0
190013019,'1178997',1149,,2904,14,,,0
190013019,'1179048',1519,,2905,14,,,0
190013019,'1179062',1549,,2906,14,,,0
190013019,'1179074',1319,,2907,14,,,0
190013019,'1179087',1249,,2908,14,,,0
190013019,'1179104',1019,,2909,14,,,0
190013019,'1179171',1819,,2910,14,0,8 21,0
190013019,'1179187',849,,2911,14,,,0
190013019,'1179202',1049,,2912,14,,,0
190013019,'1179203',949,,2913,14,,,0
190013019,'1179212',1449,,2914,14,,,0
190013019,'1179219',1249,,2915,14,,,0
190013019,'1179243',749,,2916,14,,,0
190013019,'1179287',2149,,2917,14,,,0
190013019,'1179292',1049,,2918,14,,,0
190013019,'1179300',719,,2919,14,,,0
190013019,'1179373',949,,2921,14,,,0
190013019,'1179380',1349,,2922,14,,,0
190013019,'1179402',1349,,2923,14,,,0
190013019,'1179411',1419,,2924,14,,,0
190013019,'1179457',1849,,2925,14,,,0
190013019,'1179504',649,,2926,14,,,0
190013019,'1179507',919,,2927,14,,,0
190013019,'1179509',1149,,2928,14,,,0
190013019,'1179516',1549,,2929,14,,,0
190013019,'1179531',2049,,2930,14,,,0
190013019,'1179537',849,,2931,14,,,0
190013019,'1179539',1749,,2932,14,,,0
190013019,'1179546',649,,2933,14,,,0
190013019,'1179553',1849,,2934,14,,,0
190013019,'1179591',1649,,2936,14,,,0
190013019,'1179611',1719,,2937,14,,,0
190013019,'1179635',1449,,2938,14,,,0
190013019,'1179694',819,,2939,14,,,0
190013019,'1179701',2049,,2940,14,,,0
190013019,'1179717',1749,,2941,14,,,0
