140029,'1179802',1550,,2370,26,,,0
140029,'1179837',1350,,2371,26,,,0
140029,'1179865',1803,,2372,26,,,0
140029,'1179930',1250,,2373,26,,,0
140029,'1179947',1650,,2374,26,,,0
140029,'1179984',1450,,2375,26,,,0
140029,'1180047',950,,2376,26,,,0
140029,'1180060',1050,,2377,26,,,0
140029,'1180076',1150,,2378,26,,,0
140012019,'1178913',1225,,2679,37,,,0
140012019,'1178923',1225,,2680,37,,,0
140012019,'1178934',1025,,2681,37,,,0
140012019,'1178935',825,,2682,37,,,0
140012019,'1178953',925,,2683,37,,,0
140012019,'1178981',725,,2684,37,,,0
140012019,'1178986',1455,,2685,37,,,0
140012019,'1179006',1355,,2686,37,,,0
140012019,'1179011',755,,2687,37,,,0
140012019,'1179015',1925,,2688,37,,,0
140012019,'1179046',925,,2689,37,,,0
140012019,'1179102',1625,,2690,37,,,0
140012019,'1179154',1425,,2691,37,,,0
140012019,'1179183',2025,,2692,37,,,0
140012019,'1179185',955,,2693,37,,,0
140012019,'1179230',1025,,2695,37,,,0
140012019,'1179233',1625,,2696,37,,,0
140012019,'1179236',825,,2697,37,,,0
140012019,'1179238',1525,,2698,37,,,0
140012019,'1179244',2125,,2699,37,,,0
140012019,'1179245',1925,,2700,37,,,0
140012019,'1179250',725,,2701,15,,,0
140012019,'1179261',1125,,2703,37,,,0
140012019,'1179316',2025,,2704,37,,,0
140012019,'1179325',855,,2705,37,,,0
140012019,'1179348',1325,,2706,37,,,0
140012019,'1179359',1755,,2707,37,,,0
140012019,'1179372',2225,,2708,37,,,0
140012019,'1179387',1325,,2709,37,,,0
140012019,'1179399',1155,,2710,37,,,0
140012019,'1179425',2125,,2711,37,,,0
140012019,'1179444',1655,,2712,37,,,0
140012019,'1179495',1425,,2713,37,,,0
140012019,'1179499',1555,,2714,37,,,0
140012019,'1179510',1725,,2715,37,,,0
140012019,'1179511',2225,,2716,37,,,0
140012019,'1179526',1825,,2717,37,,,0
140012019,'1179556',1125,,2718,37,,,0
140012019,'1179567',1255,,2719,37,,,0
140012019,'1179644',1825,,2721,37,,,0
140012019,'1179693',1055,,2722,37,,,0
140012019,'1179704',1525,,2723,37,,,0
140012019,'1179715',1725,,2724,37,,,0
