140019,'1178969',1319,,2352,7,,,0
140019,'1178977',1519,,2353,7,,,0
140019,'1179164',1619,,2354,7,,,0
140019,'1179344',1419,,2355,7,,,0
140019,'1179352',919,,2356,7,,,0
140019,'1179462',1219,,2357,7,,,0
140019,'1179512',1119,,2358,7,,,0
140019,'1179518',1019,,2359,7,,,0
140019,'1179634',1719,,2360,7,,,0
190011019,'1178950',719,,2849,7,,,0
190011019,'1178970',1849,,2850,7,,,0
190011019,'1179009',1819,,2851,7,0,8 21,0
190011019,'1179040',2049,,2852,7,,,0
190011019,'1179145',849,,2854,7,,,0
190011019,'1179159',1749,,2856,7,,,0
190011019,'1179162',2244,,2857,7,0,12,0
190011019,'1179163',749,,2858,7,,,0
190011019,'1179248',649,,2859,7,,,0
190011019,'1179252',1749,,2860,7,,,0
190011019,'1179276',1949,,2861,7,,,0
190011019,'1179307',649,,2862,7,,,0
190011019,'1179332',1049,,2864,7,,,0
190011019,'1179340',849,,2865,7,,,0
190011019,'1179367',1719,,2866,7,,,0
190011019,'1179394',2149,,2869,7,,,0
190011019,'1179412',2244,,2870,7,0,12,0
190011019,'1179413',1249,,2871,7,,,0
190011019,'1179424',2149,,2872,7,,,0
190011019,'1179426',1349,,2873,7,,,0
190011019,'1179430',1549,,2874,7,,,0
190011019,'1179437',1049,,2875,7,,,0
190011019,'1179438',1549,,2876,7,,,0
190011019,'1179442',1849,,2877,7,,,0
190011019,'1179477',749,,2878,7,,,0
190011019,'1179521',1349,,2879,7,,,0
190011019,'1179528',1149,,2880,7,,,0
190011019,'1179555',1949,,2882,7,,,0
190011019,'1179572',1149,,2883,7,,,0
190011019,'1179590',1449,,2884,7,,,0
190011019,'1179619',1649,,2885,7,,,0
190011019,'1179642',949,,2886,7,,,0
190011019,'1179650',1249,,2887,7,,,0
190011019,'1179666',819,,2889,7,,,0
190011019,'1179677',2049,,2891,7,,,0
190011019,'1179678',919,,2892,7,,,0
190011019,'1179688',1649,,2893,7,,,0
190011019,'1179700',1449,,2894,7,,,0
190011019,'1179709',949,,2895,7,,,0
