200019,'1179038',1444,,2433,14,,,0
200019,'1179081',1644,,2434,14,,,0
200019,'1179174',944,,2435,14,,,0
200019,'1179259',1144,,2436,14,,,0
200019,'1179289',1544,,2437,14,,,0
200019,'1179460',1744,,2438,14,,,0
200019,'1179585',1044,,2439,14,,,0
200019,'1179594',1344,,2440,14,,,0
200019,'1179655',1244,,2441,14,,,0
200019,'1179798',1344,,2442,14,,,0
200019,'1179810',1544,,2443,14,,,0
200019,'1179901',1144,,2444,14,,,0
200019,'1179903',1744,,2445,14,,,0
200019,'1179911',1444,,2446,14,,,0
200019,'1179939',1044,,2447,14,,,0
200019,'1179968',1644,,2448,14,,,0
200019,'1179973',944,,2449,14,,,0
200019,'1180054',1244,,2450,14,,,0
140016019,'1178912',1659,,2772,16,,,0
140016019,'1178941',759,,2773,16,,,0
140016019,'1179017',1229,,2775,16,0,8 21,0
140016019,'1179077',1729,,2777,16,,,0
140016019,'1179112',1859,,2778,16,,,0
140016019,'1179129',1159,,2779,16,,,0
140016019,'1179191',859,,2780,16,,,0
140016019,'1179254',1129,,2782,16,0,8 21,0
140016019,'1179256',829,,2783,16,,,0
140016019,'1179299',2159,,2785,16,,,0
140016019,'1179304',1259,,2786,16,,,0
140016019,'1179312',1559,,2787,16,,,0
140016019,'1179318',1759,,2788,16,,,0
140016019,'1179330',1959,,2789,16,,,0
140016019,'1179333',1359,,2790,16,,,0
140016019,'1179351',929,,2791,16,0,8 21,0
140016019,'1179357',1059,,2792,16,,,0
140016019,'1179371',1459,,2793,16,,,0
140016019,'1179389',1629,,2794,16,,,0
140016019,'1179503',1429,,2796,16,0,8 21,0
140016019,'1179517',1529,,2797,16,,,0
140016019,'1179536',729,,2798,16,,,0
140016019,'1179538',659,,2799,16,,,0
140016019,'1179562',1329,,2800,16,0,8 21,0
140016019,'1179569',1829,,2801,16,0,8 21,0
140016019,'1179601',2059,,2802,16,,,0
140016019,'1179663',959,,2803,16,,,0
140016019,'1179681',1029,,2804,16,0,8 21,0
140016019,'1179792',859,,2805,16,,,0
140016019,'1179800',1659,,2806,16,,,0
140016019,'1179808',1859,,2807,16,,,0
140016019,'1179822',1529,,2808,16,,,0
140016019,'1179827',829,,2809,16,,,0
140016019,'1179831',1559,,2810,16,,,0
140016019,'1179835',2159,,2811,16,,,0
140016019,'1179839',1329,,2812,16,0,8 21,0
140016019,'1179842',1129,,2813,16,0,8 21,0
140016019,'1179862',929,,2814,16,0,8 21,0
140016019,'1179868',1629,,2815,16,,,0
140016019,'1179875',1059,,2816,16,,,0
140016019,'1179881',1829,,2817,16,0,8 21,0
140016019,'1179886',1359,,2818,16,,,0
140016019,'1179897',1029,,2819,16,0,8 21,0
140016019,'1179904',1229,,2820,16,0,8 21,0
140016019,'1179907',1659,,2821,16,,,0
140016019,'1179913',1729,,2822,16,,,0
140016019,'1179926',1259,,2823,16,,,0
140016019,'1179938',1459,,2824,16,,,0
140016019,'1179943',2059,,2825,16,,,0
140016019,'1179945',759,,2826,16,,,0
140016019,'1179958',1359,,2827,16,,,0
140016019,'1179963',1759,,2828,16,,,0
140016019,'1179974',959,,2829,16,,,0
140016019,'1179976',659,,2830,16,,,0
140016019,'1179989',859,,2831,16,,,0
140016019,'1179991',1459,,2832,16,,,0
140016019,'1179997',1559,,2833,16,,,0
140016019,'1180006',959,,2834,16,,,0
140016019,'1180012',1859,,2835,16,,,0
140016019,'1180018',1059,,2836,16,,,0
140016019,'1180019',2159,,2837,16,,,0
140016019,'1180020',1959,,2838,16,,,0
140016019,'1180023',1259,,2839,16,,,0
140016019,'1180024',729,,2840,16,,,0
140016019,'1180028',759,,2841,16,,,0
140016019,'1180031',1959,,2842,16,,,0
140016019,'1180048',2059,,2843,16,,,0
140016019,'1180057',1759,,2844,16,,,0
140016019,'1180062',1429,,2845,16,0,8 21,0
140016019,'1180072',1159,,2846,16,,,0
140016019,'1180078',1159,,2847,16,,,0
