140010019,'1175755',919,,1743,37,,,0
140010019,'1175787',1819,,1744,37,,,0
140010019,'1175798',1819,,1745,37,,,0
140010019,'1175810',719,,1747,4,,,0
140010019,'1175825',1619,,1748,37,,,0
140010019,'1175826',1319,,1749,37,,,0
140010019,'1175836',1749,,1750,37,,,0
140010019,'1175840',2019,,1751,37,,,0
140010019,'1175890',2019,,1753,37,,,0
140010019,'1175905',2119,,1754,37,,,0
140010019,'1175937',1419,,1755,37,,,0
140010019,'1175943',1719,,1756,37,,,0
140010019,'1175995',1119,,1758,37,,,0
140010019,'1176008',749,,1759,37,,,0
140010019,'1176017',819,,1760,37,,,0
140010019,'1176075',1719,,1761,37,,,0
140010019,'1176104',2219,,1762,37,,,0
140010019,'1176141',1319,,1763,37,,,0
140010019,'1176158',1519,,1764,37,,,0
140010019,'1176198',1019,,1766,37,,,0
140010019,'1176208',2219,,1767,37,,,0
140010019,'1176215',1919,,1768,37,,,0
140010019,'1176249',1119,,1770,37,,,0
140010019,'1176269',2119,,1771,37,,,0
140010019,'1176311',1019,,1774,37,,,0
140010019,'1176346',849,,1775,37,,,0
140010019,'1176365',919,,1776,37,,,0
140010019,'1176376',1619,,1777,37,,,0
140010019,'1176382',1219,,1778,37,,,0
140010019,'1176449',719,,1779,37,,,0
140010019,'1176545',819,,1781,37,,,0
140010019,'1176551',1419,,1782,37,,,0
140010019,'1176579',1649,,1783,37,,,0
140010019,'1176580',1219,,1784,37,,,0
140010019,'1176607',1919,,1785,37,,,0
140010019,'1176653',1519,,1788,37,,,0
140014019,'1175733',1919,,1835,25,,,0
140014019,'1175775',1219,,1836,25,,,0
140014019,'1175776',2119,,1837,25,,,0
140014019,'1175786',2019,,1838,25,,,0
140014019,'1175790',1619,,1839,25,,,0
140014019,'1175803',1419,,1840,25,,,0
140014019,'1175809',949,,1841,25,,,0
140014019,'1175820',1519,,1842,25,,,0
140014019,'1175821',1219,,1843,25,,,0
140014019,'1175838',1149,,1844,25,,,0
140014019,'1175856',1119,,1845,25,,,0
140014019,'1175876',1619,,1846,25,,,0
140014019,'1175893',1919,,1847,25,,,0
140014019,'1175894',1749,,1848,25,,,0
140014019,'1175902',1649,,1849,25,,,0
140014019,'1175961',1319,,1850,25,,,0
140014019,'1175973',919,,1851,25,,,0
140014019,'1175975',1819,,1852,25,,,0
140014019,'1175999',849,,1854,25,,,0
140014019,'1176001',1049,,1855,25,,,0
140014019,'1176014',1119,,1856,25,,,0
140014019,'1176036',749,,1857,25,,,0
140014019,'1176047',1419,,1858,25,,,0
140014019,'1176050',2119,,1859,25,,,0
140014019,'1176071',1249,,1860,25,,,0
140014019,'1176160',1719,,1861,25,,,0
140014019,'1176250',819,,1862,25,,,0
140014019,'1176268',2219,,1863,25,,,0
140014019,'1176283',1349,,1864,25,,,0
140014019,'1176308',2219,,1866,25,,,0
140014019,'1176314',719,,1867,25,,,0
140014019,'1176393',1019,,1869,25,,,0
140014019,'1176423',819,,1870,25,,,0
140014019,'1176464',649,,1871,4,,,0
140014019,'1176476',1549,,1872,25,,,0
140014019,'1176485',1019,,1873,25,,,0
140014019,'1176522',919,,1874,25,,,0
140014019,'1176530',719,,1875,4,,,0
140014019,'1176556',1719,,1876,25,,,0
140014019,'1176558',1519,,1877,25,,,0
140014019,'1176598',2019,,1878,25,,,0
140014019,'1176631',1319,,1879,25,,,0
140014019,'1176643',1449,,1880,25,,,0
140014019,'1176681',1819,,1881,25,,,0
140016019,'1175722',1119,,1882,24,,,0
140016019,'1175752',719,,1883,24,,,0
140016019,'1175760',2019,,1884,24,,,0
140016019,'1175908',849,,1888,24,,,0
140016019,'1175922',1219,,1889,24,,,0
140016019,'1175936',819,,1890,24,,,0
140016019,'1175986',1419,,1892,24,,,0
140016019,'1175988',1319,,1893,24,,,0
140016019,'1175989',1819,,1894,24,,,0
140016019,'1176015',919,,1896,24,,,0
140016019,'1176168',1319,,1898,24,,,0
140016019,'1176170',1549,,1899,24,,,0
140016019,'1176241',2119,,1900,24,,,0
140016019,'1176247',749,,1901,24,,,0
140016019,'1176270',2219,,1902,24,,,0
140016019,'1176280',1619,,1903,24,,,0
140016019,'1176296',1519,,1904,24,,,0
140016019,'1176309',2219,,1905,24,,,0
140016019,'1176320',1819,,1906,24,,,0
140016019,'1176381',1019,,1908,24,,,0
140016019,'1176402',2019,,1909,24,,,0
140016019,'1176421',819,,1910,24,,,0
140016019,'1176486',1749,,1911,24,,,0
140016019,'1176492',1119,,1912,24,,,0
140016019,'1176495',1919,,1913,24,,,0
140016019,'1176500',1619,,1914,24,,,0
140016019,'1176504',1719,,1915,24,,,0
140016019,'1176510',1519,,1916,24,,,0
140016019,'1176518',1649,,1917,24,,,0
140016019,'1176524',1019,,1918,24,,,0
140016019,'1176533',919,,1919,24,,,0
140016019,'1176577',2119,,1921,24,,,0
140016019,'1176602',1419,,1924,24,,,0
140016019,'1176621',1919,,1926,24,,,0
140016019,'1176627',1719,,1927,24,,,0
140016019,'1176666',719,,1928,4,,,0
140016019,'1176671',1219,,1929,24,,,0
