216019,'1175813',1934,,1624,32,,,0
216019,'1175831',736,,1625,33,,,0
216019,'1175857',1706,,1626,33,,,0
216019,'1175869',1736,,1627,33,,,0
216019,'1175916',1604,,1628,32,,,0
216019,'1175929',1334,,1629,32,,,0
216019,'1175966',1734,,1630,32,,,0
216019,'1175997',2134,,1631,32,,,0
216019,'1175998',934,,1632,32,,,0
216019,'1176028',1034,,1633,32,,,0
216019,'1176037',1834,,1634,32,,,0
216019,'1176041',1834,,1635,32,,,0
216019,'1176046',734,,1636,32,,,0
216019,'1176054',1636,,1637,33,,,0
216019,'1176067',706,,1638,33,,,0
216019,'1176111',1134,,1639,32,,,0
216019,'1176200',1434,,1640,32,,,0
216019,'1176207',2134,,1641,32,,,0
216019,'1176218',1134,,1642,32,,,0
216019,'1176289',1034,,1643,32,,,0
216019,'1176352',1234,,1644,32,,,0
216019,'1176395',1934,,1645,32,,,0
216019,'1176414',2034,,1646,32,,,0
216019,'1176430',1804,,1647,32,,,0
216019,'1176454',1634,,1648,32,,,0
216019,'1176460',834,,1649,32,,,0
216019,'1176467',1534,,1650,32,,,0
216019,'1176534',634,,1651,32,,,0
216019,'1176553',1234,,1652,32,,,0
216019,'1176576',934,,1653,32,,,0
216019,'1176651',834,,1654,32,,,0
216019,'1176656',1534,,1655,32,,,0
216019,'1176659',1434,,1656,32,,,0
216019,'1176663',1334,,1657,32,,,0
216019,'1176665',904,,1658,32,,,0
216019,'1176686',2034,,1659,32,,,0
216019,'1176690',804,,1660,32,,,0
