130029,'1178925',1501,,2343,10,,,0
130029,'1178989',1401,,2344,10,,,0
130029,'1179023',1601,,2345,10,,,0
130029,'1179120',1701,,2346,10,,,0
130029,'1179168',1301,,2347,10,,,0
130029,'1179423',901,,2348,10,,,0
130029,'1179469',1201,,2349,10,,,0
130029,'1179639',1001,,2350,10,,,0
130029,'1179657',1101,,2351,10,,,0
190013019,'1178916',1652,,2896,42,,,0
190013019,'1178919',2022,,2897,42,,,0
190013019,'1178920',1152,,2898,42,,,0
190013019,'1178929',822,,2899,42,,,0
190013019,'1178930',1722,,2900,42,,,0
190013019,'1178972',2022,,2901,42,,,0
190013019,'1178983',1252,,2902,42,,,0
190013019,'1178994',2222,,2903,42,,,0
190013019,'1178997',1222,,2904,42,,,0
190013019,'1179048',1552,,2905,42,,,0
190013019,'1179062',1622,,2906,42,,,0
190013019,'1179074',1352,,2907,42,,,0
190013019,'1179087',1322,,2908,42,,,0
190013019,'1179104',1052,,2909,42,,,0
190013019,'1179187',922,,2911,42,,,0
190013019,'1179202',1122,,2912,42,,,0
190013019,'1179203',1022,,2913,42,,,0
190013019,'1179212',1522,,2914,42,,,0
190013019,'1179219',1322,,2915,42,,,0
190013019,'1179243',822,,2916,42,,,0
190013019,'1179287',2222,,2917,42,,,0
190013019,'1179292',1122,,2918,42,,,0
190013019,'1179300',752,,2919,42,,,0
190013019,'1179354',622,,2920,10,,,0
190013019,'1179373',1022,,2921,42,,,0
190013019,'1179380',1422,,2922,42,,,0
190013019,'1179402',1422,,2923,42,,,0
190013019,'1179411',1452,,2924,42,,,0
190013019,'1179457',1922,,2925,42,,,0
190013019,'1179504',722,,2926,42,,,0
190013019,'1179507',952,,2927,42,,,0
190013019,'1179509',1222,,2928,42,,,0
190013019,'1179516',1622,,2929,42,,,0
190013019,'1179531',2122,,2930,42,,,0
190013019,'1179537',922,,2931,42,,,0
190013019,'1179539',1822,,2932,42,,,0
190013019,'1179546',722,,2933,42,,,0
190013019,'1179553',1922,,2934,42,,,0
190013019,'1179581',652,,2935,10,,,0
190013019,'1179591',1722,,2936,42,,,0
190013019,'1179611',1752,,2937,42,,,0
190013019,'1179635',1522,,2938,42,,,0
190013019,'1179694',852,,2939,42,,,0
190013019,'1179701',2122,,2940,42,,,0
190013019,'1179717',1822,,2941,42,,,0
