200019,'1179798',1410,,2442,28,,,0
200019,'1179810',1610,,2443,28,,,0
200019,'1179901',1210,,2444,28,,,0
200019,'1179903',1802,,2445,28,,,0
200019,'1179911',1510,,2446,28,,,0
200019,'1179939',1110,,2447,28,,,0
200019,'1179968',1710,,2448,28,,,0
200019,'1179973',1010,,2449,28,,,0
200019,'1180054',1310,,2450,28,,,0
190015019,'1179791',2054,,2973,15,,,0
190015019,'1179793',654,,2974,15,,,0
190015019,'1179804',654,,2975,15,,,0
190015019,'1179812',1054,,2976,15,,,0
190015019,'1179819',754,,2977,15,,,0
190015019,'1179825',1154,,2978,15,,,0
190015019,'1179846',2154,,2979,15,0,12,0
190015019,'1179856',824,,2980,15,,,0
190015019,'1179872',754,,2981,15,,,0
190015019,'1179885',1624,,2982,15,,,0
190015019,'1179887',1354,,2983,15,,,0
190015019,'1179898',1454,,2984,15,,,0
190015019,'1179909',954,,2985,15,,,0
190015019,'1179919',1754,,2986,15,,,0
190015019,'1179920',854,,2987,15,,,0
190015019,'1179923',1424,,2988,15,,,0
190015019,'1179931',2054,,2989,15,,,0
190015019,'1179934',1824,,2990,15,0,12,0
190015019,'1179935',1654,,2991,15,,,0
190015019,'1179940',1124,,2992,15,,,0
190015019,'1179952',1154,,2993,15,,,0
190015019,'1179960',1254,,2994,15,,,0
190015019,'1179961',1454,,2995,15,,,0
190015019,'1179972',2254,,2996,15,0,12,0
190015019,'1179980',1024,,2997,15,,,0
190015019,'1179982',1724,,2998,15,,,0
190015019,'1179992',1524,,2999,15,,,0
190015019,'1179995',1054,,3000,15,,,0
190015019,'1179999',1224,,3001,15,,,0
190015019,'1180013',1854,,3002,15,,,0
190015019,'1180014',1954,,3003,15,,,0
190015019,'1180015',924,,3004,15,,,0
190015019,'1180016',1954,,3005,15,,,0
190015019,'1180021',2254,,3006,15,0,12,0
190015019,'1180026',1854,,3007,15,,,0
190015019,'1180029',954,,3008,15,,,0
190015019,'1180044',1554,,3009,15,,,0
190015019,'1180045',2154,,3010,15,0,12,0
190015019,'1180058',1324,,3011,15,,,0
190015019,'1180059',1654,,3012,15,,,0
190015019,'1180068',1754,,3013,15,,,0
190015019,'1180070',1554,,3014,15,,,0
190015019,'1180075',854,,3015,15,,,0
190015019,'1180077',1254,,3016,15,,,0
190015019,'1180080',724,,3017,15,,,0
190015019,'1180081',1354,,3018,15,,,0
