120019,'1178966',1347,,2316,27,,,0
120019,'1178998',1547,,2317,27,,,0
120019,'1179031',1647,,2318,27,,,0
120019,'1179149',1447,,2319,27,,,0
120019,'1179182',1147,,2320,27,,,0
120019,'1179282',947,,2321,27,,,0
120019,'1179296',1800,,2322,27,,,0
120019,'1179596',1047,,2323,27,,,0
120019,'1179628',1247,,2324,27,,,0
140016019,'1178912',1722,,2772,28,,,0
140016019,'1178941',822,,2773,28,,,0
140016019,'1179063',722,,2776,8,,,0
140016019,'1179077',1752,,2777,28,,,0
140016019,'1179112',1922,,2778,28,,,0
140016019,'1179129',1222,,2779,28,,,0
140016019,'1179191',922,,2780,28,,,0
140016019,'1179256',852,,2783,28,,,0
140016019,'1179299',2222,,2785,28,,,0
140016019,'1179304',1322,,2786,28,,,0
140016019,'1179312',1622,,2787,28,,,0
140016019,'1179318',1822,,2788,28,,,0
140016019,'1179330',2022,,2789,28,,,0
140016019,'1179333',1422,,2790,28,,,0
140016019,'1179357',1122,,2792,28,,,0
140016019,'1179371',1522,,2793,28,,,0
140016019,'1179389',1652,,2794,28,,,0
140016019,'1179517',1552,,2797,28,,,0
140016019,'1179536',752,,2798,28,,,0
140016019,'1179538',722,,2799,28,,,0
140016019,'1179601',2122,,2802,28,,,0
140016019,'1179663',1022,,2803,28,,,0
140016019,'1179792',922,,2805,28,,,0
140016019,'1179800',1722,,2806,28,,,0
140016019,'1179808',1922,,2807,28,,,0
140016019,'1179822',1552,,2808,28,,,0
140016019,'1179827',852,,2809,28,,,0
140016019,'1179831',1622,,2810,28,,,0
140016019,'1179835',2222,,2811,28,,,0
140016019,'1179868',1652,,2815,28,,,0
140016019,'1179875',1122,,2816,28,,,0
140016019,'1179886',1422,,2818,28,,,0
140016019,'1179907',1722,,2821,28,,,0
140016019,'1179913',1752,,2822,28,,,0
140016019,'1179926',1322,,2823,28,,,0
140016019,'1179938',1522,,2824,28,,,0
140016019,'1179943',2122,,2825,28,,,0
140016019,'1179945',822,,2826,28,,,0
140016019,'1179958',1422,,2827,28,,,0
140016019,'1179963',1822,,2828,28,,,0
140016019,'1179974',1022,,2829,28,,,0
140016019,'1179976',722,,2830,28,,,0
140016019,'1179989',922,,2831,28,,,0
140016019,'1179991',1522,,2832,28,,,0
140016019,'1179997',1622,,2833,28,,,0
140016019,'1180006',1022,,2834,28,,,0
140016019,'1180012',1922,,2835,28,,,0
140016019,'1180018',1122,,2836,28,,,0
140016019,'1180019',2222,,2837,28,,,0
140016019,'1180020',2022,,2838,28,,,0
140016019,'1180023',1322,,2839,28,,,0
140016019,'1180024',752,,2840,28,,,0
140016019,'1180028',822,,2841,28,,,0
140016019,'1180031',2022,,2842,28,,,0
140016019,'1180048',2122,,2843,28,,,0
140016019,'1180057',1822,,2844,28,,,0
140016019,'1180072',1222,,2846,28,,,0
140016019,'1180078',1222,,2847,28,,,0
