190011019,'1178950',728,,2849,19,,,0
190011019,'1178970',1858,,2850,19,,,0
190011019,'1179009',1828,,2851,19,0,8 21,0
190011019,'1179040',2058,,2852,19,,,0
190011019,'1179145',858,,2854,19,,,0
190011019,'1179159',1758,,2856,19,,,0
190011019,'1179162',2253,,2857,19,0,12,0
190011019,'1179163',758,,2858,19,,,0
190011019,'1179248',658,,2859,19,,,0
190011019,'1179252',1758,,2860,19,,,0
190011019,'1179276',1958,,2861,19,,,0
190011019,'1179307',658,,2862,19,,,0
190011019,'1179332',1100,,2864,20,,,0
190011019,'1179340',858,,2865,19,,,0
190011019,'1179367',1728,,2866,19,,,0
190011019,'1179394',2158,,2869,19,,,0
190011019,'1179412',2253,,2870,19,0,12,0
190011019,'1179413',1300,,2871,20,,,0
190011019,'1179424',2158,,2872,19,,,0
190011019,'1179426',1400,,2873,20,,,0
190011019,'1179430',1600,,2874,20,,,0
190011019,'1179437',1100,,2875,20,,,0
190011019,'1179438',1600,,2876,20,,,0
190011019,'1179442',1858,,2877,19,,,0
190011019,'1179477',758,,2878,19,,,0
190011019,'1179521',1400,,2879,20,,,0
190011019,'1179528',1200,,2880,20,,,0
190011019,'1179555',1958,,2882,19,,,0
190011019,'1179572',1200,,2883,20,,,0
190011019,'1179590',1500,,2884,20,,,0
190011019,'1179619',1658,,2885,19,,,0
190011019,'1179642',958,,2886,19,,,0
190011019,'1179650',1300,,2887,20,,,0
190011019,'1179666',828,,2889,19,,,0
190011019,'1179677',2058,,2891,19,,,0
190011019,'1179678',928,,2892,19,,,0
190011019,'1179688',1658,,2893,19,,,0
190011019,'1179700',1500,,2894,20,,,0
190011019,'1179709',958,,2895,19,,,0
