200029,'1178971',1111,,2451,23,,,0
200029,'1179034',1711,,2452,23,,,0
200029,'1179043',1311,,2453,23,,,0
200029,'1179091',1511,,2454,23,,,0
200029,'1179144',911,,2455,13,,,0
200029,'1179198',1211,,2456,23,,,0
200029,'1179283',1411,,2458,23,,,0
200029,'1179383',1611,,2459,23,,,0
200029,'1179689',1011,,2460,23,,,0
200029,'1179807',1011,,2461,23,,,0
200029,'1179834',1411,,2462,23,,,0
200029,'1179867',1711,,2463,23,,,0
200029,'1179877',1211,,2464,23,,,0
200029,'1179888',1611,,2465,23,,,0
200029,'1179893',1311,,2466,23,,,0
200029,'1179998',1511,,2467,23,,,0
200029,'1180053',911,,2468,13,,,0
200029,'1180064',1111,,2469,23,,,0
190017019,'1178932',954,,3019,45,,,0
190017019,'1178967',1454,,3020,12,,,0
190017019,'1179016',654,,3023,45,,,0
190017019,'1179076',624,,3024,12,,,0
190017019,'1179092',724,,3025,45,,,0
190017019,'1179151',1924,,3026,45,,,0
190017019,'1179161',1754,,3027,45,,,0
190017019,'1179277',854,,3028,45,,,0
190017019,'1179309',1354,,3029,12,,,0
190017019,'1179377',1554,,3030,12,,,0
190017019,'1179384',1254,,3031,12,,,0
190017019,'1179427',1324,,3032,45,,,0
190017019,'1179455',1424,,3033,45,,,0
190017019,'1179492',1154,,3034,12,,,0
190017019,'1179519',1824,,3035,45,,,0
190017019,'1179533',754,,3037,45,,,0
190017019,'1179565',1054,,3038,12,,,0
190017019,'1179573',1224,,3039,45,,,0
190017019,'1179579',1124,,3040,45,,,0
190017019,'1179599',2124,,3041,45,,,0
190017019,'1179610',2024,,3042,45,,,0
190017019,'1179626',1654,,3043,45,,,0
190017019,'1179667',824,,3044,45,,,0
190017019,'1179680',1624,,3045,45,,,0
190017019,'1179683',924,,3046,45,,,0
190017019,'1179686',1524,,3047,45,,,0
190017019,'1179699',1024,,3048,45,,,0
190017019,'1179710',1724,,3049,45,,,0
190017019,'1179790',1224,,3050,44,,,0
190017019,'1179796',1424,,3051,44,,,0
190017019,'1179821',1524,,3053,44,,,0
190017019,'1179824',654,,3054,44,,,0
190017019,'1179832',1124,,3055,44,,,0
190017019,'1179843',924,,3056,44,,,0
190017019,'1179845',2124,,3057,44,,,0
190017019,'1179849',1154,,3059,12,,,0
190017019,'1179859',1724,,3060,44,,,0
190017019,'1179863',1024,,3061,44,,,0
190017019,'1179870',854,,3062,44,,,0
190017019,'1179874',1324,,3063,44,,,0
190017019,'1179876',1924,,3064,44,,,0
190017019,'1179884',1654,,3065,44,,,0
190017019,'1179891',1624,,3066,44,,,0
190017019,'1179896',824,,3068,44,,,0
190017019,'1179899',1624,,3069,44,,,0
190017019,'1179905',724,,3070,44,,,0
190017019,'1179912',2124,,3071,44,,,0
190017019,'1179917',1824,,3072,44,,,0
190017019,'1179922',1424,,3073,44,,,0
190017019,'1179924',1524,,3074,44,,,0
190017019,'1179925',1554,,3075,12,,,0
190017019,'1179941',1254,,3076,12,,,0
190017019,'1179949',624,,3077,12,,,0
190017019,'1179955',924,,3079,44,,,0
190017019,'1179971',1324,,3080,44,,,0
190017019,'1179977',1924,,3081,44,,,0
190017019,'1179978',1124,,3082,44,,,0
190017019,'1179979',1754,,3083,44,,,0
190017019,'1179986',824,,3084,44,,,0
190017019,'1179987',1024,,3085,44,,,0
190017019,'1179994',1724,,3086,44,,,0
190017019,'1180001',954,,3087,44,,,0
190017019,'1180002',1454,,3088,12,,,0
190017019,'1180005',724,,3089,44,,,0
190017019,'1180033',1354,,3090,12,,,0
190017019,'1180050',2024,,3092,44,,,0
190017019,'1180055',1224,,3093,44,,,0
190017019,'1180056',1824,,3094,44,,,0
190017019,'1180065',2024,,3095,44,,,0
190017019,'1180069',754,,3096,44,,,0
190017019,'1180074',1054,,3097,12,,,0
