120029,'1179032',1527,,2325,16,,,0
120029,'1179055',1327,,2326,16,,,0
120029,'1179056',1627,,2327,16,,,0
120029,'1179099',1727,,2328,16,,,0
120029,'1179153',927,,2329,16,,,0
120029,'1179222',1427,,2330,16,,,0
120029,'1179429',1127,,2331,16,,,0
120029,'1179447',1027,,2332,16,,,0
120029,'1179575',1227,,2333,16,,,0
190017019,'1178932',922,,3019,16,,,0
190017019,'1179000',2152,,3021,16,0,8 21,0
190017019,'1179014',1822,,3022,16,0,8 21,0
190017019,'1179016',622,,3023,16,,,0
190017019,'1179092',652,,3025,16,,,0
190017019,'1179151',1852,,3026,16,,,0
190017019,'1179161',1722,,3027,16,,,0
190017019,'1179277',822,,3028,16,,,0
190017019,'1179427',1252,,3032,16,,,0
190017019,'1179455',1352,,3033,16,,,0
190017019,'1179519',1752,,3035,16,,,0
190017019,'1179529',2252,,3036,16,0,8 21,0
190017019,'1179533',722,,3037,16,,,0
190017019,'1179573',1152,,3039,16,,,0
190017019,'1179579',1052,,3040,16,,,0
190017019,'1179599',2052,,3041,16,,,0
190017019,'1179610',1952,,3042,16,,,0
190017019,'1179626',1622,,3043,16,,,0
190017019,'1179667',752,,3044,16,,,0
190017019,'1179680',1552,,3045,16,,,0
190017019,'1179683',852,,3046,16,,,0
190017019,'1179686',1452,,3047,16,,,0
190017019,'1179699',952,,3048,16,,,0
190017019,'1179710',1652,,3049,16,,,0
190017019,'1179790',1152,,3050,16,,,0
190017019,'1179796',1352,,3051,16,,,0
190017019,'1179813',2252,,3052,16,0,8 21,0
190017019,'1179821',1452,,3053,16,,,0
190017019,'1179824',622,,3054,16,,,0
190017019,'1179832',1052,,3055,16,,,0
190017019,'1179843',852,,3056,16,,,0
190017019,'1179845',2052,,3057,16,,,0
190017019,'1179847',2152,,3058,16,0,8 21,0
190017019,'1179859',1652,,3060,16,,,0
190017019,'1179863',952,,3061,16,,,0
190017019,'1179870',822,,3062,16,,,0
190017019,'1179874',1252,,3063,16,,,0
190017019,'1179876',1852,,3064,16,,,0
190017019,'1179884',1622,,3065,16,,,0
190017019,'1179891',1552,,3066,16,,,0
190017019,'1179895',1822,,3067,16,0,8 21,0
190017019,'1179896',752,,3068,16,,,0
190017019,'1179899',1552,,3069,16,,,0
190017019,'1179905',652,,3070,16,,,0
190017019,'1179912',2052,,3071,16,,,0
190017019,'1179917',1752,,3072,16,,,0
190017019,'1179922',1352,,3073,16,,,0
190017019,'1179924',1452,,3074,16,,,0
190017019,'1179953',2152,,3078,16,0,8 21,0
190017019,'1179955',852,,3079,16,,,0
190017019,'1179971',1252,,3080,16,,,0
190017019,'1179977',1852,,3081,16,,,0
190017019,'1179978',1052,,3082,16,,,0
190017019,'1179979',1722,,3083,16,,,0
190017019,'1179986',752,,3084,16,,,0
190017019,'1179987',952,,3085,16,,,0
190017019,'1179994',1652,,3086,16,,,0
190017019,'1180001',922,,3087,16,,,0
190017019,'1180005',652,,3089,16,,,0
190017019,'1180041',2252,,3091,16,0,8 21,0
190017019,'1180050',1952,,3092,16,,,0
190017019,'1180055',1152,,3093,16,,,0
190017019,'1180056',1752,,3094,16,,,0
190017019,'1180065',1952,,3095,16,,,0
190017019,'1180069',722,,3096,16,,,0
