116019,'1179803',1051,,2279,25,,,0
116019,'1179806',2151,,2280,25,,,0
116019,'1179811',1951,,2281,25,,,0
116019,'1179814',821,,2282,25,,,0
116019,'1179815',2151,,2283,25,,,0
116019,'1179816',2051,,2284,25,,,0
116019,'1179818',751,,2285,25,,,0
116019,'1179820',1621,,2286,25,,,0
116019,'1179826',751,,2287,25,,,0
116019,'1179838',851,,2288,25,,,0
116019,'1179860',1725,,2289,26,,,0
116019,'1179861',1651,,2290,25,,,0
116019,'1179871',1851,,2291,25,,,0
116019,'1179879',725,,2292,26,,,0
116019,'1179890',1851,,2293,25,,,0
116019,'1179910',1751,,2294,25,,,0
116019,'1179933',1451,,2295,25,,,0
116019,'1179936',1251,,2296,25,,,0
116019,'1179944',1551,,2297,25,,,0
116019,'1179946',1821,,2298,25,,,0
116019,'1179950',1551,,2299,25,,,0
116019,'1179954',951,,2300,25,,,0
116019,'1179959',2051,,2301,25,,,0
116019,'1179965',1655,,2302,26,,,0
116019,'1179966',851,,2303,25,,,0
116019,'1179975',1051,,2304,25,,,0
116019,'1179985',1751,,2305,25,,,0
116019,'1180003',1351,,2306,25,,,0
116019,'1180007',1151,,2307,25,,,0
116019,'1180008',1351,,2308,25,,,0
116019,'1180010',655,,2309,26,,,0
116019,'1180011',1951,,2310,25,,,0
116019,'1180027',921,,2311,25,,,0
116019,'1180032',1451,,2312,25,,,0
116019,'1180034',1151,,2313,25,,,0
116019,'1180036',951,,2314,25,,,0
116019,'1180063',1251,,2315,25,,,0
160019,'1179817',1042,,2415,23,,,0
160019,'1179829',1342,,2416,23,,,0
160019,'1179855',1542,,2417,23,,,0
160019,'1179873',1142,,2418,23,,,0
160019,'1179921',1742,,2419,23,,,0
160019,'1179929',1642,,2420,23,,,0
160019,'1180025',1442,,2421,23,,,0
160019,'1180042',942,,2422,23,,,0
160019,'1180067',1242,,2423,23,,,0
