120019,'1178966',1336,,2316,20,,,0
120019,'1178998',1536,,2317,20,,,0
120019,'1179031',1636,,2318,20,,,0
120019,'1179149',1436,,2319,20,,,0
120019,'1179182',1136,,2320,20,,,0
120019,'1179282',936,,2321,20,,,0
120019,'1179296',1736,,2322,20,,,0
120019,'1179596',1036,,2323,20,,,0
120019,'1179628',1236,,2324,20,,,0
190011019,'1178950',725,,2849,15,,,0
190011019,'1178970',1855,,2850,15,,,0
190011019,'1179009',1825,,2851,15,0,8 21,0
190011019,'1179040',2055,,2852,15,,,0
190011019,'1179145',855,,2854,15,,,0
190011019,'1179159',1755,,2856,15,,,0
190011019,'1179162',2250,,2857,15,0,12,0
190011019,'1179163',755,,2858,15,,,0
190011019,'1179248',655,,2859,15,,,0
190011019,'1179252',1755,,2860,15,,,0
190011019,'1179276',1955,,2861,15,,,0
190011019,'1179307',655,,2862,15,,,0
190011019,'1179332',1055,,2864,16,,,0
190011019,'1179340',855,,2865,15,,,0
190011019,'1179367',1725,,2866,15,,,0
190011019,'1179394',2155,,2869,15,,,0
190011019,'1179412',2250,,2870,15,0,12,0
190011019,'1179413',1255,,2871,16,,,0
190011019,'1179424',2155,,2872,15,,,0
190011019,'1179426',1355,,2873,16,,,0
190011019,'1179430',1555,,2874,16,,,0
190011019,'1179437',1055,,2875,16,,,0
190011019,'1179438',1555,,2876,16,,,0
190011019,'1179442',1855,,2877,15,,,0
190011019,'1179477',755,,2878,15,,,0
190011019,'1179521',1355,,2879,16,,,0
190011019,'1179528',1155,,2880,16,,,0
190011019,'1179555',1955,,2882,15,,,0
190011019,'1179572',1155,,2883,16,,,0
190011019,'1179590',1455,,2884,16,,,0
190011019,'1179619',1655,,2885,15,,,0
190011019,'1179642',955,,2886,15,,,0
190011019,'1179650',1255,,2887,16,,,0
190011019,'1179666',825,,2889,15,,,0
190011019,'1179677',2055,,2891,15,,,0
190011019,'1179678',925,,2892,15,,,0
190011019,'1179688',1655,,2893,15,,,0
190011019,'1179700',1455,,2894,16,,,0
190011019,'1179709',955,,2895,15,,,0
