120019,'1178966',1323,,2316,7,,,0
120019,'1178998',1523,,2317,7,,,0
120019,'1179031',1623,,2318,7,,,0
120019,'1179149',1423,,2319,7,,,0
120019,'1179182',1123,,2320,7,,,0
120019,'1179282',923,,2321,7,,,0
120019,'1179296',1723,,2322,7,,,0
120019,'1179596',1023,,2323,7,,,0
120019,'1179628',1223,,2324,7,,,0
190013019,'1178916',1614,,2896,7,,,0
190013019,'1178919',1944,,2897,7,,,0
190013019,'1178920',1114,,2898,7,,,0
190013019,'1178929',744,,2899,7,,,0
190013019,'1178930',1644,,2900,7,,,0
190013019,'1178972',1944,,2901,7,,,0
190013019,'1178983',1214,,2902,7,,,0
190013019,'1178994',2144,,2903,7,,,0
190013019,'1178997',1144,,2904,7,,,0
190013019,'1179048',1514,,2905,7,,,0
190013019,'1179062',1544,,2906,7,,,0
190013019,'1179074',1314,,2907,7,,,0
190013019,'1179087',1244,,2908,7,,,0
190013019,'1179104',1014,,2909,7,,,0
190013019,'1179171',1814,,2910,7,0,8 21,0
190013019,'1179187',844,,2911,7,,,0
190013019,'1179202',1044,,2912,7,,,0
190013019,'1179203',944,,2913,7,,,0
190013019,'1179212',1444,,2914,7,,,0
190013019,'1179219',1244,,2915,7,,,0
190013019,'1179243',744,,2916,7,,,0
190013019,'1179287',2144,,2917,7,,,0
190013019,'1179292',1044,,2918,7,,,0
190013019,'1179300',714,,2919,7,,,0
190013019,'1179373',944,,2921,7,,,0
190013019,'1179380',1344,,2922,7,,,0
190013019,'1179402',1344,,2923,7,,,0
190013019,'1179411',1414,,2924,7,,,0
190013019,'1179457',1844,,2925,7,,,0
190013019,'1179504',644,,2926,7,,,0
190013019,'1179507',914,,2927,7,,,0
190013019,'1179509',1144,,2928,7,,,0
190013019,'1179516',1544,,2929,7,,,0
190013019,'1179531',2044,,2930,7,,,0
190013019,'1179537',844,,2931,7,,,0
190013019,'1179539',1744,,2932,7,,,0
190013019,'1179546',644,,2933,7,,,0
190013019,'1179553',1844,,2934,7,,,0
190013019,'1179591',1644,,2936,7,,,0
190013019,'1179611',1714,,2937,7,,,0
190013019,'1179635',1444,,2938,7,,,0
190013019,'1179694',814,,2939,7,,,0
190013019,'1179701',2044,,2940,7,,,0
190013019,'1179717',1744,,2941,7,,,0
