120029,'1179032',1528,,2325,22,,,0
120029,'1179055',1328,,2326,22,,,0
120029,'1179056',1628,,2327,22,,,0
120029,'1179099',1728,,2328,22,,,0
120029,'1179153',928,,2329,22,,,0
120029,'1179222',1428,,2330,22,,,0
120029,'1179429',1128,,2331,22,,,0
120029,'1179447',1028,,2332,22,,,0
120029,'1179575',1228,,2333,22,,,0
190017019,'1179790',1155,,3050,22,,,0
190017019,'1179796',1355,,3051,22,,,0
190017019,'1179813',2255,,3052,22,0,8 21,0
190017019,'1179821',1455,,3053,22,,,0
190017019,'1179824',625,,3054,22,,,0
190017019,'1179832',1055,,3055,22,,,0
190017019,'1179843',855,,3056,22,,,0
190017019,'1179845',2055,,3057,22,,,0
190017019,'1179847',2155,,3058,22,0,8 21,0
190017019,'1179859',1655,,3060,22,,,0
190017019,'1179863',955,,3061,22,,,0
190017019,'1179870',825,,3062,22,,,0
190017019,'1179874',1255,,3063,22,,,0
190017019,'1179876',1855,,3064,22,,,0
190017019,'1179884',1625,,3065,22,,,0
190017019,'1179891',1555,,3066,22,,,0
190017019,'1179895',1825,,3067,22,0,8 21,0
190017019,'1179896',755,,3068,22,,,0
190017019,'1179899',1555,,3069,22,,,0
190017019,'1179905',655,,3070,22,,,0
190017019,'1179912',2055,,3071,22,,,0
190017019,'1179917',1755,,3072,22,,,0
190017019,'1179922',1355,,3073,22,,,0
190017019,'1179924',1455,,3074,22,,,0
190017019,'1179953',2155,,3078,22,0,8 21,0
190017019,'1179955',855,,3079,22,,,0
190017019,'1179971',1255,,3080,22,,,0
190017019,'1179977',1855,,3081,22,,,0
190017019,'1179978',1055,,3082,22,,,0
190017019,'1179979',1725,,3083,22,,,0
190017019,'1179986',755,,3084,22,,,0
190017019,'1179987',955,,3085,22,,,0
190017019,'1179994',1655,,3086,22,,,0
190017019,'1180001',925,,3087,22,,,0
190017019,'1180005',655,,3089,22,,,0
190017019,'1180041',2255,,3091,22,0,8 21,0
190017019,'1180050',1955,,3092,22,,,0
190017019,'1180055',1155,,3093,22,,,0
190017019,'1180056',1755,,3094,22,,,0
190017019,'1180065',1955,,3095,22,,,0
190017019,'1180069',725,,3096,22,,,0
