190015019,'1175715',2047,,2024,5,,,0
190015019,'1175729',947,,2025,5,,,0
190015019,'1175736',2147,,2026,5,0,12,0
190015019,'1175740',747,,2027,5,,,0
190015019,'1175741',1247,,2028,5,,,0
190015019,'1175769',2247,,2029,5,0,12,0
190015019,'1175774',2147,,2030,5,0,12,0
190015019,'1175778',1717,,2031,5,,,0
190015019,'1175793',1747,,2032,5,,,0
190015019,'1175801',747,,2033,5,,,0
190015019,'1175845',1317,,2034,5,,,0
190015019,'1175897',1417,,2035,5,,,0
190015019,'1175899',1147,,2036,5,,,0
190015019,'1175907',917,,2037,5,,,0
190015019,'1175925',1547,,2038,5,,,0
190015019,'1175932',1447,,2039,5,,,0
190015019,'1175953',1517,,2040,5,,,0
190015019,'1175967',1017,,2042,5,,,0
190015019,'1175996',1617,,2043,5,,,0
190015019,'1176000',847,,2044,5,,,0
190015019,'1176049',1647,,2045,5,,,0
190015019,'1176055',1847,,2046,5,,,0
190015019,'1176057',947,,2047,5,,,0
190015019,'1176073',717,,2048,5,,,0
190015019,'1176074',647,,2049,5,,,0
190015019,'1176085',1847,,2050,5,,,0
190015019,'1176090',2047,,2051,5,,,0
190015019,'1176092',1047,,2052,5,,,0
190015019,'1176093',847,,2053,5,,,0
190015019,'1176105',1947,,2054,5,,,0
190015019,'1176238',1447,,2055,5,,,0
190015019,'1176266',1117,,2056,5,,,0
190015019,'1176293',1347,,2057,5,,,0
190015019,'1176328',1217,,2058,5,,,0
190015019,'1176335',1947,,2059,5,,,0
190015019,'1176340',1817,,2060,5,0,12,0
190015019,'1176355',1547,,2061,5,,,0
190015019,'1176358',1247,,2062,5,,,0
190015019,'1176362',1747,,2063,5,,,0
190015019,'1176426',1047,,2064,5,,,0
190015019,'1176434',2247,,2065,5,0,12,0
190015019,'1176496',1347,,2067,5,,,0
190015019,'1176536',647,,2068,5,,,0
190015019,'1176537',817,,2069,5,,,0
190015019,'1176684',1647,,2070,5,,,0
190015019,'1176689',1147,,2071,5,,,0
