140016019,'1178912',1647,,2772,3,,,0
140016019,'1178941',747,,2773,3,,,0
140016019,'1179017',1217,,2775,3,0,8 21,0
140016019,'1179077',1717,,2777,3,,,0
140016019,'1179112',1847,,2778,3,,,0
140016019,'1179129',1147,,2779,3,,,0
140016019,'1179191',847,,2780,3,,,0
140016019,'1179254',1117,,2782,3,0,8 21,0
140016019,'1179256',817,,2783,3,,,0
140016019,'1179299',2147,,2785,3,,,0
140016019,'1179304',1247,,2786,3,,,0
140016019,'1179312',1547,,2787,3,,,0
140016019,'1179318',1747,,2788,3,,,0
140016019,'1179330',1947,,2789,3,,,0
140016019,'1179333',1347,,2790,3,,,0
140016019,'1179351',917,,2791,3,0,8 21,0
140016019,'1179357',1047,,2792,3,,,0
140016019,'1179371',1447,,2793,3,,,0
140016019,'1179389',1617,,2794,3,,,0
140016019,'1179503',1417,,2796,3,0,8 21,0
140016019,'1179517',1517,,2797,3,,,0
140016019,'1179536',717,,2798,3,,,0
140016019,'1179538',647,,2799,3,,,0
140016019,'1179562',1317,,2800,3,0,8 21,0
140016019,'1179569',1817,,2801,3,0,8 21,0
140016019,'1179601',2047,,2802,3,,,0
140016019,'1179663',947,,2803,3,,,0
140016019,'1179681',1017,,2804,3,0,8 21,0
140016019,'1179792',847,,2805,3,,,0
140016019,'1179800',1647,,2806,3,,,0
140016019,'1179808',1847,,2807,3,,,0
140016019,'1179822',1517,,2808,3,,,0
140016019,'1179827',817,,2809,3,,,0
140016019,'1179831',1547,,2810,3,,,0
140016019,'1179835',2147,,2811,3,,,0
140016019,'1179839',1317,,2812,3,0,8 21,0
140016019,'1179842',1117,,2813,3,0,8 21,0
140016019,'1179862',917,,2814,3,0,8 21,0
140016019,'1179868',1617,,2815,3,,,0
140016019,'1179875',1047,,2816,3,,,0
140016019,'1179881',1817,,2817,3,0,8 21,0
140016019,'1179886',1347,,2818,3,,,0
140016019,'1179897',1017,,2819,3,0,8 21,0
140016019,'1179904',1217,,2820,3,0,8 21,0
140016019,'1179907',1647,,2821,3,,,0
140016019,'1179913',1717,,2822,3,,,0
140016019,'1179926',1247,,2823,3,,,0
140016019,'1179938',1447,,2824,3,,,0
140016019,'1179943',2047,,2825,3,,,0
140016019,'1179945',747,,2826,3,,,0
140016019,'1179958',1347,,2827,3,,,0
140016019,'1179963',1747,,2828,3,,,0
140016019,'1179974',947,,2829,3,,,0
140016019,'1179976',647,,2830,3,,,0
140016019,'1179989',847,,2831,3,,,0
140016019,'1179991',1447,,2832,3,,,0
140016019,'1179997',1547,,2833,3,,,0
140016019,'1180006',947,,2834,3,,,0
140016019,'1180012',1847,,2835,3,,,0
140016019,'1180018',1047,,2836,3,,,0
140016019,'1180019',2147,,2837,3,,,0
140016019,'1180020',1947,,2838,3,,,0
140016019,'1180023',1247,,2839,3,,,0
140016019,'1180024',717,,2840,3,,,0
140016019,'1180028',747,,2841,3,,,0
140016019,'1180031',1947,,2842,3,,,0
140016019,'1180048',2047,,2843,3,,,0
140016019,'1180057',1747,,2844,3,,,0
140016019,'1180062',1417,,2845,3,0,8 21,0
140016019,'1180072',1147,,2846,3,,,0
140016019,'1180078',1147,,2847,3,,,0
