190015019,'1175715',2131,,2024,40,,,0
190015019,'1175729',1031,,2025,40,,,0
190015019,'1175740',831,,2027,40,,,0
190015019,'1175741',1331,,2028,40,,,0
190015019,'1175778',1801,,2031,40,,,0
190015019,'1175793',1831,,2032,40,,,0
190015019,'1175801',831,,2033,40,,,0
190015019,'1175845',1401,,2034,40,,,0
190015019,'1175897',1501,,2035,40,,,0
190015019,'1175899',1231,,2036,40,,,0
190015019,'1175907',1001,,2037,40,,,0
190015019,'1175925',1631,,2038,40,,,0
190015019,'1175932',1531,,2039,40,,,0
190015019,'1175953',1601,,2040,40,,,0
190015019,'1175965',701,,2041,15,,,0
190015019,'1175967',1101,,2042,40,,,0
190015019,'1175996',1701,,2043,40,,,0
190015019,'1176000',931,,2044,40,,,0
190015019,'1176049',1731,,2045,40,,,0
190015019,'1176055',1931,,2046,40,,,0
190015019,'1176057',1031,,2047,40,,,0
190015019,'1176073',801,,2048,40,,,0
190015019,'1176074',731,,2049,40,,,0
190015019,'1176085',1931,,2050,40,,,0
190015019,'1176090',2131,,2051,40,,,0
190015019,'1176092',1131,,2052,40,,,0
190015019,'1176093',931,,2053,40,,,0
190015019,'1176105',2031,,2054,40,,,0
190015019,'1176238',1531,,2055,40,,,0
190015019,'1176266',1201,,2056,40,,,0
190015019,'1176293',1431,,2057,40,,,0
190015019,'1176328',1301,,2058,40,,,0
190015019,'1176335',2031,,2059,40,,,0
190015019,'1176355',1631,,2061,40,,,0
190015019,'1176358',1331,,2062,40,,,0
190015019,'1176362',1831,,2063,40,,,0
190015019,'1176426',1131,,2064,40,,,0
190015019,'1176450',631,,2066,15,,,0
190015019,'1176496',1431,,2067,40,,,0
190015019,'1176536',731,,2068,40,,,0
190015019,'1176537',901,,2069,40,,,0
190015019,'1176684',1731,,2070,40,,,0
190015019,'1176689',1231,,2071,40,,,0
