200019,'1179038',1440,,2433,10,,,0
200019,'1179081',1640,,2434,10,,,0
200019,'1179174',940,,2435,10,,,0
200019,'1179259',1140,,2436,10,,,0
200019,'1179289',1540,,2437,10,,,0
200019,'1179460',1740,,2438,10,,,0
200019,'1179585',1040,,2439,10,,,0
200019,'1179594',1340,,2440,10,,,0
200019,'1179655',1240,,2441,10,,,0
200019,'1179798',1340,,2442,10,,,0
200019,'1179810',1540,,2443,10,,,0
200019,'1179901',1140,,2444,10,,,0
200019,'1179903',1740,,2445,10,,,0
200019,'1179911',1440,,2446,10,,,0
200019,'1179939',1040,,2447,10,,,0
200019,'1179968',1640,,2448,10,,,0
200019,'1179973',940,,2449,10,,,0
200019,'1180054',1240,,2450,10,,,0
140016019,'1178912',1654,,2772,12,,,0
140016019,'1178941',754,,2773,12,,,0
140016019,'1179017',1224,,2775,12,0,8 21,0
140016019,'1179077',1724,,2777,12,,,0
140016019,'1179112',1854,,2778,12,,,0
140016019,'1179129',1154,,2779,12,,,0
140016019,'1179191',854,,2780,12,,,0
140016019,'1179254',1124,,2782,12,0,8 21,0
140016019,'1179256',824,,2783,12,,,0
140016019,'1179299',2154,,2785,12,,,0
140016019,'1179304',1254,,2786,12,,,0
140016019,'1179312',1554,,2787,12,,,0
140016019,'1179318',1754,,2788,12,,,0
140016019,'1179330',1954,,2789,12,,,0
140016019,'1179333',1354,,2790,12,,,0
140016019,'1179351',924,,2791,12,0,8 21,0
140016019,'1179357',1054,,2792,12,,,0
140016019,'1179371',1454,,2793,12,,,0
140016019,'1179389',1624,,2794,12,,,0
140016019,'1179503',1424,,2796,12,0,8 21,0
140016019,'1179517',1524,,2797,12,,,0
140016019,'1179536',724,,2798,12,,,0
140016019,'1179538',654,,2799,12,,,0
140016019,'1179562',1324,,2800,12,0,8 21,0
140016019,'1179569',1824,,2801,12,0,8 21,0
140016019,'1179601',2054,,2802,12,,,0
140016019,'1179663',954,,2803,12,,,0
140016019,'1179681',1024,,2804,12,0,8 21,0
140016019,'1179792',854,,2805,12,,,0
140016019,'1179800',1654,,2806,12,,,0
140016019,'1179808',1854,,2807,12,,,0
140016019,'1179822',1524,,2808,12,,,0
140016019,'1179827',824,,2809,12,,,0
140016019,'1179831',1554,,2810,12,,,0
140016019,'1179835',2154,,2811,12,,,0
140016019,'1179839',1324,,2812,12,0,8 21,0
140016019,'1179842',1124,,2813,12,0,8 21,0
140016019,'1179862',924,,2814,12,0,8 21,0
140016019,'1179868',1624,,2815,12,,,0
140016019,'1179875',1054,,2816,12,,,0
140016019,'1179881',1824,,2817,12,0,8 21,0
140016019,'1179886',1354,,2818,12,,,0
140016019,'1179897',1024,,2819,12,0,8 21,0
140016019,'1179904',1224,,2820,12,0,8 21,0
140016019,'1179907',1654,,2821,12,,,0
140016019,'1179913',1724,,2822,12,,,0
140016019,'1179926',1254,,2823,12,,,0
140016019,'1179938',1454,,2824,12,,,0
140016019,'1179943',2054,,2825,12,,,0
140016019,'1179945',754,,2826,12,,,0
140016019,'1179958',1354,,2827,12,,,0
140016019,'1179963',1754,,2828,12,,,0
140016019,'1179974',954,,2829,12,,,0
140016019,'1179976',654,,2830,12,,,0
140016019,'1179989',854,,2831,12,,,0
140016019,'1179991',1454,,2832,12,,,0
140016019,'1179997',1554,,2833,12,,,0
140016019,'1180006',954,,2834,12,,,0
140016019,'1180012',1854,,2835,12,,,0
140016019,'1180018',1054,,2836,12,,,0
140016019,'1180019',2154,,2837,12,,,0
140016019,'1180020',1954,,2838,12,,,0
140016019,'1180023',1254,,2839,12,,,0
140016019,'1180024',724,,2840,12,,,0
140016019,'1180028',754,,2841,12,,,0
140016019,'1180031',1954,,2842,12,,,0
140016019,'1180048',2054,,2843,12,,,0
140016019,'1180057',1754,,2844,12,,,0
140016019,'1180062',1424,,2845,12,0,8 21,0
140016019,'1180072',1154,,2846,12,,,0
140016019,'1180078',1154,,2847,12,,,0
