190015019,'1179791',2058,,2973,20,,,0
190015019,'1179793',658,,2974,20,,,0
190015019,'1179804',658,,2975,20,,,0
190015019,'1179812',1058,,2976,20,,,0
190015019,'1179819',758,,2977,20,,,0
190015019,'1179825',1158,,2978,20,,,0
190015019,'1179846',2158,,2979,20,0,12,0
190015019,'1179856',828,,2980,20,,,0
190015019,'1179872',758,,2981,20,,,0
190015019,'1179885',1628,,2982,20,,,0
190015019,'1179887',1358,,2983,20,,,0
190015019,'1179898',1458,,2984,20,,,0
190015019,'1179909',958,,2985,20,,,0
190015019,'1179919',1758,,2986,20,,,0
190015019,'1179920',858,,2987,20,,,0
190015019,'1179923',1428,,2988,20,,,0
190015019,'1179931',2058,,2989,20,,,0
190015019,'1179934',1828,,2990,20,0,12,0
190015019,'1179935',1658,,2991,20,,,0
190015019,'1179940',1128,,2992,20,,,0
190015019,'1179952',1158,,2993,20,,,0
190015019,'1179960',1258,,2994,20,,,0
190015019,'1179961',1458,,2995,20,,,0
190015019,'1179972',2258,,2996,20,0,12,0
190015019,'1179980',1028,,2997,20,,,0
190015019,'1179982',1728,,2998,20,,,0
190015019,'1179992',1528,,2999,20,,,0
190015019,'1179995',1058,,3000,20,,,0
190015019,'1179999',1228,,3001,20,,,0
190015019,'1180013',1858,,3002,20,,,0
190015019,'1180014',1958,,3003,20,,,0
190015019,'1180015',928,,3004,20,,,0
190015019,'1180016',1958,,3005,20,,,0
190015019,'1180021',2258,,3006,20,0,12,0
190015019,'1180026',1858,,3007,20,,,0
190015019,'1180029',958,,3008,20,,,0
190015019,'1180044',1558,,3009,20,,,0
190015019,'1180045',2158,,3010,20,0,12,0
190015019,'1180058',1328,,3011,20,,,0
190015019,'1180059',1658,,3012,20,,,0
190015019,'1180068',1758,,3013,20,,,0
190015019,'1180070',1558,,3014,20,,,0
190015019,'1180075',858,,3015,20,,,0
190015019,'1180077',1258,,3016,20,,,0
190015019,'1180080',728,,3017,20,,,0
190015019,'1180081',1358,,3018,20,,,0
