200029,'1178971',1031,,2451,3,,,0
200029,'1179034',1631,,2452,3,,,0
200029,'1179043',1231,,2453,3,,,0
200029,'1179091',1431,,2454,3,,,0
200029,'1179198',1131,,2456,3,,,0
200029,'1179229',1715,,2457,3,,,0
200029,'1179283',1331,,2458,3,,,0
200029,'1179383',1531,,2459,3,,,0
200029,'1179689',931,,2460,3,,,0
200029,'1179807',931,,2461,3,,,0
200029,'1179834',1331,,2462,3,,,0
200029,'1179867',1631,,2463,3,,,0
200029,'1179877',1131,,2464,3,,,0
200029,'1179888',1531,,2465,3,,,0
200029,'1179893',1231,,2466,3,,,0
200029,'1179998',1431,,2467,3,,,0
200029,'1180064',1031,,2469,3,,,0
140014019,'1178954',1624,,2725,31,,,0
140014019,'1178955',1154,,2726,31,,,0
140014019,'1178974',1024,,2727,31,,,0
140014019,'1179007',1824,,2728,31,,,0
140014019,'1179027',1524,,2729,31,,,0
140014019,'1179052',824,,2730,31,,,0
140014019,'1179079',754,,2731,31,,,0
140014019,'1179080',1524,,2732,31,,,0
140014019,'1179082',854,,2733,31,,,0
140014019,'1179084',724,,2734,31,,,0
140014019,'1179111',2224,,2735,31,,,0
140014019,'1179143',824,,2736,31,,,0
140014019,'1179200',1254,,2737,31,,,0
140014019,'1179207',1754,,2738,31,,,0
140014019,'1179221',1424,,2739,31,,,0
140014019,'1179271',1224,,2740,31,,,0
140014019,'1179298',1724,,2741,31,,,0
140014019,'1179320',1454,,2742,31,,,0
140014019,'1179323',1024,,2743,31,,,0
140014019,'1179337',624,,2744,3,,,0
140014019,'1179350',924,,2745,31,,,0
140014019,'1179353',1824,,2746,31,,,0
140014019,'1179366',2024,,2747,31,,,0
140014019,'1179392',1624,,2748,31,,,0
140014019,'1179403',1924,,2749,31,,,0
140014019,'1179417',724,,2750,10,,,0
140014019,'1179433',1424,,2751,31,,,0
140014019,'1179443',954,,2752,31,,,0
140014019,'1179446',1224,,2753,31,,,0
140014019,'1179449',1054,,2754,31,,,0
140014019,'1179493',1124,,2755,31,,,0
140014019,'1179513',624,,2756,3,,,0
140014019,'1179524',1724,,2757,31,,,0
140014019,'1179535',1354,,2758,31,,,0
140014019,'1179547',1324,,2759,31,,,0
140014019,'1179550',654,,2760,10,,,0
140014019,'1179561',1554,,2762,31,,,0
140014019,'1179577',1324,,2763,31,,,0
140014019,'1179598',2124,,2764,31,,,0
140014019,'1179600',2224,,2765,31,,,0
140014019,'1179608',1924,,2766,31,,,0
140014019,'1179636',1654,,2767,31,,,0
140014019,'1179638',924,,2768,31,,,0
140014019,'1179648',2024,,2769,31,,,0
140014019,'1179654',2124,,2770,31,,,0
140014019,'1179662',1124,,2771,31,,,0
