200019,'1179798',1410,,2442,27,,,0
200019,'1179810',1610,,2443,27,,,0
200019,'1179901',1210,,2444,27,,,0
200019,'1179903',1802,,2445,27,,,0
200019,'1179911',1510,,2446,27,,,0
200019,'1179939',1110,,2447,27,,,0
200019,'1179968',1710,,2448,27,,,0
200019,'1179973',1010,,2449,27,,,0
200019,'1180054',1310,,2450,27,,,0
190015019,'1179791',2054,,2973,14,,,0
190015019,'1179793',654,,2974,14,,,0
190015019,'1179804',654,,2975,14,,,0
190015019,'1179812',1054,,2976,14,,,0
190015019,'1179819',754,,2977,14,,,0
190015019,'1179825',1154,,2978,14,,,0
190015019,'1179846',2154,,2979,14,0,12,0
190015019,'1179856',824,,2980,14,,,0
190015019,'1179872',754,,2981,14,,,0
190015019,'1179885',1624,,2982,14,,,0
190015019,'1179887',1354,,2983,14,,,0
190015019,'1179898',1454,,2984,14,,,0
190015019,'1179909',954,,2985,14,,,0
190015019,'1179919',1754,,2986,14,,,0
190015019,'1179920',854,,2987,14,,,0
190015019,'1179923',1424,,2988,14,,,0
190015019,'1179931',2054,,2989,14,,,0
190015019,'1179934',1824,,2990,14,0,12,0
190015019,'1179935',1654,,2991,14,,,0
190015019,'1179940',1124,,2992,14,,,0
190015019,'1179952',1154,,2993,14,,,0
190015019,'1179960',1254,,2994,14,,,0
190015019,'1179961',1454,,2995,14,,,0
190015019,'1179972',2254,,2996,14,0,12,0
190015019,'1179980',1024,,2997,14,,,0
190015019,'1179982',1724,,2998,14,,,0
190015019,'1179992',1524,,2999,14,,,0
190015019,'1179995',1054,,3000,14,,,0
190015019,'1179999',1224,,3001,14,,,0
190015019,'1180013',1854,,3002,14,,,0
190015019,'1180014',1954,,3003,14,,,0
190015019,'1180015',924,,3004,14,,,0
190015019,'1180016',1954,,3005,14,,,0
190015019,'1180021',2254,,3006,14,0,12,0
190015019,'1180026',1854,,3007,14,,,0
190015019,'1180029',954,,3008,14,,,0
190015019,'1180044',1554,,3009,14,,,0
190015019,'1180045',2154,,3010,14,0,12,0
190015019,'1180058',1324,,3011,14,,,0
190015019,'1180059',1654,,3012,14,,,0
190015019,'1180068',1754,,3013,14,,,0
190015019,'1180070',1554,,3014,14,,,0
190015019,'1180075',854,,3015,14,,,0
190015019,'1180077',1254,,3016,14,,,0
190015019,'1180080',724,,3017,14,,,0
190015019,'1180081',1354,,3018,14,,,0
