140029,'1179802',1549,,2370,24,,,0
140029,'1179837',1349,,2371,24,,,0
140029,'1179865',1802,,2372,24,,,0
140029,'1179930',1249,,2373,24,,,0
140029,'1179947',1649,,2374,24,,,0
140029,'1179984',1449,,2375,24,,,0
140029,'1180047',949,,2376,24,,,0
140029,'1180060',1049,,2377,24,,,0
140029,'1180076',1149,,2378,24,,,0
140012019,'1178913',1223,,2679,35,,,0
140012019,'1178923',1223,,2680,35,,,0
140012019,'1178934',1023,,2681,35,,,0
140012019,'1178935',823,,2682,35,,,0
140012019,'1178953',923,,2683,35,,,0
140012019,'1178981',723,,2684,35,,,0
140012019,'1178986',1453,,2685,35,,,0
140012019,'1179006',1353,,2686,35,,,0
140012019,'1179011',753,,2687,35,,,0
140012019,'1179015',1923,,2688,35,,,0
140012019,'1179046',923,,2689,35,,,0
140012019,'1179102',1623,,2690,35,,,0
140012019,'1179154',1423,,2691,35,,,0
140012019,'1179183',2023,,2692,35,,,0
140012019,'1179185',953,,2693,35,,,0
140012019,'1179230',1023,,2695,35,,,0
140012019,'1179233',1623,,2696,35,,,0
140012019,'1179236',823,,2697,35,,,0
140012019,'1179238',1523,,2698,35,,,0
140012019,'1179244',2123,,2699,35,,,0
140012019,'1179245',1923,,2700,35,,,0
140012019,'1179250',723,,2701,13,,,0
140012019,'1179261',1123,,2703,35,,,0
140012019,'1179316',2023,,2704,35,,,0
140012019,'1179325',853,,2705,35,,,0
140012019,'1179348',1323,,2706,35,,,0
140012019,'1179359',1753,,2707,35,,,0
140012019,'1179372',2223,,2708,35,,,0
140012019,'1179387',1323,,2709,35,,,0
140012019,'1179399',1153,,2710,35,,,0
140012019,'1179425',2123,,2711,35,,,0
140012019,'1179444',1653,,2712,35,,,0
140012019,'1179495',1423,,2713,35,,,0
140012019,'1179499',1553,,2714,35,,,0
140012019,'1179510',1723,,2715,35,,,0
140012019,'1179511',2223,,2716,35,,,0
140012019,'1179526',1823,,2717,35,,,0
140012019,'1179556',1123,,2718,35,,,0
140012019,'1179567',1253,,2719,35,,,0
140012019,'1179644',1823,,2721,35,,,0
140012019,'1179693',1053,,2722,35,,,0
140012019,'1179704',1523,,2723,35,,,0
140012019,'1179715',1723,,2724,35,,,0
