120019,'1178966',1355,,2316,41,,,0
120019,'1178998',1555,,2317,41,,,0
120019,'1179031',1655,,2318,41,,,0
120019,'1179149',1455,,2319,41,,,0
120019,'1179182',1155,,2320,41,,,0
120019,'1179282',955,,2321,41,,,0
120019,'1179296',1808,,2322,41,,,0
120019,'1179596',1055,,2323,41,,,0
120019,'1179628',1255,,2324,41,,,0
140016019,'1179063',730,,2776,22,,,0
140016019,'1179792',930,,2805,42,,,0
140016019,'1179800',1730,,2806,42,,,0
140016019,'1179808',1930,,2807,42,,,0
140016019,'1179822',1600,,2808,42,,,0
140016019,'1179827',900,,2809,42,,,0
140016019,'1179831',1630,,2810,42,,,0
140016019,'1179835',2230,,2811,42,,,0
140016019,'1179868',1700,,2815,42,,,0
140016019,'1179875',1130,,2816,42,,,0
140016019,'1179886',1430,,2818,42,,,0
140016019,'1179907',1730,,2821,42,,,0
140016019,'1179913',1800,,2822,42,,,0
140016019,'1179926',1330,,2823,42,,,0
140016019,'1179938',1530,,2824,42,,,0
140016019,'1179943',2130,,2825,42,,,0
140016019,'1179945',830,,2826,42,,,0
140016019,'1179958',1430,,2827,42,,,0
140016019,'1179963',1830,,2828,42,,,0
140016019,'1179974',1030,,2829,42,,,0
140016019,'1179976',730,,2830,42,,,0
140016019,'1179989',930,,2831,42,,,0
140016019,'1179991',1530,,2832,42,,,0
140016019,'1179997',1630,,2833,42,,,0
140016019,'1180006',1030,,2834,42,,,0
140016019,'1180012',1930,,2835,42,,,0
140016019,'1180018',1130,,2836,42,,,0
140016019,'1180019',2230,,2837,42,,,0
140016019,'1180020',2030,,2838,42,,,0
140016019,'1180023',1330,,2839,42,,,0
140016019,'1180024',800,,2840,42,,,0
140016019,'1180028',830,,2841,42,,,0
140016019,'1180031',2030,,2842,42,,,0
140016019,'1180048',2130,,2843,42,,,0
140016019,'1180057',1830,,2844,42,,,0
140016019,'1180072',1230,,2846,42,,,0
140016019,'1180078',1230,,2847,42,,,0
