110019,'1178947',936,,2239,5,,,0
110019,'1178964',1436,,2240,5,,,0
110019,'1178973',1736,,2241,5,,,0
110019,'1179028',1536,,2242,5,,,0
110019,'1179105',1636,,2243,5,,,0
110019,'1179114',1036,,2244,5,,,0
110019,'1179176',1236,,2245,5,,,0
110019,'1179184',1336,,2246,5,,,0
110019,'1179290',1136,,2247,5,,,0
140010019,'1178914',1116,,2633,7,0,8 21,0
140010019,'1178921',1446,,2634,7,,,0
140010019,'1178922',946,,2635,7,,,0
140010019,'1178936',716,,2636,7,,,0
140010019,'1178946',2246,,2637,7,0,8 21,0
140010019,'1178979',1046,,2638,7,,,0
140010019,'1179012',746,,2639,7,,,0
140010019,'1179037',1946,,2640,7,,,0
140010019,'1179103',1546,,2641,7,,,0
140010019,'1179122',1316,,2642,7,0,8 21,0
140010019,'1179131',1146,,2643,7,,,0
140010019,'1179140',2146,,2644,7,,,0
140010019,'1179147',916,,2645,7,0,8 21,0
140010019,'1179157',646,,2646,7,,,0
140010019,'1179167',1046,,2647,7,,,0
140010019,'1179178',1746,,2648,7,,,0
140010019,'1179180',2146,,2649,7,,,0
140010019,'1179188',1446,,2650,7,,,0
140010019,'1179217',1946,,2651,7,,,0
140010019,'1179232',1516,,2652,7,0,8 21,0
140010019,'1179251',1616,,2653,7,,,0
140010019,'1179253',816,,2654,7,,,0
140010019,'1179268',1716,,2655,7,,,0
140010019,'1179270',1646,,2656,7,,,0
140010019,'1179336',846,,2658,7,,,0
140010019,'1179347',746,,2659,7,,,0
140010019,'1179361',2046,,2660,7,,,0
140010019,'1179396',2046,,2661,7,,,0
140010019,'1179408',2246,,2662,7,0,8 21,0
140010019,'1179415',1146,,2663,7,,,0
140010019,'1179445',1346,,2664,7,,,0
140010019,'1179452',1746,,2665,7,,,0
140010019,'1179453',1346,,2666,7,,,0
140010019,'1179479',1246,,2667,7,,,0
140010019,'1179483',1216,,2668,7,0,8 21,0
140010019,'1179494',1646,,2669,7,,,0
140010019,'1179496',1546,,2670,7,,,0
140010019,'1179498',1416,,2671,7,0,8 21,0
140010019,'1179544',1846,,2672,7,,,0
140010019,'1179548',1016,,2673,7,0,8 21,0
140010019,'1179613',1846,,2674,7,,,0
140010019,'1179620',846,,2675,7,,,0
140010019,'1179629',1816,,2676,7,0,8 21,0
140010019,'1179659',1246,,2677,7,,,0
140010019,'1179692',946,,2678,7,,,0
