160029,'1178957',906,,2424,16,,,0
160029,'1179098',1406,,2425,16,,,0
160029,'1179137',1606,,2426,16,,,0
160029,'1179301',1206,,2427,16,,,0
160029,'1179398',1306,,2428,16,,,0
160029,'1179410',1706,,2429,16,,,0
160029,'1179543',1106,,2430,16,,,0
160029,'1179558',1006,,2431,16,,,0
160029,'1179623',1506,,2432,16,,,0
216019,'1178924',757,,2470,18,,,0
216019,'1178948',627,,2471,18,,,0
216019,'1178963',2127,,2472,18,,,0
216019,'1178968',1227,,2473,18,,,0
216019,'1179019',1757,,2474,18,,,0
216019,'1179021',1557,,2475,18,,,0
216019,'1179029',1427,,2476,18,,,0
216019,'1179050',1527,,2477,18,,,0
216019,'1179070',1427,,2478,18,,,0
216019,'1179075',1827,,2479,18,,,0
216019,'1179116',730,,2480,19,,,0
216019,'1179123',1327,,2481,18,,,0
216019,'1179160',1730,,2482,19,,,0
216019,'1179179',2027,,2483,18,,,0
216019,'1179181',1127,,2484,18,,,0
216019,'1179199',927,,2485,18,,,0
216019,'1179206',1527,,2486,18,,,0
216019,'1179328',1027,,2487,18,,,0
216019,'1179338',1227,,2488,18,,,0
216019,'1179345',827,,2489,18,,,0
216019,'1179368',1700,,2490,19,,,0
216019,'1179369',1027,,2491,18,,,0
216019,'1179374',1630,,2492,19,,,0
216019,'1179421',1827,,2493,18,,,0
216019,'1179431',1127,,2494,18,,,0
216019,'1179458',1927,,2495,18,,,0
216019,'1179488',727,,2496,18,,,0
216019,'1179523',1327,,2497,18,,,0
216019,'1179574',2027,,2498,18,,,0
216019,'1179582',1927,,2499,18,,,0
216019,'1179605',857,,2500,18,,,0
216019,'1179647',1727,,2501,18,,,0
216019,'1179669',827,,2502,18,,,0
216019,'1179695',2127,,2503,18,,,0
216019,'1179712',700,,2504,19,,,0
216019,'1179714',927,,2505,18,,,0
216019,'1179719',1627,,2506,18,,,0
