120019,'1178966',1352,,2316,38,,,0
120019,'1178998',1552,,2317,38,,,0
120019,'1179031',1652,,2318,38,,,0
120019,'1179149',1452,,2319,38,,,0
120019,'1179182',1152,,2320,38,,,0
120019,'1179282',952,,2321,38,,,0
120019,'1179296',1805,,2322,38,,,0
120019,'1179596',1052,,2323,38,,,0
120019,'1179628',1252,,2324,38,,,0
140016019,'1179063',727,,2776,19,,,0
140016019,'1179792',927,,2805,39,,,0
140016019,'1179800',1727,,2806,39,,,0
140016019,'1179808',1927,,2807,39,,,0
140016019,'1179822',1557,,2808,39,,,0
140016019,'1179827',857,,2809,39,,,0
140016019,'1179831',1627,,2810,39,,,0
140016019,'1179835',2227,,2811,39,,,0
140016019,'1179868',1657,,2815,39,,,0
140016019,'1179875',1127,,2816,39,,,0
140016019,'1179886',1427,,2818,39,,,0
140016019,'1179907',1727,,2821,39,,,0
140016019,'1179913',1757,,2822,39,,,0
140016019,'1179926',1327,,2823,39,,,0
140016019,'1179938',1527,,2824,39,,,0
140016019,'1179943',2127,,2825,39,,,0
140016019,'1179945',827,,2826,39,,,0
140016019,'1179958',1427,,2827,39,,,0
140016019,'1179963',1827,,2828,39,,,0
140016019,'1179974',1027,,2829,39,,,0
140016019,'1179976',727,,2830,39,,,0
140016019,'1179989',927,,2831,39,,,0
140016019,'1179991',1527,,2832,39,,,0
140016019,'1179997',1627,,2833,39,,,0
140016019,'1180006',1027,,2834,39,,,0
140016019,'1180012',1927,,2835,39,,,0
140016019,'1180018',1127,,2836,39,,,0
140016019,'1180019',2227,,2837,39,,,0
140016019,'1180020',2027,,2838,39,,,0
140016019,'1180023',1327,,2839,39,,,0
140016019,'1180024',757,,2840,39,,,0
140016019,'1180028',827,,2841,39,,,0
140016019,'1180031',2027,,2842,39,,,0
140016019,'1180048',2127,,2843,39,,,0
140016019,'1180057',1827,,2844,39,,,0
140016019,'1180072',1227,,2846,39,,,0
140016019,'1180078',1227,,2847,39,,,0
