130019,'1179053',1726,,2334,7,,,0
130019,'1179067',1326,,2335,7,,,0
130019,'1179069',1026,,2336,7,,,0
130019,'1179093',1126,,2337,7,,,0
130019,'1179108',1226,,2338,7,,,0
130019,'1179294',1526,,2339,7,,,0
130019,'1179386',1626,,2340,7,,,0
130019,'1179541',926,,2341,7,,,0
130019,'1179675',1426,,2342,7,,,0
140012019,'1178913',1150,,2679,7,,,0
140012019,'1178923',1150,,2680,7,,,0
140012019,'1178934',950,,2681,7,,,0
140012019,'1178935',750,,2682,7,,,0
140012019,'1178953',850,,2683,7,,,0
140012019,'1178981',650,,2684,7,,,0
140012019,'1178986',1420,,2685,7,,,0
140012019,'1179006',1320,,2686,7,,,0
140012019,'1179011',720,,2687,7,,,0
140012019,'1179015',1850,,2688,7,,,0
140012019,'1179046',850,,2689,7,,,0
140012019,'1179102',1550,,2690,7,,,0
140012019,'1179154',1350,,2691,7,,,0
140012019,'1179183',1950,,2692,7,,,0
140012019,'1179185',920,,2693,7,,,0
140012019,'1179216',2250,,2694,7,0,8 21,0
140012019,'1179230',950,,2695,7,,,0
140012019,'1179233',1550,,2696,7,,,0
140012019,'1179236',750,,2697,7,,,0
140012019,'1179238',1450,,2698,7,,,0
140012019,'1179244',2050,,2699,7,,,0
140012019,'1179245',1850,,2700,7,,,0
140012019,'1179255',1820,,2702,7,0,8 21,0
140012019,'1179261',1050,,2703,7,,,0
140012019,'1179316',1950,,2704,7,,,0
140012019,'1179325',820,,2705,7,,,0
140012019,'1179348',1250,,2706,7,,,0
140012019,'1179359',1720,,2707,7,,,0
140012019,'1179372',2150,,2708,7,,,0
140012019,'1179387',1250,,2709,7,,,0
140012019,'1179399',1120,,2710,7,,,0
140012019,'1179425',2050,,2711,7,,,0
140012019,'1179444',1620,,2712,7,,,0
140012019,'1179495',1350,,2713,7,,,0
140012019,'1179499',1520,,2714,7,,,0
140012019,'1179510',1650,,2715,7,,,0
140012019,'1179511',2150,,2716,7,,,0
140012019,'1179526',1750,,2717,7,,,0
140012019,'1179556',1050,,2718,7,,,0
140012019,'1179567',1220,,2719,7,,,0
140012019,'1179578',2250,,2720,7,0,8 21,0
140012019,'1179644',1750,,2721,7,,,0
140012019,'1179693',1020,,2722,7,,,0
140012019,'1179704',1450,,2723,7,,,0
140012019,'1179715',1650,,2724,7,,,0
