120029,'1179032',1554,,2325,34,,,0
120029,'1179055',1354,,2326,34,,,0
120029,'1179056',1654,,2327,34,,,0
120029,'1179099',1807,,2328,34,,,0
120029,'1179153',954,,2329,34,,,0
120029,'1179222',1454,,2330,34,,,0
120029,'1179429',1154,,2331,34,,,0
120029,'1179447',1054,,2332,34,,,0
120029,'1179575',1254,,2333,34,,,0
140012019,'1178913',1225,,2679,38,,,0
140012019,'1178923',1225,,2680,38,,,0
140012019,'1178934',1025,,2681,38,,,0
140012019,'1178935',825,,2682,38,,,0
140012019,'1178953',925,,2683,38,,,0
140012019,'1178981',725,,2684,38,,,0
140012019,'1178986',1455,,2685,38,,,0
140012019,'1179006',1355,,2686,38,,,0
140012019,'1179011',755,,2687,38,,,0
140012019,'1179015',1925,,2688,38,,,0
140012019,'1179046',925,,2689,38,,,0
140012019,'1179102',1625,,2690,38,,,0
140012019,'1179154',1425,,2691,38,,,0
140012019,'1179183',2025,,2692,38,,,0
140012019,'1179185',955,,2693,38,,,0
140012019,'1179230',1025,,2695,38,,,0
140012019,'1179233',1625,,2696,38,,,0
140012019,'1179236',825,,2697,38,,,0
140012019,'1179238',1525,,2698,38,,,0
140012019,'1179244',2125,,2699,38,,,0
140012019,'1179245',1925,,2700,38,,,0
140012019,'1179250',725,,2701,16,,,0
140012019,'1179261',1125,,2703,38,,,0
140012019,'1179316',2025,,2704,38,,,0
140012019,'1179325',855,,2705,38,,,0
140012019,'1179348',1325,,2706,38,,,0
140012019,'1179359',1755,,2707,38,,,0
140012019,'1179372',2225,,2708,38,,,0
140012019,'1179387',1325,,2709,38,,,0
140012019,'1179399',1155,,2710,38,,,0
140012019,'1179425',2125,,2711,38,,,0
140012019,'1179444',1655,,2712,38,,,0
140012019,'1179495',1425,,2713,38,,,0
140012019,'1179499',1555,,2714,38,,,0
140012019,'1179510',1725,,2715,38,,,0
140012019,'1179511',2225,,2716,38,,,0
140012019,'1179526',1825,,2717,38,,,0
140012019,'1179556',1125,,2718,38,,,0
140012019,'1179567',1255,,2719,38,,,0
140012019,'1179644',1825,,2721,38,,,0
140012019,'1179693',1055,,2722,38,,,0
140012019,'1179704',1525,,2723,38,,,0
140012019,'1179715',1725,,2724,38,,,0
