140016019,'1175722',1122,,1882,29,,,0
140016019,'1175752',722,,1883,29,,,0
140016019,'1175760',2022,,1884,29,,,0
140016019,'1175908',852,,1888,29,,,0
140016019,'1175922',1222,,1889,29,,,0
140016019,'1175936',822,,1890,29,,,0
140016019,'1175986',1422,,1892,29,,,0
140016019,'1175988',1322,,1893,29,,,0
140016019,'1175989',1822,,1894,29,,,0
140016019,'1176015',922,,1896,29,,,0
140016019,'1176168',1322,,1898,29,,,0
140016019,'1176170',1552,,1899,29,,,0
140016019,'1176241',2122,,1900,29,,,0
140016019,'1176247',752,,1901,29,,,0
140016019,'1176270',2222,,1902,29,,,0
140016019,'1176280',1622,,1903,29,,,0
140016019,'1176296',1522,,1904,29,,,0
140016019,'1176309',2222,,1905,29,,,0
140016019,'1176320',1822,,1906,29,,,0
140016019,'1176381',1022,,1908,29,,,0
140016019,'1176402',2022,,1909,29,,,0
140016019,'1176421',822,,1910,29,,,0
140016019,'1176486',1752,,1911,29,,,0
140016019,'1176492',1122,,1912,29,,,0
140016019,'1176495',1922,,1913,29,,,0
140016019,'1176500',1622,,1914,29,,,0
140016019,'1176504',1722,,1915,29,,,0
140016019,'1176510',1522,,1916,29,,,0
140016019,'1176518',1652,,1917,29,,,0
140016019,'1176524',1022,,1918,29,,,0
140016019,'1176533',922,,1919,29,,,0
140016019,'1176577',2122,,1921,29,,,0
140016019,'1176602',1422,,1924,29,,,0
140016019,'1176621',1922,,1926,29,,,0
140016019,'1176627',1722,,1927,29,,,0
140016019,'1176666',722,,1928,9,,,0
140016019,'1176671',1222,,1929,29,,,0
