140010019,'1175755',919,,1743,38,,,0
140010019,'1175787',1819,,1744,38,,,0
140010019,'1175798',1819,,1745,38,,,0
140010019,'1175810',719,,1747,5,,,0
140010019,'1175825',1619,,1748,38,,,0
140010019,'1175826',1319,,1749,38,,,0
140010019,'1175836',1749,,1750,38,,,0
140010019,'1175840',2019,,1751,38,,,0
140010019,'1175890',2019,,1753,38,,,0
140010019,'1175905',2119,,1754,38,,,0
140010019,'1175937',1419,,1755,38,,,0
140010019,'1175943',1719,,1756,38,,,0
140010019,'1175995',1119,,1758,38,,,0
140010019,'1176008',749,,1759,38,,,0
140010019,'1176017',819,,1760,38,,,0
140010019,'1176075',1719,,1761,38,,,0
140010019,'1176104',2219,,1762,38,,,0
140010019,'1176141',1319,,1763,38,,,0
140010019,'1176158',1519,,1764,38,,,0
140010019,'1176198',1019,,1766,38,,,0
140010019,'1176208',2219,,1767,38,,,0
140010019,'1176215',1919,,1768,38,,,0
140010019,'1176249',1119,,1770,38,,,0
140010019,'1176269',2119,,1771,38,,,0
140010019,'1176311',1019,,1774,38,,,0
140010019,'1176346',849,,1775,38,,,0
140010019,'1176365',919,,1776,38,,,0
140010019,'1176376',1619,,1777,38,,,0
140010019,'1176382',1219,,1778,38,,,0
140010019,'1176449',719,,1779,38,,,0
140010019,'1176545',819,,1781,38,,,0
140010019,'1176551',1419,,1782,38,,,0
140010019,'1176579',1649,,1783,38,,,0
140010019,'1176580',1219,,1784,38,,,0
140010019,'1176607',1919,,1785,38,,,0
140010019,'1176653',1519,,1788,38,,,0
140016019,'1175722',1119,,1882,25,,,0
140016019,'1175752',719,,1883,25,,,0
140016019,'1175760',2019,,1884,25,,,0
140016019,'1175908',849,,1888,25,,,0
140016019,'1175922',1219,,1889,25,,,0
140016019,'1175936',819,,1890,25,,,0
140016019,'1175986',1419,,1892,25,,,0
140016019,'1175988',1319,,1893,25,,,0
140016019,'1175989',1819,,1894,25,,,0
140016019,'1176015',919,,1896,25,,,0
140016019,'1176168',1319,,1898,25,,,0
140016019,'1176170',1549,,1899,25,,,0
140016019,'1176241',2119,,1900,25,,,0
140016019,'1176247',749,,1901,25,,,0
140016019,'1176270',2219,,1902,25,,,0
140016019,'1176280',1619,,1903,25,,,0
140016019,'1176296',1519,,1904,25,,,0
140016019,'1176309',2219,,1905,25,,,0
140016019,'1176320',1819,,1906,25,,,0
140016019,'1176381',1019,,1908,25,,,0
140016019,'1176402',2019,,1909,25,,,0
140016019,'1176421',819,,1910,25,,,0
140016019,'1176486',1749,,1911,25,,,0
140016019,'1176492',1119,,1912,25,,,0
140016019,'1176495',1919,,1913,25,,,0
140016019,'1176500',1619,,1914,25,,,0
140016019,'1176504',1719,,1915,25,,,0
140016019,'1176510',1519,,1916,25,,,0
140016019,'1176518',1649,,1917,25,,,0
140016019,'1176524',1019,,1918,25,,,0
140016019,'1176533',919,,1919,25,,,0
140016019,'1176577',2119,,1921,25,,,0
140016019,'1176602',1419,,1924,25,,,0
140016019,'1176621',1919,,1926,25,,,0
140016019,'1176627',1719,,1927,25,,,0
140016019,'1176666',719,,1928,5,,,0
140016019,'1176671',1219,,1929,25,,,0
