140019,'1178969',1349,,2352,34,,,0
140019,'1178977',1549,,2353,34,,,0
140019,'1179164',1649,,2354,34,,,0
140019,'1179344',1449,,2355,34,,,0
140019,'1179352',949,,2356,34,,,0
140019,'1179462',1249,,2357,34,,,0
140019,'1179512',1149,,2358,34,,,0
140019,'1179518',1049,,2359,34,,,0
140019,'1179634',1802,,2360,34,,,0
140014019,'1178954',1632,,2725,41,,,0
140014019,'1178955',1202,,2726,41,,,0
140014019,'1178974',1032,,2727,41,,,0
140014019,'1179007',1830,,2728,41,,,0
140014019,'1179027',1532,,2729,41,,,0
140014019,'1179052',830,,2730,41,,,0
140014019,'1179079',802,,2731,41,,,0
140014019,'1179080',1530,,2732,41,,,0
140014019,'1179082',902,,2733,41,,,0
140014019,'1179084',732,,2734,41,,,0
140014019,'1179111',2232,,2735,41,,,0
140014019,'1179143',832,,2736,41,,,0
140014019,'1179200',1302,,2737,41,,,0
140014019,'1179207',1802,,2738,41,,,0
140014019,'1179221',1430,,2739,41,,,0
140014019,'1179271',1232,,2740,41,,,0
140014019,'1179298',1730,,2741,41,,,0
140014019,'1179320',1502,,2742,41,,,0
140014019,'1179323',1030,,2743,41,,,0
140014019,'1179337',630,,2744,13,,,0
140014019,'1179350',930,,2745,41,,,0
140014019,'1179353',1832,,2746,41,,,0
140014019,'1179366',2030,,2747,41,,,0
140014019,'1179392',1630,,2748,41,,,0
140014019,'1179403',1932,,2749,41,,,0
140014019,'1179417',730,,2750,20,,,0
140014019,'1179433',1432,,2751,41,,,0
140014019,'1179443',1002,,2752,41,,,0
140014019,'1179446',1230,,2753,41,,,0
140014019,'1179449',1102,,2754,41,,,0
140014019,'1179493',1132,,2755,41,,,0
140014019,'1179513',632,,2756,13,,,0
140014019,'1179524',1732,,2757,41,,,0
140014019,'1179535',1402,,2758,41,,,0
140014019,'1179547',1330,,2759,41,,,0
140014019,'1179550',702,,2760,20,,,0
140014019,'1179561',1602,,2762,41,,,0
140014019,'1179577',1332,,2763,41,,,0
140014019,'1179598',2132,,2764,41,,,0
140014019,'1179600',2230,,2765,41,,,0
140014019,'1179608',1930,,2766,41,,,0
140014019,'1179636',1702,,2767,41,,,0
140014019,'1179638',932,,2768,41,,,0
140014019,'1179648',2032,,2769,41,,,0
140014019,'1179654',2130,,2770,41,,,0
140014019,'1179662',1130,,2771,41,,,0
