120019,'1178966',1401,,2316,47,,,0
120019,'1178998',1601,,2317,47,,,0
120019,'1179031',1701,,2318,47,,,0
120019,'1179149',1501,,2319,47,,,0
120019,'1179182',1201,,2320,47,,,0
120019,'1179282',1001,,2321,47,,,0
120019,'1179296',1814,,2322,47,,,0
120019,'1179596',1101,,2323,47,,,0
120019,'1179628',1301,,2324,47,,,0
140016019,'1179005',635,,2774,5,,,0
140016019,'1179063',735,,2776,28,,,0
140016019,'1179225',705,,2781,5,,,0
140016019,'1179286',608,,2784,5,,,0
140016019,'1179440',635,,2795,5,,,0
140016019,'1179792',935,,2805,48,,,0
140016019,'1179800',1735,,2806,48,,,0
140016019,'1179808',1935,,2807,48,,,0
140016019,'1179822',1605,,2808,48,,,0
140016019,'1179827',905,,2809,48,,,0
140016019,'1179831',1635,,2810,48,,,0
140016019,'1179835',2235,,2811,48,,,0
140016019,'1179868',1705,,2815,48,,,0
140016019,'1179875',1135,,2816,48,,,0
140016019,'1179886',1435,,2818,48,,,0
140016019,'1179907',1735,,2821,48,,,0
140016019,'1179913',1805,,2822,48,,,0
140016019,'1179926',1335,,2823,48,,,0
140016019,'1179938',1535,,2824,48,,,0
140016019,'1179943',2135,,2825,48,,,0
140016019,'1179945',835,,2826,48,,,0
140016019,'1179958',1435,,2827,48,,,0
140016019,'1179963',1835,,2828,48,,,0
140016019,'1179974',1035,,2829,48,,,0
140016019,'1179976',735,,2830,48,,,0
140016019,'1179989',935,,2831,48,,,0
140016019,'1179991',1535,,2832,48,,,0
140016019,'1179997',1635,,2833,48,,,0
140016019,'1180006',1035,,2834,48,,,0
140016019,'1180012',1935,,2835,48,,,0
140016019,'1180018',1135,,2836,48,,,0
140016019,'1180019',2235,,2837,48,,,0
140016019,'1180020',2035,,2838,48,,,0
140016019,'1180023',1335,,2839,48,,,0
140016019,'1180024',805,,2840,48,,,0
140016019,'1180028',835,,2841,48,,,0
140016019,'1180031',2035,,2842,48,,,0
140016019,'1180048',2135,,2843,48,,,0
140016019,'1180057',1835,,2844,48,,,0
140016019,'1180072',1235,,2846,48,,,0
140016019,'1180078',1235,,2847,48,,,0
