150029,'1179828',1005,,2397,13,,,0
150029,'1179915',1205,,2398,13,,,0
150029,'1179932',905,,2399,13,,,0
150029,'1179948',1505,,2400,13,,,0
150029,'1179983',1305,,2401,13,,,0
150029,'1180009',1105,,2402,13,,,0
150029,'1180017',1705,,2403,13,,,0
150029,'1180040',1605,,2404,13,,,0
150029,'1180079',1405,,2405,13,,,0
300019,'1179799',1025,,2563,10,0,8 9 2 26,0
300019,'1179823',1855,,2567,10,0,23 24 2 26,0
300019,'1179833',955,,2569,10,0,23 24 2 26,0
300019,'1179836',925,,2570,10,0,23 24 2 26,0
300019,'1179840',1455,,2571,10,0,23 24 2 26,0
300019,'1179841',2055,,2572,10,0,23 24 2 26,0
300019,'1179850',755,,2575,10,0,23 24 2 26,0
300019,'1179894',1555,,2591,10,0,23 24 2 26,0
300019,'1179906',1255,,2594,10,0,23 24 2 26,0
300019,'1179908',725,,2595,10,0,23 24 2 26,0
300019,'1179942',2155,,2602,10,0,8 9 2 26,0
300019,'1179957',1055,,2605,10,0,23 24 2 26,0
300019,'1179970',1955,,2610,10,0,23 24 2 26,0
300019,'1179981',1655,,2611,10,0,23 24 2 26,0
300019,'1179988',825,,2612,10,0,23 24 2 26,0
300019,'1179996',1625,,2615,10,0,23 24 2 26,0
300019,'1180000',1355,,2616,10,0,23 24 2 26,0
300019,'1180022',1725,,2618,10,0,23 24 2 26,0
300019,'1180035',855,,2620,10,0,23 24 2 26,0
300019,'1180043',1155,,2624,10,0,23 24 2 26,0
300019,'1180046',1825,,2625,10,0,8 9 2 26,0
300019,'1180061',1755,,2629,10,0,23 24 2 26,0
300019,'1180122',955,,3099,11,0,23 24 2 26,0
300019,'1180123',955,,3100,11,0,23 24 2 26,0
300019,'1180124',1555,,3101,11,0,23 24 2 26,0
300019,'1180127',725,,3104,11,0,23 24 2 26,0
300019,'1180128',1155,,3105,11,0,23 24 2 26,0
300019,'1180129',1755,,3106,11,0,23 24 2 26,0
300019,'1180135',1725,,3112,11,0,23 24 2 26,0
300019,'1180137',755,,3114,11,0,23 24 2 26,0
300019,'1180141',855,,3118,11,0,23 24 2 26,0
300019,'1180142',1455,,3119,11,0,23 24 2 26,0
300019,'1180144',1955,,3121,11,0,23 24 2 26,0
300019,'1180146',1955,,3123,11,0,23 24 2 26,0
300019,'1180147',2155,,3124,11,0,8 9 2 26,0
300019,'1180148',1555,,3125,11,0,23 24 2 26,0
300019,'1180149',1455,,3126,11,0,23 24 2 26,0
300019,'1180153',1055,,3130,11,0,23 24 2 26,0
300019,'1180154',1055,,3131,11,0,23 24 2 26,0
300019,'1180155',1355,,3132,11,0,23 24 2 26,0
300019,'1180157',2055,,3134,11,0,23 24 2 26,0
300019,'1180158',1825,,3135,11,0,8 9 2 26,0
300019,'1180160',1655,,3137,11,0,23 24 2 26,0
300019,'1180162',2155,,3139,11,0,8 9 2 26,0
300019,'1180163',1255,,3140,11,0,23 24 2 26,0
300019,'1180165',1355,,3142,11,0,23 24 2 26,0
300019,'1180170',925,,3147,11,0,23 24 2 26,0
300019,'1180171',755,,3148,11,0,23 24 2 26,0
300019,'1180172',1155,,3149,11,0,23 24 2 26,0
300019,'1180173',1855,,3150,11,0,23 24 2 26,0
300019,'1180174',1255,,3151,11,0,23 24 2 26,0
300019,'1180180',1625,,3157,11,0,23 24 2 26,0
300019,'1180184',1655,,3161,11,0,23 24 2 26,0
300019,'1180185',1755,,3162,11,0,23 24 2 26,0
300019,'1180186',825,,3163,11,0,23 24 2 26,0
300019,'1180187',1025,,3164,11,0,8 9 2 26,0
300019,'1180190',2055,,3167,11,0,23 24 2 26,0
300019,'1180192',1855,,3169,11,0,23 24 2 26,0
300019,'1180193',855,,3170,11,0,23 24 2 26,0
190015019,'1179083',627,,2946,13,,,0
190015019,'1179637',657,,2969,13,,,0
190015019,'1179791',2127,,2973,38,,,0
190015019,'1179793',727,,2974,38,,,0
190015019,'1179804',727,,2975,38,,,0
190015019,'1179812',1127,,2976,38,,,0
190015019,'1179819',827,,2977,38,,,0
190015019,'1179825',1227,,2978,38,,,0
190015019,'1179856',857,,2980,38,,,0
190015019,'1179872',827,,2981,38,,,0
190015019,'1179885',1657,,2982,38,,,0
190015019,'1179887',1427,,2983,38,,,0
190015019,'1179898',1527,,2984,38,,,0
190015019,'1179909',1027,,2985,38,,,0
190015019,'1179919',1827,,2986,38,,,0
190015019,'1179920',927,,2987,38,,,0
190015019,'1179923',1457,,2988,38,,,0
190015019,'1179931',2127,,2989,38,,,0
190015019,'1179935',1727,,2991,38,,,0
190015019,'1179940',1157,,2992,38,,,0
190015019,'1179952',1227,,2993,38,,,0
190015019,'1179960',1327,,2994,38,,,0
190015019,'1179961',1527,,2995,38,,,0
190015019,'1179980',1057,,2997,38,,,0
190015019,'1179982',1757,,2998,38,,,0
190015019,'1179992',1557,,2999,38,,,0
190015019,'1179995',1127,,3000,38,,,0
190015019,'1179999',1257,,3001,38,,,0
190015019,'1180013',1927,,3002,38,,,0
190015019,'1180014',2027,,3003,38,,,0
190015019,'1180015',957,,3004,38,,,0
190015019,'1180016',2027,,3005,38,,,0
190015019,'1180026',1927,,3007,38,,,0
190015019,'1180029',1027,,3008,38,,,0
190015019,'1180044',1627,,3009,38,,,0
190015019,'1180058',1357,,3011,38,,,0
190015019,'1180059',1727,,3012,38,,,0
190015019,'1180068',1827,,3013,38,,,0
190015019,'1180070',1627,,3014,38,,,0
190015019,'1180075',927,,3015,38,,,0
190015019,'1180077',1327,,3016,38,,,0
190015019,'1180080',757,,3017,38,,,0
190015019,'1180081',1427,,3018,38,,,0
