200019,'1179798',1412,,2442,31,4,,0
200019,'1179810',1612,,2443,31,4,,0
200019,'1179901',1212,,2444,31,4,,0
200019,'1179903',1804,,2445,31,4,,0
200019,'1179911',1512,,2446,31,4,,0
200019,'1179939',1112,,2447,31,4,,0
200019,'1179968',1712,,2448,31,4,,0
200019,'1179973',1012,,2449,31,4,,0
200019,'1180054',1312,,2450,31,4,,0
200029,'1179229',1714,,2457,1,,,0
200029,'1179807',930,,2461,1,,,0
200029,'1179834',1330,,2462,1,,,0
200029,'1179867',1630,,2463,1,,,0
200029,'1179877',1130,,2464,1,,,0
200029,'1179888',1530,,2465,1,,,0
200029,'1179893',1230,,2466,1,,,0
200029,'1179998',1430,,2467,1,,,0
200029,'1180064',1030,,2469,1,,,0
140014019,'1178954',1623,,2725,29,,,0
140014019,'1178955',1153,,2726,29,,,0
140014019,'1178974',1023,,2727,29,,,0
140014019,'1179007',1823,,2728,29,,,0
140014019,'1179027',1523,,2729,29,,,0
140014019,'1179052',823,,2730,29,,,0
140014019,'1179079',753,,2731,29,,,0
140014019,'1179080',1523,,2732,29,,,0
140014019,'1179082',853,,2733,29,,,0
140014019,'1179084',723,,2734,29,,,0
140014019,'1179111',2223,,2735,29,,,0
140014019,'1179143',823,,2736,29,,,0
140014019,'1179200',1253,,2737,29,,,0
140014019,'1179207',1753,,2738,29,,,0
140014019,'1179221',1423,,2739,29,,,0
140014019,'1179271',1223,,2740,29,,,0
140014019,'1179298',1723,,2741,29,,,0
140014019,'1179320',1453,,2742,29,,,0
140014019,'1179323',1023,,2743,29,,,0
140014019,'1179337',623,,2744,1,,,0
140014019,'1179350',923,,2745,29,,,0
140014019,'1179353',1823,,2746,29,,,0
140014019,'1179366',2023,,2747,29,,,0
140014019,'1179392',1623,,2748,29,,,0
140014019,'1179403',1923,,2749,29,,,0
140014019,'1179417',723,,2750,8,,,0
140014019,'1179433',1423,,2751,29,,,0
140014019,'1179443',953,,2752,29,,,0
140014019,'1179446',1223,,2753,29,,,0
140014019,'1179449',1053,,2754,29,,,0
140014019,'1179493',1123,,2755,29,,,0
140014019,'1179513',623,,2756,1,,,0
140014019,'1179524',1723,,2757,29,,,0
140014019,'1179535',1353,,2758,29,,,0
140014019,'1179547',1323,,2759,29,,,0
140014019,'1179550',653,,2760,8,,,0
140014019,'1179561',1553,,2762,29,,,0
140014019,'1179577',1323,,2763,29,,,0
140014019,'1179598',2123,,2764,29,,,0
140014019,'1179600',2223,,2765,29,,,0
140014019,'1179608',1923,,2766,29,,,0
140014019,'1179636',1653,,2767,29,,,0
140014019,'1179638',923,,2768,29,,,0
140014019,'1179648',2023,,2769,29,,,0
140014019,'1179654',2123,,2770,29,,,0
140014019,'1179662',1123,,2771,29,,,0
190015019,'1179791',2056,,2973,18,,,0
190015019,'1179793',656,,2974,18,,,0
190015019,'1179804',656,,2975,18,,,0
190015019,'1179812',1056,,2976,18,,,0
190015019,'1179819',756,,2977,18,,,0
190015019,'1179825',1156,,2978,18,,,0
190015019,'1179846',2156,,2979,18,0,12,0
190015019,'1179856',826,,2980,18,,,0
190015019,'1179872',756,,2981,18,,,0
190015019,'1179885',1626,,2982,18,,,0
190015019,'1179887',1356,,2983,18,,,0
190015019,'1179898',1456,,2984,18,,,0
190015019,'1179909',956,,2985,18,,,0
190015019,'1179919',1756,,2986,18,,,0
190015019,'1179920',856,,2987,18,,,0
190015019,'1179923',1426,,2988,18,,,0
190015019,'1179931',2056,,2989,18,,,0
190015019,'1179934',1826,,2990,18,0,12,0
190015019,'1179935',1656,,2991,18,,,0
190015019,'1179940',1126,,2992,18,,,0
190015019,'1179952',1156,,2993,18,,,0
190015019,'1179960',1256,,2994,18,,,0
190015019,'1179961',1456,,2995,18,,,0
190015019,'1179972',2256,,2996,18,0,12,0
190015019,'1179980',1026,,2997,18,,,0
190015019,'1179982',1726,,2998,18,,,0
190015019,'1179992',1526,,2999,18,,,0
190015019,'1179995',1056,,3000,18,,,0
190015019,'1179999',1226,,3001,18,,,0
190015019,'1180013',1856,,3002,18,,,0
190015019,'1180014',1956,,3003,18,,,0
190015019,'1180015',926,,3004,18,,,0
190015019,'1180016',1956,,3005,18,,,0
190015019,'1180021',2256,,3006,18,0,12,0
190015019,'1180026',1856,,3007,18,,,0
190015019,'1180029',956,,3008,18,,,0
190015019,'1180044',1556,,3009,18,,,0
190015019,'1180045',2156,,3010,18,0,12,0
190015019,'1180058',1326,,3011,18,,,0
190015019,'1180059',1656,,3012,18,,,0
190015019,'1180068',1756,,3013,18,,,0
190015019,'1180070',1556,,3014,18,,,0
190015019,'1180075',856,,3015,18,,,0
190015019,'1180077',1256,,3016,18,,,0
190015019,'1180080',726,,3017,18,,,0
190015019,'1180081',1356,,3018,18,,,0
