200029,'1179229',1716,,2457,5,,,0
200029,'1179807',932,,2461,5,,,0
200029,'1179834',1332,,2462,5,,,0
200029,'1179867',1632,,2463,5,,,0
200029,'1179877',1132,,2464,5,,,0
200029,'1179888',1532,,2465,5,,,0
200029,'1179893',1232,,2466,5,,,0
200029,'1179998',1432,,2467,5,,,0
200029,'1180064',1032,,2469,5,,,0
140014019,'1178954',1626,,2725,33,,,0
140014019,'1178955',1156,,2726,33,,,0
140014019,'1178974',1026,,2727,33,,,0
140014019,'1179007',1825,,2728,33,,,0
140014019,'1179027',1526,,2729,33,,,0
140014019,'1179052',825,,2730,33,,,0
140014019,'1179079',756,,2731,33,,,0
140014019,'1179080',1525,,2732,33,,,0
140014019,'1179082',856,,2733,33,,,0
140014019,'1179084',726,,2734,33,,,0
140014019,'1179111',2226,,2735,33,,,0
140014019,'1179143',826,,2736,33,,,0
140014019,'1179200',1256,,2737,33,,,0
140014019,'1179207',1756,,2738,33,,,0
140014019,'1179221',1425,,2739,33,,,0
140014019,'1179271',1226,,2740,33,,,0
140014019,'1179298',1725,,2741,33,,,0
140014019,'1179320',1456,,2742,33,,,0
140014019,'1179323',1025,,2743,33,,,0
140014019,'1179337',625,,2744,5,,,0
140014019,'1179350',925,,2745,33,,,0
140014019,'1179353',1826,,2746,33,,,0
140014019,'1179366',2025,,2747,33,,,0
140014019,'1179392',1625,,2748,33,,,0
140014019,'1179403',1926,,2749,33,,,0
140014019,'1179417',725,,2750,12,,,0
140014019,'1179433',1426,,2751,33,,,0
140014019,'1179443',956,,2752,33,,,0
140014019,'1179446',1225,,2753,33,,,0
140014019,'1179449',1056,,2754,33,,,0
140014019,'1179493',1126,,2755,33,,,0
140014019,'1179513',626,,2756,5,,,0
140014019,'1179524',1726,,2757,33,,,0
140014019,'1179535',1356,,2758,33,,,0
140014019,'1179547',1325,,2759,33,,,0
140014019,'1179550',656,,2760,12,,,0
140014019,'1179561',1556,,2762,33,,,0
140014019,'1179577',1326,,2763,33,,,0
140014019,'1179598',2126,,2764,33,,,0
140014019,'1179600',2225,,2765,33,,,0
140014019,'1179608',1925,,2766,33,,,0
140014019,'1179636',1656,,2767,33,,,0
140014019,'1179638',926,,2768,33,,,0
140014019,'1179648',2026,,2769,33,,,0
140014019,'1179654',2125,,2770,33,,,0
140014019,'1179662',1125,,2771,33,,,0
