110019,'1178947',946,,2239,26,,,0
110019,'1178964',1446,,2240,26,,,0
110019,'1178973',1746,,2241,26,,,0
110019,'1179028',1546,,2242,26,,,0
110019,'1179105',1646,,2243,26,,,0
110019,'1179114',1046,,2244,26,,,0
110019,'1179176',1246,,2245,26,,,0
110019,'1179184',1346,,2246,26,,,0
110019,'1179290',1146,,2247,26,,,0
140010019,'1178914',1126,,2633,28,0,8 21,0
140010019,'1178921',1457,,2634,28,,,0
140010019,'1178922',957,,2635,29,,,0
140010019,'1178936',726,,2636,28,,,0
140010019,'1178946',2256,,2637,28,0,8 21,0
140010019,'1178979',1057,,2638,29,,,0
140010019,'1179012',756,,2639,29,,,0
140010019,'1179037',1956,,2640,28,,,0
140010019,'1179103',1556,,2641,29,,,0
140010019,'1179122',1326,,2642,28,0,8 21,0
140010019,'1179131',1157,,2643,28,,,0
140010019,'1179140',2156,,2644,28,,,0
140010019,'1179147',926,,2645,28,0,8 21,0
140010019,'1179157',656,,2646,28,,,0
140010019,'1179167',1057,,2647,28,,,0
140010019,'1179178',1756,,2648,29,,,0
140010019,'1179180',2156,,2649,29,,,0
140010019,'1179188',1457,,2650,29,,,0
140010019,'1179217',1956,,2651,29,,,0
140010019,'1179232',1526,,2652,28,0,8 21,0
140010019,'1179251',1626,,2653,28,,,0
140010019,'1179253',826,,2654,28,,,0
140010019,'1179268',1726,,2655,28,,,0
140010019,'1179270',1656,,2656,29,,,0
140010019,'1179336',856,,2658,28,,,0
140010019,'1179347',756,,2659,28,,,0
140010019,'1179361',2056,,2660,28,,,0
140010019,'1179396',2056,,2661,29,,,0
140010019,'1179408',2256,,2662,29,0,8 21,0
140010019,'1179415',1157,,2663,29,,,0
140010019,'1179445',1357,,2664,28,,,0
140010019,'1179452',1756,,2665,28,,,0
140010019,'1179453',1357,,2666,29,,,0
140010019,'1179479',1257,,2667,28,,,0
140010019,'1179483',1226,,2668,28,0,8 21,0
140010019,'1179494',1656,,2669,28,,,0
140010019,'1179496',1556,,2670,28,,,0
140010019,'1179498',1426,,2671,28,0,8 21,0
140010019,'1179544',1856,,2672,28,,,0
140010019,'1179548',1026,,2673,28,0,8 21,0
140010019,'1179613',1856,,2674,29,,,0
140010019,'1179620',856,,2675,29,,,0
140010019,'1179629',1826,,2676,28,0,8 21,0
140010019,'1179659',1257,,2677,29,,,0
140010019,'1179692',957,,2678,28,,,0
