120019,'1178966',1346,,2316,25,,,0
120019,'1178998',1546,,2317,25,,,0
120019,'1179031',1646,,2318,25,,,0
120019,'1179149',1446,,2319,25,,,0
120019,'1179182',1146,,2320,25,,,0
120019,'1179282',946,,2321,25,,,0
120019,'1179296',1759,,2322,25,,,0
120019,'1179596',1046,,2323,25,,,0
120019,'1179628',1246,,2324,25,,,0
140019,'1178969',1344,,2352,29,,,0
140019,'1178977',1544,,2353,29,,,0
140019,'1179164',1644,,2354,29,,,0
140019,'1179344',1444,,2355,29,,,0
140019,'1179352',944,,2356,29,,,0
140019,'1179462',1244,,2357,29,,,0
140019,'1179512',1144,,2358,29,,,0
140019,'1179518',1044,,2359,29,,,0
140019,'1179634',1757,,2360,29,,,0
200019,'1179798',1409,,2442,24,,,0
200019,'1179810',1609,,2443,24,,,0
200019,'1179901',1209,,2444,24,,,0
200019,'1179903',1801,,2445,24,,,0
200019,'1179911',1509,,2446,24,,,0
200019,'1179939',1109,,2447,24,,,0
200019,'1179968',1709,,2448,24,,,0
200019,'1179973',1009,,2449,24,,,0
200019,'1180054',1309,,2450,24,,,0
140016019,'1179063',720,,2776,6,,,0
140016019,'1179792',920,,2805,26,,,0
140016019,'1179800',1720,,2806,26,,,0
140016019,'1179808',1920,,2807,26,,,0
140016019,'1179822',1550,,2808,26,,,0
140016019,'1179827',850,,2809,26,,,0
140016019,'1179831',1620,,2810,26,,,0
140016019,'1179835',2220,,2811,26,,,0
140016019,'1179868',1650,,2815,26,,,0
140016019,'1179875',1120,,2816,26,,,0
140016019,'1179886',1420,,2818,26,,,0
140016019,'1179907',1720,,2821,26,,,0
140016019,'1179913',1750,,2822,26,,,0
140016019,'1179926',1320,,2823,26,,,0
140016019,'1179938',1520,,2824,26,,,0
140016019,'1179943',2120,,2825,26,,,0
140016019,'1179945',820,,2826,26,,,0
140016019,'1179958',1420,,2827,26,,,0
140016019,'1179963',1820,,2828,26,,,0
140016019,'1179974',1020,,2829,26,,,0
140016019,'1179976',720,,2830,26,,,0
140016019,'1179989',920,,2831,26,,,0
140016019,'1179991',1520,,2832,26,,,0
140016019,'1179997',1620,,2833,26,,,0
140016019,'1180006',1020,,2834,26,,,0
140016019,'1180012',1920,,2835,26,,,0
140016019,'1180018',1120,,2836,26,,,0
140016019,'1180019',2220,,2837,26,,,0
140016019,'1180020',2020,,2838,26,,,0
140016019,'1180023',1320,,2839,26,,,0
140016019,'1180024',750,,2840,26,,,0
140016019,'1180028',820,,2841,26,,,0
140016019,'1180031',2020,,2842,26,,,0
140016019,'1180048',2120,,2843,26,,,0
140016019,'1180057',1820,,2844,26,,,0
140016019,'1180072',1220,,2846,26,,,0
140016019,'1180078',1220,,2847,26,,,0
