150019,'1178942',1741,,2379,8,,,0
150019,'1178956',1341,,2380,8,,,0
150019,'1178976',1641,,2381,8,,,0
150019,'1179117',1241,,2382,8,,,0
150019,'1179150',1541,,2383,8,,,0
150019,'1179341',941,,2384,8,,,0
150019,'1179473',1141,,2385,8,,,0
150019,'1179559',1441,,2386,8,,,0
150019,'1179673',1041,,2387,8,,,0
140014019,'1178954',1559,,2725,18,,,0
140014019,'1178955',1129,,2726,18,,,0
140014019,'1178974',959,,2727,18,,,0
140014019,'1179007',1759,,2728,18,,,0
140014019,'1179027',1459,,2729,18,,,0
140014019,'1179052',759,,2730,18,,,0
140014019,'1179079',729,,2731,18,,,0
140014019,'1179080',1459,,2732,18,,,0
140014019,'1179082',829,,2733,18,,,0
140014019,'1179084',659,,2734,18,,,0
140014019,'1179111',2159,,2735,18,,,0
140014019,'1179143',759,,2736,18,,,0
140014019,'1179200',1229,,2737,18,,,0
140014019,'1179207',1729,,2738,18,,,0
140014019,'1179221',1359,,2739,18,,,0
140014019,'1179271',1159,,2740,18,,,0
140014019,'1179298',1659,,2741,18,,,0
140014019,'1179320',1429,,2742,18,,,0
140014019,'1179323',959,,2743,18,,,0
140014019,'1179350',859,,2745,18,,,0
140014019,'1179353',1759,,2746,18,,,0
140014019,'1179366',1959,,2747,18,,,0
140014019,'1179392',1559,,2748,18,,,0
140014019,'1179403',1859,,2749,18,,,0
140014019,'1179433',1359,,2751,18,,,0
140014019,'1179443',929,,2752,18,,,0
140014019,'1179446',1159,,2753,18,,,0
140014019,'1179449',1029,,2754,18,,,0
140014019,'1179493',1059,,2755,18,,,0
140014019,'1179524',1659,,2757,18,,,0
140014019,'1179535',1329,,2758,18,,,0
140014019,'1179547',1259,,2759,18,,,0
140014019,'1179557',1829,,2761,18,0,8 21,0
140014019,'1179561',1529,,2762,18,,,0
140014019,'1179577',1259,,2763,18,,,0
140014019,'1179598',2059,,2764,18,,,0
140014019,'1179600',2159,,2765,18,,,0
140014019,'1179608',1859,,2766,18,,,0
140014019,'1179636',1629,,2767,18,,,0
140014019,'1179638',859,,2768,18,,,0
140014019,'1179648',1959,,2769,18,,,0
140014019,'1179654',2059,,2770,18,,,0
140014019,'1179662',1059,,2771,18,,,0
