150019,'1178942',1740,,2379,7,,,0
150019,'1178956',1340,,2380,7,,,0
150019,'1178976',1640,,2381,7,,,0
150019,'1179117',1240,,2382,7,,,0
150019,'1179150',1540,,2383,7,,,0
150019,'1179341',940,,2384,7,,,0
150019,'1179473',1140,,2385,7,,,0
150019,'1179559',1440,,2386,7,,,0
150019,'1179673',1040,,2387,7,,,0
140014019,'1178954',1558,,2725,17,,,0
140014019,'1178955',1128,,2726,17,,,0
140014019,'1178974',958,,2727,17,,,0
140014019,'1179007',1758,,2728,17,,,0
140014019,'1179027',1458,,2729,17,,,0
140014019,'1179052',758,,2730,17,,,0
140014019,'1179079',728,,2731,17,,,0
140014019,'1179080',1458,,2732,17,,,0
140014019,'1179082',828,,2733,17,,,0
140014019,'1179084',658,,2734,17,,,0
140014019,'1179111',2158,,2735,17,,,0
140014019,'1179143',758,,2736,17,,,0
140014019,'1179200',1228,,2737,17,,,0
140014019,'1179207',1728,,2738,17,,,0
140014019,'1179221',1358,,2739,17,,,0
140014019,'1179271',1158,,2740,17,,,0
140014019,'1179298',1658,,2741,17,,,0
140014019,'1179320',1428,,2742,17,,,0
140014019,'1179323',958,,2743,17,,,0
140014019,'1179350',858,,2745,17,,,0
140014019,'1179353',1758,,2746,17,,,0
140014019,'1179366',1958,,2747,17,,,0
140014019,'1179392',1558,,2748,17,,,0
140014019,'1179403',1858,,2749,17,,,0
140014019,'1179433',1358,,2751,17,,,0
140014019,'1179443',928,,2752,17,,,0
140014019,'1179446',1158,,2753,17,,,0
140014019,'1179449',1028,,2754,17,,,0
140014019,'1179493',1058,,2755,17,,,0
140014019,'1179524',1658,,2757,17,,,0
140014019,'1179535',1328,,2758,17,,,0
140014019,'1179547',1258,,2759,17,,,0
140014019,'1179557',1828,,2761,17,0,8 21,0
140014019,'1179561',1528,,2762,17,,,0
140014019,'1179577',1258,,2763,17,,,0
140014019,'1179598',2058,,2764,17,,,0
140014019,'1179600',2158,,2765,17,,,0
140014019,'1179608',1858,,2766,17,,,0
140014019,'1179636',1628,,2767,17,,,0
140014019,'1179638',858,,2768,17,,,0
140014019,'1179648',1958,,2769,17,,,0
140014019,'1179654',2058,,2770,17,,,0
140014019,'1179662',1058,,2771,17,,,0
