160029,'1178957',858,,2424,4,,,0
160029,'1179098',1358,,2425,4,,,0
160029,'1179137',1558,,2426,4,,,0
160029,'1179301',1158,,2427,4,,,0
160029,'1179398',1258,,2428,4,,,0
160029,'1179410',1658,,2429,4,,,0
160029,'1179543',1058,,2430,4,,,0
160029,'1179558',958,,2431,4,,,0
160029,'1179623',1458,,2432,4,,,0
216019,'1178924',748,,2470,4,,,0
216019,'1178948',618,,2471,4,,,0
216019,'1178963',2118,,2472,4,,,0
216019,'1178968',1218,,2473,4,,,0
216019,'1179019',1748,,2474,4,,,0
216019,'1179021',1548,,2475,4,,,0
216019,'1179029',1418,,2476,4,,,0
216019,'1179050',1518,,2477,4,,,0
216019,'1179070',1418,,2478,4,,,0
216019,'1179075',1818,,2479,4,,,0
216019,'1179116',718,,2480,4,,,0
216019,'1179123',1318,,2481,4,,,0
216019,'1179160',1718,,2482,4,,,0
216019,'1179179',2018,,2483,4,,,0
216019,'1179181',1118,,2484,4,,,0
216019,'1179199',918,,2485,4,,,0
216019,'1179206',1518,,2486,4,,,0
216019,'1179328',1018,,2487,4,,,0
216019,'1179338',1218,,2488,4,,,0
216019,'1179345',818,,2489,4,,,0
216019,'1179368',1648,,2490,4,,,0
216019,'1179369',1018,,2491,4,,,0
216019,'1179374',1618,,2492,4,,,0
216019,'1179421',1818,,2493,4,,,0
216019,'1179431',1118,,2494,4,,,0
216019,'1179458',1918,,2495,4,,,0
216019,'1179488',718,,2496,4,,,0
216019,'1179523',1318,,2497,4,,,0
216019,'1179574',2018,,2498,4,,,0
216019,'1179582',1918,,2499,4,,,0
216019,'1179605',848,,2500,4,,,0
216019,'1179647',1718,,2501,4,,,0
216019,'1179669',818,,2502,4,,,0
216019,'1179695',2118,,2503,4,,,0
216019,'1179712',648,,2504,4,,,0
216019,'1179714',918,,2505,4,,,0
216019,'1179719',1618,,2506,4,,,0
