190013019,'1175728',825,,1978,20,,,0
190013019,'1175734',1455,,1979,20,,,0
190013019,'1175770',1955,,1980,20,,,0
190013019,'1175814',1825,,1981,20,0,8 21,0
190013019,'1175816',1755,,1982,20,,,0
190013019,'1175833',1655,,1983,20,,,0
190013019,'1175860',1325,,1984,20,,,0
190013019,'1175862',1055,,1985,20,,,0
190013019,'1175891',1125,,1986,20,,,0
190013019,'1175892',925,,1987,20,,,0
190013019,'1175994',855,,1989,20,,,0
190013019,'1176023',755,,1990,20,,,0
190013019,'1176034',1055,,1991,20,,,0
190013019,'1176044',1355,,1992,20,,,0
190013019,'1176064',1025,,1993,20,,,0
190013019,'1176125',1655,,1994,20,,,0
190013019,'1176139',1155,,1995,20,,,0
190013019,'1176167',2155,,1996,20,,,0
190013019,'1176182',1255,,1997,20,,,0
190013019,'1176185',725,,1998,20,,,0
190013019,'1176187',1255,,1999,20,,,0
190013019,'1176196',1155,,2000,20,,,0
190013019,'1176261',955,,2001,20,,,0
190013019,'1176277',2055,,2002,20,,,0
190013019,'1176318',1355,,2003,20,,,0
190013019,'1176331',1955,,2004,20,,,0
190013019,'1176338',1855,,2005,20,,,0
190013019,'1176348',1525,,2006,20,,,0
190013019,'1176367',1555,,2007,20,,,0
190013019,'1176387',2155,,2008,20,,,0
190013019,'1176389',755,,2009,20,,,0
190013019,'1176392',655,,2010,20,,,0
190013019,'1176394',1555,,2011,20,,,0
190013019,'1176446',1755,,2012,20,,,0
190013019,'1176462',2055,,2013,20,,,0
190013019,'1176473',1855,,2014,20,,,0
190013019,'1176527',955,,2015,20,,,0
190013019,'1176539',1625,,2016,20,,,0
190013019,'1176543',1425,,2017,20,,,0
190013019,'1176567',855,,2019,20,,,0
190013019,'1176597',1455,,2020,20,,,0
190013019,'1176614',1225,,2021,20,,,0
190013019,'1176638',1725,,2022,20,,,0
190013019,'1176660',655,,2023,20,,,0
