116019,'1178927',1053,,2202,28,,,0
116019,'1178944',1453,,2203,28,,,0
116019,'1178984',2053,,2204,28,,,0
116019,'1178985',1553,,2205,28,,,0
116019,'1178993',1727,,2206,29,,,0
116019,'1179002',2053,,2207,28,,,0
116019,'1179004',853,,2208,28,,,0
116019,'1179020',1653,,2209,28,,,0
116019,'1179022',1657,,2210,29,,,0
116019,'1179025',1353,,2211,28,,,0
116019,'1179035',953,,2212,28,,,0
116019,'1179036',727,,2213,29,,,0
116019,'1179045',1953,,2214,28,,,0
116019,'1179090',2153,,2215,28,,,0
116019,'1179113',753,,2216,28,,,0
116019,'1179119',657,,2217,29,,,0
116019,'1179186',2153,,2218,28,,,0
116019,'1179192',1853,,2219,28,,,0
116019,'1179204',1853,,2220,28,,,0
116019,'1179214',923,,2221,28,,,0
116019,'1179218',1953,,2222,28,,,0
116019,'1179231',1353,,2223,28,,,0
116019,'1179239',853,,2224,28,,,0
116019,'1179249',1453,,2225,28,,,0
116019,'1179326',1153,,2226,28,,,0
116019,'1179334',1253,,2227,28,,,0
116019,'1179487',1753,,2228,28,,,0
116019,'1179497',1253,,2229,28,,,0
116019,'1179505',1623,,2230,28,,,0
116019,'1179506',1153,,2231,28,,,0
116019,'1179514',1823,,2232,28,,,0
116019,'1179540',1553,,2233,28,,,0
116019,'1179564',1053,,2234,28,,,0
116019,'1179589',953,,2235,28,,,0
116019,'1179630',1753,,2236,28,,,0
116019,'1179645',753,,2237,28,,,0
116019,'1179711',823,,2238,28,,,0
140010019,'1175755',854,,1743,26,,,0
140010019,'1175787',1754,,1744,26,,,0
140010019,'1175798',1754,,1745,26,,,0
140010019,'1175806',1124,,1746,26,0,8 21,0
140010019,'1175825',1554,,1748,26,,,0
140010019,'1175826',1254,,1749,26,,,0
140010019,'1175836',1724,,1750,26,,,0
140010019,'1175840',1954,,1751,26,,,0
140010019,'1175865',1024,,1752,26,0,8 21,0
140010019,'1175890',1954,,1753,26,,,0
140010019,'1175905',2054,,1754,26,,,0
140010019,'1175937',1354,,1755,26,,,0
140010019,'1175943',1654,,1756,26,,,0
140010019,'1175962',2254,,1757,26,0,8 21,0
140010019,'1175995',1054,,1758,26,,,0
140010019,'1176008',724,,1759,26,,,0
140010019,'1176017',754,,1760,26,,,0
140010019,'1176075',1654,,1761,26,,,0
140010019,'1176104',2154,,1762,26,,,0
140010019,'1176141',1254,,1763,26,,,0
140010019,'1176158',1454,,1764,26,,,0
140010019,'1176181',924,,1765,26,0,8 21,0
140010019,'1176198',954,,1766,26,,,0
140010019,'1176208',2154,,1767,26,,,0
140010019,'1176215',1854,,1768,26,,,0
140010019,'1176225',1324,,1769,26,0,8 21,0
140010019,'1176249',1054,,1770,26,,,0
140010019,'1176269',2054,,1771,26,,,0
140010019,'1176278',2254,,1772,26,0,8 21,0
140010019,'1176300',1524,,1773,26,0,8 21,0
140010019,'1176311',954,,1774,26,,,0
140010019,'1176346',824,,1775,26,,,0
140010019,'1176365',854,,1776,26,,,0
140010019,'1176376',1554,,1777,26,,,0
140010019,'1176382',1154,,1778,26,,,0
140010019,'1176449',654,,1779,26,,,0
140010019,'1176452',1224,,1780,26,0,8 21,0
140010019,'1176545',754,,1781,26,,,0
140010019,'1176551',1354,,1782,26,,,0
140010019,'1176579',1624,,1783,26,,,0
140010019,'1176580',1154,,1784,26,,,0
140010019,'1176607',1854,,1785,26,,,0
140010019,'1176612',1824,,1786,26,0,8 21,0
140010019,'1176628',1424,,1787,26,0,8 21,0
140010019,'1176653',1454,,1788,26,,,0
