140019,'1178969',1416,,2352,42,4,,0
140019,'1178977',1616,,2353,42,4,,0
140019,'1179164',1716,,2354,42,4,,0
140019,'1179344',1516,,2355,42,4,,0
140019,'1179352',1016,,2356,42,4,,0
140019,'1179462',1316,,2357,42,4,,0
140019,'1179512',1216,,2358,42,4,,0
140019,'1179518',1116,,2359,42,4,,0
140019,'1179634',1815,,2360,42,4,,0
140029,'1179802',1520,,2370,1,,,0
140029,'1179837',1320,,2371,1,,,0
140029,'1179865',1720,,2372,1,,,0
140029,'1179930',1220,,2373,1,,,0
140029,'1179947',1620,,2374,1,,,0
140029,'1179984',1420,,2375,1,,,0
140029,'1180047',920,,2376,1,,,0
140029,'1180060',1020,,2377,1,,,0
140029,'1180076',1120,,2378,1,,,0
140014019,'1178954',1642,,2725,49,4,,0
140014019,'1178955',1212,,2726,49,4,,0
140014019,'1178974',1042,,2727,49,4,,0
140014019,'1179007',1840,,2728,49,4,,0
140014019,'1179027',1542,,2729,49,4,,0
140014019,'1179052',840,,2730,49,4,,0
140014019,'1179079',812,,2731,49,4,,0
140014019,'1179080',1540,,2732,49,4,,0
140014019,'1179082',912,,2733,49,4,,0
140014019,'1179084',742,,2734,49,4,,0
140014019,'1179111',2242,,2735,49,4,,0
140014019,'1179143',842,,2736,49,4,,0
140014019,'1179200',1312,,2737,49,4,,0
140014019,'1179207',1812,,2738,49,4,,0
140014019,'1179221',1440,,2739,49,4,,0
140014019,'1179271',1242,,2740,49,4,,0
140014019,'1179298',1740,,2741,49,4,,0
140014019,'1179320',1512,,2742,49,4,,0
140014019,'1179323',1040,,2743,49,4,,0
140014019,'1179337',640,,2744,21,4,,0
140014019,'1179350',940,,2745,49,4,,0
140014019,'1179353',1842,,2746,49,4,,0
140014019,'1179366',2040,,2747,49,4,,0
140014019,'1179392',1640,,2748,49,4,,0
140014019,'1179403',1942,,2749,49,4,,0
140014019,'1179417',740,,2750,28,4,,0
140014019,'1179433',1442,,2751,49,4,,0
140014019,'1179443',1012,,2752,49,4,,0
140014019,'1179446',1240,,2753,49,4,,0
140014019,'1179449',1112,,2754,49,4,,0
140014019,'1179493',1142,,2755,49,4,,0
140014019,'1179513',642,,2756,21,4,,0
140014019,'1179524',1742,,2757,49,4,,0
140014019,'1179535',1412,,2758,49,4,,0
140014019,'1179547',1340,,2759,49,4,,0
140014019,'1179550',712,,2760,28,4,,0
140014019,'1179561',1612,,2762,49,4,,0
140014019,'1179577',1342,,2763,49,4,,0
140014019,'1179598',2142,,2764,49,4,,0
140014019,'1179600',2240,,2765,49,4,,0
140014019,'1179608',1940,,2766,49,4,,0
140014019,'1179636',1712,,2767,49,4,,0
140014019,'1179638',942,,2768,49,4,,0
140014019,'1179648',2042,,2769,49,4,,0
140014019,'1179654',2140,,2770,49,4,,0
140014019,'1179662',1140,,2771,49,4,,0
190015019,'1179791',2044,,2973,1,,,0
190015019,'1179793',644,,2974,1,,,0
190015019,'1179804',644,,2975,1,,,0
190015019,'1179812',1044,,2976,1,,,0
190015019,'1179819',744,,2977,1,,,0
190015019,'1179825',1144,,2978,1,,,0
190015019,'1179846',2144,,2979,1,0,12,0
190015019,'1179856',814,,2980,1,,,0
190015019,'1179872',744,,2981,1,,,0
190015019,'1179885',1614,,2982,1,,,0
190015019,'1179887',1344,,2983,1,,,0
190015019,'1179898',1444,,2984,1,,,0
190015019,'1179909',944,,2985,1,,,0
190015019,'1179919',1744,,2986,1,,,0
190015019,'1179920',844,,2987,1,,,0
190015019,'1179923',1414,,2988,1,,,0
190015019,'1179931',2044,,2989,1,,,0
190015019,'1179934',1814,,2990,1,0,12,0
190015019,'1179935',1644,,2991,1,,,0
190015019,'1179940',1114,,2992,1,,,0
190015019,'1179952',1144,,2993,1,,,0
190015019,'1179960',1244,,2994,1,,,0
190015019,'1179961',1444,,2995,1,,,0
190015019,'1179972',2244,,2996,1,0,12,0
190015019,'1179980',1014,,2997,1,,,0
190015019,'1179982',1714,,2998,1,,,0
190015019,'1179992',1514,,2999,1,,,0
190015019,'1179995',1044,,3000,1,,,0
190015019,'1179999',1214,,3001,1,,,0
190015019,'1180013',1844,,3002,1,,,0
190015019,'1180014',1944,,3003,1,,,0
190015019,'1180015',914,,3004,1,,,0
190015019,'1180016',1944,,3005,1,,,0
190015019,'1180021',2244,,3006,1,0,12,0
190015019,'1180026',1844,,3007,1,,,0
190015019,'1180029',944,,3008,1,,,0
190015019,'1180044',1544,,3009,1,,,0
190015019,'1180045',2144,,3010,1,0,12,0
190015019,'1180058',1314,,3011,1,,,0
190015019,'1180059',1644,,3012,1,,,0
190015019,'1180068',1744,,3013,1,,,0
190015019,'1180070',1544,,3014,1,,,0
190015019,'1180075',844,,3015,1,,,0
190015019,'1180077',1244,,3016,1,,,0
190015019,'1180080',714,,3017,1,,,0
190015019,'1180081',1344,,3018,1,,,0
