110029,'1178926',1301,,2248,11,,,0
110029,'1179044',901,,2249,11,,,0
110029,'1179118',1101,,2250,11,,,0
110029,'1179173',1201,,2251,11,,,0
110029,'1179459',1701,,2252,11,,,0
110029,'1179534',1401,,2253,11,,,0
110029,'1179542',1601,,2254,11,,,0
110029,'1179690',1001,,2255,11,,,0
110029,'1179707',1501,,2256,11,,,0
190011019,'1178945',1552,,2848,11,,,0
190011019,'1178950',752,,2849,35,,,0
190011019,'1178970',1922,,2850,35,,,0
190011019,'1179040',2122,,2852,35,,,0
190011019,'1179064',1052,,2853,11,,,0
190011019,'1179145',922,,2854,35,,,0
190011019,'1179146',1152,,2855,11,,,0
190011019,'1179159',1822,,2856,35,,,0
190011019,'1179163',822,,2858,35,,,0
190011019,'1179248',722,,2859,35,,,0
190011019,'1179252',1822,,2860,35,,,0
190011019,'1179276',2022,,2861,35,,,0
190011019,'1179307',722,,2862,35,,,0
190011019,'1179317',1252,,2863,11,,,0
190011019,'1179332',1122,,2864,36,,,0
190011019,'1179340',922,,2865,35,,,0
190011019,'1179367',1752,,2866,35,,,0
190011019,'1179375',1452,,2867,11,,,0
190011019,'1179393',1652,,2868,11,,,0
190011019,'1179394',2222,,2869,35,,,0
190011019,'1179413',1322,,2871,36,,,0
190011019,'1179424',2222,,2872,35,,,0
190011019,'1179426',1422,,2873,36,,,0
190011019,'1179430',1622,,2874,36,,,0
190011019,'1179437',1122,,2875,36,,,0
190011019,'1179438',1622,,2876,36,,,0
190011019,'1179442',1922,,2877,35,,,0
190011019,'1179477',822,,2878,35,,,0
190011019,'1179521',1422,,2879,36,,,0
190011019,'1179528',1222,,2880,36,,,0
190011019,'1179530',652,,2881,11,,,0
190011019,'1179555',2022,,2882,35,,,0
190011019,'1179572',1222,,2883,36,,,0
190011019,'1179590',1522,,2884,36,,,0
190011019,'1179619',1722,,2885,35,,,0
190011019,'1179642',1022,,2886,35,,,0
190011019,'1179650',1322,,2887,36,,,0
190011019,'1179665',622,,2888,14,,,0
190011019,'1179666',852,,2889,35,,,0
190011019,'1179672',1352,,2890,11,,,0
190011019,'1179677',2122,,2891,35,,,0
190011019,'1179678',952,,2892,35,,,0
190011019,'1179688',1722,,2893,35,,,0
190011019,'1179700',1522,,2894,36,,,0
190011019,'1179709',1022,,2895,35,,,0
