190011019,'1178950',720,,2849,10,,,0
190011019,'1178970',1850,,2850,10,,,0
190011019,'1179009',1820,,2851,10,0,8 21,0
190011019,'1179040',2050,,2852,10,,,0
190011019,'1179145',850,,2854,10,,,0
190011019,'1179159',1750,,2856,10,,,0
190011019,'1179162',2245,,2857,10,0,12,0
190011019,'1179163',750,,2858,10,,,0
190011019,'1179248',650,,2859,10,,,0
190011019,'1179252',1750,,2860,10,,,0
190011019,'1179276',1950,,2861,10,,,0
190011019,'1179307',650,,2862,10,,,0
190011019,'1179332',1050,,2864,10,,,0
190011019,'1179340',850,,2865,10,,,0
190011019,'1179367',1720,,2866,10,,,0
190011019,'1179394',2150,,2869,10,,,0
190011019,'1179412',2245,,2870,10,0,12,0
190011019,'1179413',1250,,2871,10,,,0
190011019,'1179424',2150,,2872,10,,,0
190011019,'1179426',1350,,2873,10,,,0
190011019,'1179430',1550,,2874,10,,,0
190011019,'1179437',1050,,2875,10,,,0
190011019,'1179438',1550,,2876,10,,,0
190011019,'1179442',1850,,2877,10,,,0
190011019,'1179477',750,,2878,10,,,0
190011019,'1179521',1350,,2879,10,,,0
190011019,'1179528',1150,,2880,10,,,0
190011019,'1179555',1950,,2882,10,,,0
190011019,'1179572',1150,,2883,10,,,0
190011019,'1179590',1450,,2884,10,,,0
190011019,'1179619',1650,,2885,10,,,0
190011019,'1179642',950,,2886,10,,,0
190011019,'1179650',1250,,2887,10,,,0
190011019,'1179666',820,,2889,10,,,0
190011019,'1179677',2050,,2891,10,,,0
190011019,'1179678',920,,2892,10,,,0
190011019,'1179688',1650,,2893,10,,,0
190011019,'1179700',1450,,2894,10,,,0
190011019,'1179709',950,,2895,10,,,0
