110019,'1178947',943,,2239,21,,,0
110019,'1178964',1443,,2240,21,,,0
110019,'1178973',1743,,2241,21,,,0
110019,'1179028',1543,,2242,21,,,0
110019,'1179105',1643,,2243,21,,,0
110019,'1179114',1043,,2244,21,,,0
110019,'1179176',1243,,2245,21,,,0
110019,'1179184',1343,,2246,21,,,0
110019,'1179290',1143,,2247,21,,,0
140010019,'1178914',1123,,2633,23,0,8 21,0
140010019,'1178921',1453,,2634,23,,,0
140010019,'1178922',953,,2635,24,,,0
140010019,'1178936',723,,2636,23,,,0
140010019,'1178946',2253,,2637,23,0,8 21,0
140010019,'1178979',1053,,2638,24,,,0
140010019,'1179012',753,,2639,24,,,0
140010019,'1179037',1953,,2640,23,,,0
140010019,'1179103',1553,,2641,24,,,0
140010019,'1179122',1323,,2642,23,0,8 21,0
140010019,'1179131',1153,,2643,23,,,0
140010019,'1179140',2153,,2644,23,,,0
140010019,'1179147',923,,2645,23,0,8 21,0
140010019,'1179157',653,,2646,23,,,0
140010019,'1179167',1053,,2647,23,,,0
140010019,'1179178',1753,,2648,24,,,0
140010019,'1179180',2153,,2649,24,,,0
140010019,'1179188',1453,,2650,24,,,0
140010019,'1179217',1953,,2651,24,,,0
140010019,'1179232',1523,,2652,23,0,8 21,0
140010019,'1179251',1623,,2653,23,,,0
140010019,'1179253',823,,2654,23,,,0
140010019,'1179268',1723,,2655,23,,,0
140010019,'1179270',1653,,2656,24,,,0
140010019,'1179336',853,,2658,23,,,0
140010019,'1179347',753,,2659,23,,,0
140010019,'1179361',2053,,2660,23,,,0
140010019,'1179396',2053,,2661,24,,,0
140010019,'1179408',2253,,2662,24,0,8 21,0
140010019,'1179415',1153,,2663,24,,,0
140010019,'1179445',1353,,2664,23,,,0
140010019,'1179452',1753,,2665,23,,,0
140010019,'1179453',1353,,2666,24,,,0
140010019,'1179479',1253,,2667,23,,,0
140010019,'1179483',1223,,2668,23,0,8 21,0
140010019,'1179494',1653,,2669,23,,,0
140010019,'1179496',1553,,2670,23,,,0
140010019,'1179498',1423,,2671,23,0,8 21,0
140010019,'1179544',1853,,2672,23,,,0
140010019,'1179548',1023,,2673,23,0,8 21,0
140010019,'1179613',1853,,2674,24,,,0
140010019,'1179620',853,,2675,24,,,0
140010019,'1179629',1823,,2676,23,0,8 21,0
140010019,'1179659',1253,,2677,24,,,0
140010019,'1179692',953,,2678,23,,,0
