110019,201315,1,0,0
110019,2075,2,0,0
110019,2076,3,0,0
110019,2078,4,0,0
110019,2079,5,0,0
110019,2080,6,0,0
110019,7028,7,0,0
110019,2083,8,0,0
110019,2085,9,0,0
110019,2086,10,0,0
110019,7033,11,0,0
110019,2093,12,0,0
110019,2087,13,0,0
110019,2088,14,0,0
110019,2089,15,0,0
110019,2090,16,0,0
110019,2092,17,0,0
110019,2084,18,0,0
110019,2094,19,0,0
110019,2095,20,0,0
110019,2096,21,0,0
110019,2097,22,0,0
110019,2082,23,0,0
110019,6103,24,0,0
110019,2098,25,0,0
110019,2100,26,0,0
110019,2101,27,0,0
110019,2103,28,0,0
110019,6104,29,0,0
110019,6105,30,0,0
110019,10001,31,0,0
110019,1000,32,1,1
110029,1000,1,0,0
110029,2041,2,0,0
110029,2065,3,0,0
110029,2042,4,0,0
110029,2046,5,0,0
110029,2047,6,0,0
110029,2077,7,0,0
110029,2081,8,0,0
110029,2050,9,0,0
110029,2051,10,0,0
110029,2052,11,0,0
110029,2053,12,0,0
110029,1146,13,0,0
110029,2056,14,0,0
110029,2057,15,0,0
110029,2058,16,0,0
110029,2059,17,0,0
110029,7031,18,0,0
110029,2060,19,0,0
110029,2061,20,0,0
110029,2063,21,0,0
110029,2064,22,0,0
110029,2066,23,0,0
110029,2067,24,0,0
110029,2068,25,0,0
110029,2069,26,0,0
110029,2070,27,0,0
110029,2071,28,0,0
110029,2072,29,0,0
110029,2073,30,0,0
110029,2074,31,0,0
110029,201316,32,0,0
110029,201315,33,1,1
116019,2074,1,0,0
116019,201316,2,0,0
116019,201312,3,0,0
116019,201314,4,0,0
116019,201307,5,0,0
116019,3050,6,0,0
116019,3051,7,0,0
116019,3049,8,0,0
116019,3053,9,0,0
116019,3054,10,0,0
116019,3056,11,0,0
116019,2090,12,0,0
116019,2092,13,0,0
116019,2084,14,0,0
116019,3016,15,0,0
116019,201338,16,0,0
116019,201334,17,0,0
116019,201332,18,0,0
116019,201331,19,0,0
116019,201330,20,0,0
116019,201329,21,0,0
116019,201328,22,0,0
116019,986,23,0,0
116019,201326,24,0,0
116019,201325,25,0,0
116019,201324,26,0,0
116019,201323,27,0,0
116019,6101,28,0,0
116019,6103,29,0,0
116019,2098,30,0,0
116019,2059,31,0,0
116019,7031,32,0,0
116019,2060,33,0,0
116019,3063,34,0,0
116019,3064,35,0,0
116019,3067,36,0,0
116019,10001,37,0,0
116019,1000,38,1,1
120019,1001,1,0,0
120019,1002,2,0,0
120019,9010,3,0,0
120019,201320,4,0,0
120019,1003,5,0,0
120019,1004,6,0,0
120019,1005,7,0,0
120019,1006,8,0,0
120019,1008,9,0,0
120019,1010,10,0,0
120019,1012,11,0,0
120019,1013,12,0,0
120019,1014,13,0,0
120019,1016,14,0,0
120019,1018,15,0,0
120019,1020,16,0,0
120019,1021,17,0,0
120019,1142,18,0,0
120019,201353,19,0,0
120019,2027,20,0,0
120019,2062,21,0,0
120019,2031,22,0,0
120019,2106,23,0,0
120019,2104,24,0,0
120019,4054,25,0,0
120019,4055,26,0,0
120019,4058,27,0,0
120019,4060,28,0,0
120019,4061,29,0,0
120019,4062,30,0,0
120019,4063,31,0,0
120019,4064,32,0,0
120019,4065,33,0,0
120019,4067,34,0,0
120019,4068,35,0,0
120019,4069,36,0,0
120019,4070,37,0,0
120019,4071,38,0,0
120019,4072,39,0,0
120019,4074,40,0,0
120019,4076,41,0,0
120019,8023,42,0,0
120019,10005,43,0,0
120019,10007,44,0,0
120019,10006,45,0,0
120019,4081,46,0,0
120019,4083,47,0,0
120019,8021,48,0,0
120019,4084,49,0,0
120019,4085,50,0,0
120019,4088,51,0,0
120019,4090,52,0,0
120019,4000,53,1,1
120029,4000,1,0,0
120029,4001,2,0,0
120029,4003,3,0,0
120029,4006,4,0,0
120029,201351,5,0,0
120029,8022,6,0,0
120029,4008,7,0,0
120029,4010,8,0,0
120029,4011,9,0,0
120029,4012,10,0,0
120029,4013,11,0,0
120029,4016,12,0,0
120029,4018,13,0,0
120029,4020,14,0,0
120029,4021,15,0,0
120029,7003,16,0,0
120029,4023,17,0,0
120029,4024,18,0,0
120029,4025,19,0,0
120029,4026,20,0,0
120029,4027,21,0,0
120029,4028,22,0,0
120029,7004,23,0,0
120029,4029,24,0,0
120029,4030,25,0,0
120029,4032,26,0,0
120029,4035,27,0,0
120029,4036,28,0,0
120029,2036,29,0,0
120029,2037,30,0,0
120029,2112,31,0,0
120029,2115,32,0,0
120029,201353,33,0,0
120029,1121,34,0,0
120029,7008,35,0,0
120029,1124,36,0,0
120029,1126,37,0,0
120029,1128,38,0,0
120029,1129,39,0,0
120029,1130,40,0,0
120029,1131,41,0,0
120029,1135,42,0,0
120029,1137,43,0,0
120029,1138,44,0,0
120029,1140,45,0,0
120029,1141,46,0,0
120029,1001,47,1,1
130019,2074,1,0,0
130019,5040,2,0,0
130019,8005,3,0,0
130019,1071,4,0,0
130019,1072,5,0,0
130019,1075,6,0,0
130019,1076,7,0,0
130019,1078,8,0,0
130019,1079,9,0,0
130019,1081,10,0,0
130019,1083,11,0,0
130019,1085,12,0,0
130019,1087,13,0,0
130019,1088,14,0,0
130019,1089,15,0,0
130019,1092,16,0,0
130019,1093,17,0,0
130019,1094,18,0,0
130019,1096,19,0,0
130019,1097,20,0,0
130019,1098,21,0,0
130019,4038,22,0,0
130019,1000,23,1,1
130029,1000,1,0,0
130029,10001,2,0,0
130029,1101,3,0,0
130029,4037,4,0,0
130029,6001,5,0,0
130029,1039,6,0,0
130029,6003,7,0,0
130029,6004,8,0,0
130029,1044,9,0,0
130029,1046,10,0,0
130029,1048,11,0,0
130029,1049,12,0,0
130029,1051,13,0,0
130029,1052,14,0,0
130029,1054,15,0,0
130029,1056,16,0,0
130029,1057,17,0,0
130029,1059,18,0,0
130029,1060,19,0,0
130029,7019,20,0,0
130029,1062,21,0,0
130029,1063,22,0,0
130029,1065,23,0,0
130029,1066,24,0,0
130029,1070,25,0,0
130029,7021,26,0,0
130029,2072,27,0,0
130029,2073,28,0,0
130029,2074,29,1,1
140019,2001,1,0,0
140019,2039,2,0,0
140019,2139,3,0,0
140019,2054,4,0,0
140019,2007,5,0,0
140019,2008,6,0,0
140019,2011,7,0,0
140019,2012,8,0,0
140019,2013,9,0,0
140019,2020,10,0,0
140019,2022,11,0,0
140019,2024,12,0,0
140019,2025,13,0,0
140019,201353,14,0,0
140019,1024,15,0,0
140019,1143,16,0,0
140019,1026,17,0,0
140019,1029,18,0,0
140019,1030,19,0,0
140019,1144,20,0,0
140019,1031,21,0,0
140019,1032,22,0,0
140019,1033,23,0,0
140019,1034,24,0,0
140019,1036,25,0,0
140019,1038,26,0,0
140019,2106,27,0,0
140019,2104,28,0,0
140019,4054,29,0,0
140019,9011,30,0,0
140019,5079,31,0,0
140019,5080,32,0,0
140019,5082,33,0,0
140019,1203,34,0,0
140019,5085,35,0,0
140019,5092,36,0,0
140019,5095,37,0,0
140019,5097,38,0,0
140019,5006,39,0,0
140019,5099,40,0,0
140019,5102,41,0,0
140019,5104,42,1,1
140029,5104,1,0,0
140029,5002,2,0,0
140029,5003,3,0,0
140029,201350,4,0,0
140029,5017,5,0,0
140029,5018,6,0,0
140029,5020,7,0,0
140029,5022,8,0,0
140029,5024,9,0,0
140029,5025,10,0,0
140029,5026,11,0,0
140029,4091,12,0,0
140029,4036,13,0,0
140029,2036,14,0,0
140029,2037,15,0,0
140029,1102,16,0,0
140029,1104,17,0,0
140029,1106,18,0,0
140029,201319,19,0,0
140029,1110,20,0,0
140029,1111,21,0,0
140029,1112,22,0,0
140029,1113,23,0,0
140029,1114,24,0,0
140029,1116,25,0,0
140029,1117,26,0,0
140029,1119,27,0,0
140029,201353,28,0,0
140029,2117,29,0,0
140029,2118,30,0,0
140029,2120,31,0,0
140029,2122,32,0,0
140029,2125,33,0,0
140029,2128,34,0,0
140029,2130,35,0,0
140029,2131,36,0,0
140029,2133,37,0,0
140029,2134,38,0,0
140029,2138,39,0,0
140029,2040,40,0,0
140029,2141,41,0,0
140029,2001,42,1,1
150019,2074,1,0,0
150019,2075,2,0,0
150019,2076,3,0,0
150019,5068,4,0,0
150019,5069,5,0,0
150019,5070,6,0,0
150019,5072,7,0,0
150019,5074,8,0,0
150019,1201,9,0,0
150019,5075,10,0,0
150019,5077,11,0,0
150019,1000,12,1,1
150029,1000,1,0,0
150029,10001,2,0,0
150029,5028,3,0,0
150029,5031,4,0,0
150029,5032,5,0,0
150029,5039,6,0,0
150029,5034,7,0,0
150029,5036,8,0,0
150029,5050,9,0,0
150029,5051,10,0,0
150029,1072,11,0,0
150029,5041,12,0,0
150029,9006,13,0,0
150029,5044,14,0,0
150029,2509,15,0,0
150029,2511,16,0,0
150029,2513,17,0,0
150029,2514,18,0,0
150029,5054,19,0,0
150029,5055,20,0,0
150029,9008,21,0,0
150029,5046,22,0,0
150029,5047,23,0,0
150029,5048,24,0,0
150029,10010,25,0,0
150029,5105,26,0,0
150029,5060,27,0,0
150029,7017,28,0,0
150029,5062,29,0,0
150029,5063,30,0,0
150029,9007,31,0,0
150029,5065,32,0,0
150029,1063,33,0,0
150029,1065,34,0,0
150029,1066,35,0,0
150029,1070,36,0,0
150029,7021,37,0,0
150029,2072,38,0,0
150029,2073,39,0,0
150029,2074,40,1,1
160019,201315,1,0,0
160019,201316,2,0,0
160019,201312,3,0,0
160019,201314,4,0,0
160019,201307,5,0,0
160019,3050,6,0,0
160019,3051,7,0,0
160019,3049,8,0,0
160019,3053,9,0,0
160019,3054,10,0,0
160019,3056,11,0,0
160019,2090,12,0,0
160019,2092,13,0,0
160019,2084,14,0,0
160019,2094,15,0,0
160019,3016,16,0,0
160019,201338,17,0,0
160019,201334,18,0,0
160019,201332,19,0,0
160019,201331,20,0,0
160019,201330,21,0,0
160019,201329,22,0,0
160019,201325,23,0,0
160019,201324,24,0,0
160019,201323,25,0,0
160019,6101,26,0,0
160019,6103,27,0,0
160019,2098,28,0,0
160019,2059,29,0,0
160019,7031,30,0,0
160019,2060,31,0,0
160019,3063,32,0,0
160019,3064,33,0,0
160019,3067,34,0,0
160019,10001,35,0,0
160019,1000,36,1,1
160029,1000,1,0,0
160029,3001,2,0,0
160029,3004,3,0,0
160029,3005,4,0,0
160029,2086,5,0,0
160029,7033,6,0,0
160029,2093,7,0,0
160029,2047,8,0,0
160029,2077,9,0,0
160029,6054,10,0,0
160029,201352,11,0,0
160029,201322,12,0,0
160029,3021,13,0,0
160029,3022,14,0,0
160029,3027,15,0,0
160029,3028,16,0,0
160029,3029,17,0,0
160029,3030,18,0,0
160029,201336,19,0,0
160029,201340,20,0,0
160029,3034,21,0,0
160029,2053,22,0,0
160029,1146,23,0,0
160029,2056,24,0,0
160029,3041,25,0,0
160029,3043,26,0,0
160029,3044,27,0,0
160029,3046,28,0,0
160029,3047,29,0,0
160029,201306,30,0,0
160029,201308,31,0,0
160029,201311,32,0,0
160029,201313,33,0,0
160029,201315,34,1,1
200019,201315,1,0,0
200019,2075,2,0,0
200019,2076,3,0,0
200019,4046,4,0,0
200019,10016,5,0,0
200019,4048,6,0,0
200019,4049,7,0,0
200019,7024,8,0,0
200019,1600,9,0,0
200019,201301,10,0,0
200019,7025,11,0,0
200019,1601,12,0,0
200019,201305,13,0,0
200019,4051,14,0,0
200019,4053,15,0,0
200019,6104,16,0,0
200019,6105,17,0,0
200019,10001,18,0,0
200019,1000,19,0,0
200019,1101,20,0,0
200019,2106,21,0,0
200019,2104,22,0,0
200019,4054,23,0,0
200019,4092,24,0,0
200019,4094,25,0,0
200019,4095,26,0,0
200019,4096,27,0,0
200019,4098,28,0,0
200019,4099,29,0,0
200019,201346,30,1,1
200029,201346,1,0,0
200029,5000,2,0,0
200029,201345,3,0,0
200029,201344,4,0,0
200029,201342,5,0,0
200029,201341,6,0,0
200029,2107,7,0,0
200029,1200,8,0,0
200029,4036,9,0,0
200029,2036,10,0,0
200029,2037,11,0,0
200029,1000,12,0,0
200029,2041,13,0,0
200029,2065,14,0,0
200029,1204,15,0,0
200029,4040,16,0,0
200029,201304,17,0,0
200029,201303,18,0,0
200029,10004,19,0,0
200029,201302,20,0,0
200029,7023,21,0,0
200029,4042,22,0,0
200029,4043,23,0,0
200029,10016,24,0,0
200029,4045,25,0,0
200029,2071,26,0,0
200029,2072,27,0,0
200029,2073,28,0,0
200029,2074,29,0,0
200029,201316,30,0,0
200029,201315,31,1,1
216019,1000,1,0,0
216019,3001,2,0,0
216019,3004,3,0,0
216019,3005,4,0,0
216019,2086,5,0,0
216019,7033,6,0,0
216019,2093,7,0,0
216019,2047,8,0,0
216019,2077,9,0,0
216019,6054,10,0,0
216019,201352,11,0,0
216019,201322,12,0,0
216019,3021,13,0,0
216019,3022,14,0,0
216019,3023,15,0,0
216019,986,16,0,0
216019,3025,17,0,0
216019,3027,18,0,0
216019,3028,19,0,0
216019,3029,20,0,0
216019,3030,21,0,0
216019,201336,22,0,0
216019,201340,23,0,0
216019,3034,24,0,0
216019,2053,25,0,0
216019,1146,26,0,0
216019,2056,27,0,0
216019,3041,28,0,0
216019,3043,29,0,0
216019,3044,30,0,0
216019,3046,31,0,0
216019,3047,32,0,0
216019,201306,33,0,0
216019,201308,34,0,0
216019,201311,35,0,0
216019,201313,36,0,0
216019,201315,37,1,1
300019,1000,1,0,0
300019,10004,2,0,0
300019,7025,3,0,0
300019,1039,5,0,0
300019,6003,6,0,0
300019,6004,7,0,0
300019,2503,8,0,0
300019,2505,9,0,0
300019,2507,10,0,0
300019,2509,11,0,0
300019,2511,12,0,0
300019,2513,13,0,0
300019,2514,14,0,0
300019,5063,15,0,0
300019,9007,16,0,0
300019,5065,17,0,0
300019,1063,18,0,0
300019,1065,19,0,0
300019,1066,20,0,0
300019,1070,21,0,0
300019,7021,22,0,0
300019,2074,23,0,0
300019,201315,24,0,0
300019,10016,25,0,0
300019,5040,26,0,0
300019,8005,27,0,0
300019,1071,28,0,0
300019,1072,29,0,0
300019,5041,30,0,0
300019,9006,31,0,0
300019,5044,32,0,0
300019,2508,33,0,0
300019,2506,34,0,0
300019,2504,35,0,0
300019,1096,36,0,0
300019,1097,37,0,0
300019,1098,38,0,0
140010019,2074,1,0,0
140010019,201316,2,0,0
140010019,201315,3,0,0
140010019,2075,4,0,0
140010019,2076,5,0,0
140010019,2078,6,0,0
140010019,2079,7,0,0
140010019,2080,8,0,0
140010019,7028,9,0,0
140010019,2083,10,0,0
140010019,2085,11,0,0
140010019,2086,12,0,0
140010019,7033,13,0,0
140010019,2093,14,0,0
140010019,2087,15,0,0
140010019,2088,16,0,0
140010019,2089,17,0,0
140010019,2090,18,0,0
140010019,2092,19,0,0
140010019,2084,20,0,0
140010019,2094,21,0,0
140010019,2095,22,0,0
140010019,2096,23,0,0
140010019,2097,24,0,0
140010019,2082,25,0,0
140010019,6103,26,0,0
140010019,2098,27,0,0
140010019,2100,28,0,0
140010019,2101,29,0,0
140010019,2103,30,0,0
140010019,6104,31,0,0
140010019,6105,32,0,0
140010019,10001,33,0,0
140010019,1000,34,0,0
140010019,1101,35,0,0
140010019,2106,36,0,0
140010019,2104,37,0,0
140010019,2108,38,0,0
140010019,2109,39,0,0
140010019,2110,40,0,0
140010019,2112,41,0,0
140010019,2115,42,0,0
140010019,201353,43,0,0
140010019,2117,44,0,0
140010019,2118,45,0,0
140010019,2120,46,0,0
140010019,2122,47,0,0
140010019,2125,48,0,0
140010019,2128,49,0,0
140010019,2130,50,0,0
140010019,2131,51,0,0
140010019,2133,52,0,0
140010019,2134,53,0,0
140010019,2138,54,0,0
140010019,2040,55,0,0
140010019,2141,56,0,0
140010019,2001,57,1,1
140012019,2074,1,0,0
140012019,5040,2,0,0
140012019,8005,3,0,0
140012019,1071,4,0,0
140012019,1072,5,0,0
140012019,1075,6,0,0
140012019,1076,7,0,0
140012019,1078,8,0,0
140012019,1079,9,0,0
140012019,1081,10,0,0
140012019,1083,11,0,0
140012019,1085,12,0,0
140012019,1087,13,0,0
140012019,1088,14,0,0
140012019,1089,15,0,0
140012019,1092,16,0,0
140012019,1093,17,0,0
140012019,1094,18,0,0
140012019,1096,19,0,0
140012019,1097,20,0,0
140012019,1098,21,0,0
140012019,4038,22,0,0
140012019,1000,23,0,0
140012019,10001,24,0,0
140012019,1101,25,0,0
140012019,1102,26,0,0
140012019,1104,27,0,0
140012019,1106,28,0,0
140012019,201319,29,0,0
140012019,1110,30,0,0
140012019,1111,31,0,0
140012019,1112,32,0,0
140012019,1113,33,0,0
140012019,1114,34,0,0
140012019,1116,35,0,0
140012019,1117,36,0,0
140012019,1119,37,0,0
140012019,1121,38,0,0
140012019,7008,39,0,0
140012019,1124,40,0,0
140012019,1126,41,0,0
140012019,1128,42,0,0
140012019,1129,43,0,0
140012019,1130,44,0,0
140012019,1131,45,0,0
140012019,1133,46,0,0
140012019,1135,47,0,0
140012019,1137,48,0,0
140012019,1138,49,0,0
140012019,1139,50,0,0
140012019,1140,51,0,0
140012019,1141,52,0,0
140012019,1001,53,1,1
140014019,10010,1,0,0
140014019,5105,2,0,0
140014019,5060,3,0,0
140014019,7017,4,0,0
140014019,5062,5,0,0
140014019,5063,6,0,0
140014019,9007,7,0,0
140014019,5065,8,0,0
140014019,1063,9,0,0
140014019,1065,10,0,0
140014019,1066,11,0,0
140014019,1070,12,0,0
140014019,7021,13,0,0
140014019,5068,14,0,0
140014019,5069,15,0,0
140014019,5070,16,0,0
140014019,5072,17,0,0
140014019,5074,18,0,0
140014019,1201,19,0,0
140014019,5075,20,0,0
140014019,5077,21,0,0
140014019,1000,22,0,0
140014019,10001,23,0,0
140014019,1101,24,0,0
140014019,2106,25,0,0
140014019,201321,26,0,0
140014019,201348,27,0,0
140014019,201347,28,0,0
140014019,201346,29,0,0
140014019,5000,30,0,0
140014019,201345,31,0,0
140014019,201344,32,0,0
140014019,201342,33,0,0
140014019,201341,34,0,0
140014019,2107,35,0,0
140014019,1200,36,0,0
140014019,5079,37,0,0
140014019,5080,38,0,0
140014019,5082,39,0,0
140014019,1203,40,0,0
140014019,5085,41,0,0
140014019,5092,42,0,0
140014019,5095,43,0,0
140014019,5097,44,0,0
140014019,5006,45,0,0
140014019,5099,46,0,0
140014019,5102,47,0,0
140014019,5104,48,1,1
140016019,201315,1,0,0
140016019,10003,2,0,0
140016019,201318,3,0,0
140016019,2075,4,0,0
140016019,2076,5,0,0
140016019,4046,6,0,0
140016019,10016,7,0,0
140016019,4048,8,0,0
140016019,4049,9,0,0
140016019,7024,10,0,0
140016019,1600,11,0,0
140016019,201301,12,0,0
140016019,7025,13,0,0
140016019,1601,14,0,0
140016019,201305,15,0,0
140016019,4051,16,0,0
140016019,4053,17,0,0
140016019,6104,18,0,0
140016019,6105,19,0,0
140016019,10001,20,0,0
140016019,1000,21,0,0
140016019,1101,22,0,0
140016019,2106,23,0,0
140016019,2104,24,0,0
140016019,4054,25,0,0
140016019,4055,26,0,0
140016019,4058,27,0,0
140016019,4060,28,0,0
140016019,4061,29,0,0
140016019,4062,30,0,0
140016019,4063,31,0,0
140016019,4064,32,0,0
140016019,4065,33,0,0
140016019,4067,34,0,0
140016019,4068,35,0,0
140016019,4069,36,0,0
140016019,4070,37,0,0
140016019,4071,38,0,0
140016019,4072,39,0,0
140016019,4074,40,0,0
140016019,4076,41,0,0
140016019,8023,42,0,0
140016019,10005,43,0,0
140016019,10007,44,0,0
140016019,10006,45,0,0
140016019,4081,46,0,0
140016019,4083,47,0,0
140016019,8021,48,0,0
140016019,4084,49,0,0
140016019,4085,50,0,0
140016019,4088,51,0,0
140016019,4090,52,0,0
140016019,4000,53,1,1
190011019,2001,1,0,0
190011019,2039,2,0,0
190011019,2139,3,0,0
190011019,2054,4,0,0
190011019,2007,5,0,0
190011019,2008,6,0,0
190011019,2011,7,0,0
190011019,2012,8,0,0
190011019,2013,9,0,0
190011019,2016,10,0,0
190011019,2020,11,0,0
190011019,2022,12,0,0
190011019,2024,13,0,0
190011019,2025,14,0,0
190011019,201353,15,0,0
190011019,2027,16,0,0
190011019,2062,17,0,0
190011019,2031,18,0,0
190011019,2033,19,0,0
190011019,2034,20,0,0
190011019,2035,21,0,0
190011019,2036,22,0,0
190011019,2037,23,0,0
190011019,4037,24,0,0
190011019,4038,25,0,0
190011019,1000,26,0,0
190011019,2041,27,0,0
190011019,2065,28,0,0
190011019,2042,29,0,0
190011019,2046,30,0,0
190011019,2047,31,0,0
190011019,2077,32,0,0
190011019,2081,33,0,0
190011019,2050,34,0,0
190011019,2051,35,0,0
190011019,2052,36,0,0
190011019,2053,37,0,0
190011019,1146,38,0,0
190011019,2056,39,0,0
190011019,2057,40,0,0
190011019,2058,41,0,0
190011019,2059,42,0,0
190011019,7031,43,0,0
190011019,2060,44,0,0
190011019,2061,45,0,0
190011019,2063,46,0,0
190011019,2064,47,0,0
190011019,2066,48,0,0
190011019,2067,49,0,0
190011019,2068,50,0,0
190011019,2069,51,0,0
190011019,2070,52,0,0
190011019,2071,53,0,0
190011019,2072,54,0,0
190011019,2073,55,0,0
190011019,2074,56,1,1
190013019,1001,1,0,0
190013019,1002,2,0,0
190013019,9010,3,0,0
190013019,201320,4,0,0
190013019,1003,5,0,0
190013019,1004,6,0,0
190013019,1005,7,0,0
190013019,1006,8,0,0
190013019,1008,9,0,0
190013019,1010,10,0,0
190013019,1012,11,0,0
190013019,1013,12,0,0
190013019,1014,13,0,0
190013019,1016,14,0,0
190013019,1018,15,0,0
190013019,1020,16,0,0
190013019,1021,17,0,0
190013019,1142,18,0,0
190013019,1024,19,0,0
190013019,1143,20,0,0
190013019,1026,21,0,0
190013019,1029,22,0,0
190013019,1030,23,0,0
190013019,1144,24,0,0
190013019,1031,25,0,0
190013019,1032,26,0,0
190013019,1033,27,0,0
190013019,1034,28,0,0
190013019,1036,29,0,0
190013019,1038,30,0,0
190013019,4037,31,0,0
190013019,4038,32,0,0
190013019,1000,33,0,0
190013019,10001,34,0,0
190013019,1101,35,0,0
190013019,6001,36,0,0
190013019,1039,37,0,0
190013019,6003,38,0,0
190013019,6004,39,0,0
190013019,1044,40,0,0
190013019,1046,41,0,0
190013019,1048,42,0,0
190013019,1049,43,0,0
190013019,1051,44,0,0
190013019,1052,45,0,0
190013019,1054,46,0,0
190013019,1056,47,0,0
190013019,1057,48,0,0
190013019,1059,49,0,0
190013019,1060,50,0,0
190013019,7019,51,0,0
190013019,1062,52,0,0
190013019,1063,53,0,0
190013019,1065,54,0,0
190013019,1066,55,0,0
190013019,1070,56,0,0
190013019,7021,57,0,0
190013019,2072,58,0,0
190013019,2073,59,0,0
190013019,2074,60,1,1
190015019,5104,1,0,0
190015019,5003,2,0,0
190015019,201350,3,0,0
190015019,5017,4,0,0
190015019,5018,5,0,0
190015019,5020,6,0,0
190015019,5022,7,0,0
190015019,5024,8,0,0
190015019,5025,9,0,0
190015019,5026,10,0,0
190015019,4091,11,0,0
190015019,4092,12,0,0
190015019,4094,13,0,0
190015019,4095,14,0,0
190015019,4096,15,0,0
190015019,4098,16,0,0
190015019,4099,17,0,0
190015019,201346,18,0,0
190015019,5000,19,0,0
190015019,5001,20,0,0
190015019,5007,21,0,0
190015019,201349,22,0,0
190015019,2037,23,0,0
190015019,4037,24,0,0
190015019,4038,25,0,0
190015019,1000,26,0,0
190015019,10001,27,0,0
190015019,5028,28,0,0
190015019,5031,29,0,0
190015019,5032,30,0,0
190015019,5039,31,0,0
190015019,5034,32,0,0
190015019,5036,33,0,0
190015019,5050,34,0,0
190015019,5051,35,0,0
190015019,1072,36,0,0
190015019,5041,37,0,0
190015019,9006,38,0,0
190015019,5044,39,0,0
190015019,5054,40,0,0
190015019,9008,41,0,0
190015019,5046,42,0,0
190015019,5047,43,0,0
190015019,5048,44,0,0
190015019,10010,45,1,1
190017019,4000,1,0,0
190017019,4001,2,0,0
190017019,4003,3,0,0
190017019,4006,4,0,0
190017019,201351,5,0,0
190017019,8022,6,0,0
190017019,4008,7,0,0
190017019,4010,8,0,0
190017019,4011,9,0,0
190017019,4012,10,0,0
190017019,4013,11,0,0
190017019,4016,12,0,0
190017019,4018,13,0,0
190017019,4020,14,0,0
190017019,4021,15,0,0
190017019,7003,16,0,0
190017019,4022,17,0,0
190017019,4023,18,0,0
190017019,4024,19,0,0
190017019,4025,20,0,0
190017019,4026,21,0,0
190017019,4027,22,0,0
190017019,4028,23,0,0
190017019,7004,24,0,0
190017019,4029,25,0,0
190017019,4030,26,0,0
190017019,4032,27,0,0
190017019,4035,28,0,0
190017019,4036,29,0,0
190017019,2036,30,0,0
190017019,2037,31,0,0
190017019,4037,32,0,0
190017019,4038,33,0,0
190017019,1000,34,0,0
190017019,2041,35,0,0
190017019,2065,36,0,0
190017019,1204,37,0,0
190017019,4040,38,0,0
190017019,201304,39,0,0
190017019,201303,40,0,0
190017019,10004,41,0,0
190017019,201302,42,0,0
190017019,7023,43,0,0
190017019,4042,44,0,0
190017019,4043,45,0,0
190017019,10016,46,0,0
190017019,4045,47,0,0
190017019,2071,48,0,0
190017019,2072,49,0,0
190017019,2073,50,0,0
190017019,2074,51,1,1
