110019,'1175771',1441,,1461,18,,,0
110019,'1175802',1741,,1462,18,,,0
110019,'1176133',1641,,1468,18,,,0
110019,'1176140',1041,,1469,18,,,0
110019,'1176188',1241,,1470,18,,,0
110019,'1176403',1141,,1472,18,,,0
110019,'1176448',941,,1473,18,,,0
110019,'1176583',1541,,1474,18,,,0
110019,'1176618',1341,,1475,18,,,0
116019,'1175732',1546,,1479,14,,,0
116019,'1175756',1346,,1480,14,,,0
116019,'1175773',2046,,1481,14,,,0
116019,'1175832',1816,,1482,14,,,0
116019,'1175918',1646,,1486,14,,,0
116019,'1175942',1746,,1487,14,,,0
116019,'1175949',1716,,1488,14,,,0
116019,'1175954',946,,1489,14,,,0
116019,'1175970',1146,,1491,14,,,0
116019,'1176137',1846,,1495,14,,,0
116019,'1176239',1246,,1497,14,,,0
116019,'1176240',746,,1498,14,,,0
116019,'1176243',646,,1499,14,,,0
116019,'1176254',816,,1500,14,,,0
116019,'1176276',846,,1502,14,,,0
116019,'1176432',716,,1503,14,,,0
116019,'1176433',1616,,1504,14,,,0
116019,'1176442',916,,1505,14,,,0
116019,'1176630',2146,,1509,14,,,0
116019,'1176639',1946,,1510,14,,,0
116019,'1176641',1046,,1511,14,,,0
116019,'1176685',1446,,1514,14,,,0
116019,'1178927',1046,,2202,14,,,0
116019,'1178944',1446,,2203,14,,,0
116019,'1178984',2046,,2204,14,,,0
116019,'1178985',1546,,2205,14,,,0
116019,'1178993',1716,,2206,14,,,0
116019,'1179002',2046,,2207,14,,,0
116019,'1179004',846,,2208,14,,,0
116019,'1179020',1646,,2209,14,,,0
116019,'1179022',1646,,2210,14,,,0
116019,'1179025',1346,,2211,14,,,0
116019,'1179035',946,,2212,14,,,0
116019,'1179036',716,,2213,14,,,0
116019,'1179045',1946,,2214,14,,,0
116019,'1179090',2146,,2215,14,,,0
116019,'1179113',746,,2216,14,,,0
116019,'1179119',646,,2217,14,,,0
116019,'1179186',2146,,2218,14,,,0
116019,'1179192',1846,,2219,14,,,0
116019,'1179204',1846,,2220,14,,,0
116019,'1179214',916,,2221,14,,,0
116019,'1179218',1946,,2222,14,,,0
116019,'1179231',1346,,2223,14,,,0
116019,'1179239',846,,2224,14,,,0
116019,'1179249',1446,,2225,14,,,0
116019,'1179326',1146,,2226,14,,,0
116019,'1179334',1246,,2227,14,,,0
116019,'1179487',1746,,2228,14,,,0
116019,'1179497',1246,,2229,14,,,0
116019,'1179505',1616,,2230,14,,,0
116019,'1179506',1146,,2231,14,,,0
116019,'1179514',1816,,2232,14,,,0
116019,'1179540',1546,,2233,14,,,0
116019,'1179564',1046,,2234,14,,,0
116019,'1179589',946,,2235,14,,,0
116019,'1179630',1746,,2236,14,,,0
116019,'1179645',746,,2237,14,,,0
116019,'1179711',816,,2238,14,,,0
160019,'1175859',1238,,1588,14,,,0
160019,'1176087',1338,,1589,14,,,0
160019,'1176112',1438,,1590,14,,,0
160019,'1176128',1738,,1591,14,,,0
160019,'1176235',1038,,1593,14,,,0
160019,'1176236',1638,,1594,14,,,0
160019,'1176410',1538,,1599,14,,,0
160019,'1176572',938,,1602,14,,,0
160019,'1176585',1138,,1603,14,,,0
140010019,'1175755',851,,1743,20,,,0
140010019,'1175787',1751,,1744,20,,,0
140010019,'1175798',1751,,1745,20,,,0
140010019,'1175806',1121,,1746,20,0,8 21,0
140010019,'1175825',1551,,1748,20,,,0
140010019,'1175826',1251,,1749,20,,,0
140010019,'1175836',1721,,1750,20,,,0
140010019,'1175840',1951,,1751,20,,,0
140010019,'1175865',1021,,1752,20,0,8 21,0
140010019,'1175890',1951,,1753,20,,,0
140010019,'1175905',2051,,1754,20,,,0
140010019,'1175937',1351,,1755,20,,,0
140010019,'1175943',1651,,1756,20,,,0
140010019,'1175962',2251,,1757,20,0,8 21,0
140010019,'1175995',1051,,1758,20,,,0
140010019,'1176008',721,,1759,20,,,0
140010019,'1176017',751,,1760,20,,,0
140010019,'1176075',1651,,1761,20,,,0
140010019,'1176104',2151,,1762,20,,,0
140010019,'1176141',1251,,1763,20,,,0
140010019,'1176158',1451,,1764,20,,,0
140010019,'1176181',921,,1765,20,0,8 21,0
140010019,'1176198',951,,1766,20,,,0
140010019,'1176208',2151,,1767,20,,,0
140010019,'1176215',1851,,1768,20,,,0
140010019,'1176225',1321,,1769,20,0,8 21,0
140010019,'1176249',1051,,1770,20,,,0
140010019,'1176269',2051,,1771,20,,,0
140010019,'1176278',2251,,1772,20,0,8 21,0
140010019,'1176300',1521,,1773,20,0,8 21,0
140010019,'1176311',951,,1774,20,,,0
140010019,'1176346',821,,1775,20,,,0
140010019,'1176365',851,,1776,20,,,0
140010019,'1176376',1551,,1777,20,,,0
140010019,'1176382',1151,,1778,20,,,0
140010019,'1176449',651,,1779,20,,,0
140010019,'1176452',1221,,1780,20,0,8 21,0
140010019,'1176545',751,,1781,20,,,0
140010019,'1176551',1351,,1782,20,,,0
140010019,'1176579',1621,,1783,20,,,0
140010019,'1176580',1151,,1784,20,,,0
140010019,'1176607',1851,,1785,20,,,0
140010019,'1176612',1821,,1786,20,0,8 21,0
140010019,'1176628',1421,,1787,20,0,8 21,0
140010019,'1176653',1451,,1788,20,,,0
