140029,'1179802',1548,,2370,22,,,0
140029,'1179837',1348,,2371,22,,,0
140029,'1179865',1801,,2372,22,,,0
140029,'1179930',1248,,2373,22,,,0
140029,'1179947',1648,,2374,22,,,0
140029,'1179984',1448,,2375,22,,,0
140029,'1180047',948,,2376,22,,,0
140029,'1180060',1048,,2377,22,,,0
140029,'1180076',1148,,2378,22,,,0
140012019,'1178913',1221,,2679,33,,,0
140012019,'1178923',1221,,2680,33,,,0
140012019,'1178934',1021,,2681,33,,,0
140012019,'1178935',821,,2682,33,,,0
140012019,'1178953',921,,2683,33,,,0
140012019,'1178981',721,,2684,33,,,0
140012019,'1178986',1451,,2685,33,,,0
140012019,'1179006',1351,,2686,33,,,0
140012019,'1179011',751,,2687,33,,,0
140012019,'1179015',1921,,2688,33,,,0
140012019,'1179046',921,,2689,33,,,0
140012019,'1179102',1621,,2690,33,,,0
140012019,'1179154',1421,,2691,33,,,0
140012019,'1179183',2021,,2692,33,,,0
140012019,'1179185',951,,2693,33,,,0
140012019,'1179230',1021,,2695,33,,,0
140012019,'1179233',1621,,2696,33,,,0
140012019,'1179236',821,,2697,33,,,0
140012019,'1179238',1521,,2698,33,,,0
140012019,'1179244',2121,,2699,33,,,0
140012019,'1179245',1921,,2700,33,,,0
140012019,'1179250',721,,2701,11,,,0
140012019,'1179261',1121,,2703,33,,,0
140012019,'1179316',2021,,2704,33,,,0
140012019,'1179325',851,,2705,33,,,0
140012019,'1179348',1321,,2706,33,,,0
140012019,'1179359',1751,,2707,33,,,0
140012019,'1179372',2221,,2708,33,,,0
140012019,'1179387',1321,,2709,33,,,0
140012019,'1179399',1151,,2710,33,,,0
140012019,'1179425',2121,,2711,33,,,0
140012019,'1179444',1651,,2712,33,,,0
140012019,'1179495',1421,,2713,33,,,0
140012019,'1179499',1551,,2714,33,,,0
140012019,'1179510',1721,,2715,33,,,0
140012019,'1179511',2221,,2716,33,,,0
140012019,'1179526',1821,,2717,33,,,0
140012019,'1179556',1121,,2718,33,,,0
140012019,'1179567',1251,,2719,33,,,0
140012019,'1179644',1821,,2721,33,,,0
140012019,'1179693',1051,,2722,33,,,0
140012019,'1179704',1521,,2723,33,,,0
140012019,'1179715',1721,,2724,33,,,0
