200019,'1179798',1346,,2442,15,,,0
200019,'1179810',1546,,2443,15,,,0
200019,'1179901',1146,,2444,15,,,0
200019,'1179903',1746,,2445,15,,,0
200019,'1179911',1446,,2446,15,,,0
200019,'1179939',1046,,2447,15,,,0
200019,'1179968',1646,,2448,15,,,0
200019,'1179973',946,,2449,15,,,0
200019,'1180054',1246,,2450,15,,,0
140016019,'1179792',900,,2805,17,,,0
140016019,'1179800',1700,,2806,17,,,0
140016019,'1179808',1900,,2807,17,,,0
140016019,'1179822',1530,,2808,17,,,0
140016019,'1179827',830,,2809,17,,,0
140016019,'1179831',1600,,2810,17,,,0
140016019,'1179835',2200,,2811,17,,,0
140016019,'1179839',1330,,2812,17,0,8 21,0
140016019,'1179842',1130,,2813,17,0,8 21,0
140016019,'1179862',930,,2814,17,0,8 21,0
140016019,'1179868',1630,,2815,17,,,0
140016019,'1179875',1100,,2816,17,,,0
140016019,'1179881',1830,,2817,17,0,8 21,0
140016019,'1179886',1400,,2818,17,,,0
140016019,'1179897',1030,,2819,17,0,8 21,0
140016019,'1179904',1230,,2820,17,0,8 21,0
140016019,'1179907',1700,,2821,17,,,0
140016019,'1179913',1730,,2822,17,,,0
140016019,'1179926',1300,,2823,17,,,0
140016019,'1179938',1500,,2824,17,,,0
140016019,'1179943',2100,,2825,17,,,0
140016019,'1179945',800,,2826,17,,,0
140016019,'1179958',1400,,2827,17,,,0
140016019,'1179963',1800,,2828,17,,,0
140016019,'1179974',1000,,2829,17,,,0
140016019,'1179976',700,,2830,17,,,0
140016019,'1179989',900,,2831,17,,,0
140016019,'1179991',1500,,2832,17,,,0
140016019,'1179997',1600,,2833,17,,,0
140016019,'1180006',1000,,2834,17,,,0
140016019,'1180012',1900,,2835,17,,,0
140016019,'1180018',1100,,2836,17,,,0
140016019,'1180019',2200,,2837,17,,,0
140016019,'1180020',2000,,2838,17,,,0
140016019,'1180023',1300,,2839,17,,,0
140016019,'1180024',730,,2840,17,,,0
140016019,'1180028',800,,2841,17,,,0
140016019,'1180031',2000,,2842,17,,,0
140016019,'1180048',2100,,2843,17,,,0
140016019,'1180057',1800,,2844,17,,,0
140016019,'1180062',1430,,2845,17,0,8 21,0
140016019,'1180072',1200,,2846,17,,,0
140016019,'1180078',1200,,2847,17,,,0
