140019,'1178969',1331,,2352,25,,,0
140019,'1178977',1531,,2353,25,,,0
140019,'1179164',1631,,2354,25,,,0
140019,'1179344',1431,,2355,25,,,0
140019,'1179352',931,,2356,25,,,0
140019,'1179462',1231,,2357,25,,,0
140019,'1179512',1131,,2358,25,,,0
140019,'1179518',1031,,2359,25,,,0
140019,'1179634',1731,,2360,25,,,0
190013019,'1178916',1629,,2896,29,,,0
190013019,'1178919',1959,,2897,29,,,0
190013019,'1178920',1129,,2898,29,,,0
190013019,'1178929',759,,2899,29,,,0
190013019,'1178930',1659,,2900,29,,,0
190013019,'1178972',1959,,2901,29,,,0
190013019,'1178983',1229,,2902,29,,,0
190013019,'1178994',2159,,2903,29,,,0
190013019,'1178997',1159,,2904,29,,,0
190013019,'1179048',1529,,2905,29,,,0
190013019,'1179062',1559,,2906,29,,,0
190013019,'1179074',1329,,2907,29,,,0
190013019,'1179087',1259,,2908,29,,,0
190013019,'1179104',1029,,2909,29,,,0
190013019,'1179171',1829,,2910,29,0,8 21,0
190013019,'1179187',859,,2911,29,,,0
190013019,'1179202',1059,,2912,29,,,0
190013019,'1179203',959,,2913,29,,,0
190013019,'1179212',1459,,2914,29,,,0
190013019,'1179219',1259,,2915,29,,,0
190013019,'1179243',759,,2916,29,,,0
190013019,'1179287',2159,,2917,29,,,0
190013019,'1179292',1059,,2918,29,,,0
190013019,'1179300',729,,2919,29,,,0
190013019,'1179373',959,,2921,29,,,0
190013019,'1179380',1359,,2922,29,,,0
190013019,'1179402',1359,,2923,29,,,0
190013019,'1179411',1429,,2924,29,,,0
190013019,'1179457',1859,,2925,29,,,0
190013019,'1179504',659,,2926,29,,,0
190013019,'1179507',929,,2927,29,,,0
190013019,'1179509',1159,,2928,29,,,0
190013019,'1179516',1559,,2929,29,,,0
190013019,'1179531',2059,,2930,29,,,0
190013019,'1179537',859,,2931,29,,,0
190013019,'1179539',1759,,2932,29,,,0
190013019,'1179546',659,,2933,29,,,0
190013019,'1179553',1859,,2934,29,,,0
190013019,'1179591',1659,,2936,29,,,0
190013019,'1179611',1729,,2937,29,,,0
190013019,'1179635',1459,,2938,29,,,0
190013019,'1179694',829,,2939,29,,,0
190013019,'1179701',2059,,2940,29,,,0
190013019,'1179717',1759,,2941,29,,,0
