130029,'1178925',1509,,2343,21,,,0
130029,'1178989',1409,,2344,21,,,0
130029,'1179023',1609,,2345,21,,,0
130029,'1179120',1709,,2346,21,,,0
130029,'1179168',1309,,2347,21,,,0
130029,'1179423',909,,2348,21,,,0
130029,'1179469',1209,,2349,21,,,0
130029,'1179639',1009,,2350,21,,,0
130029,'1179657',1109,,2351,21,,,0
190013019,'1178916',1700,,2896,53,,,0
190013019,'1178919',2030,,2897,53,,,0
190013019,'1178920',1200,,2898,53,,,0
190013019,'1178929',830,,2899,53,,,0
190013019,'1178930',1730,,2900,53,,,0
190013019,'1178972',2030,,2901,53,,,0
190013019,'1178983',1300,,2902,53,,,0
190013019,'1178994',2230,,2903,53,,,0
190013019,'1178997',1230,,2904,53,,,0
190013019,'1179048',1600,,2905,53,,,0
190013019,'1179062',1630,,2906,53,,,0
190013019,'1179074',1400,,2907,53,,,0
190013019,'1179087',1330,,2908,53,,,0
190013019,'1179104',1100,,2909,53,,,0
190013019,'1179187',930,,2911,53,,,0
190013019,'1179202',1130,,2912,53,,,0
190013019,'1179203',1030,,2913,53,,,0
190013019,'1179212',1530,,2914,53,,,0
190013019,'1179219',1330,,2915,53,,,0
190013019,'1179243',830,,2916,53,,,0
190013019,'1179287',2230,,2917,53,,,0
190013019,'1179292',1130,,2918,53,,,0
190013019,'1179300',800,,2919,53,,,0
190013019,'1179354',630,,2920,21,,,0
190013019,'1179373',1030,,2921,53,,,0
190013019,'1179380',1430,,2922,53,,,0
190013019,'1179402',1430,,2923,53,,,0
190013019,'1179411',1500,,2924,53,,,0
190013019,'1179457',1930,,2925,53,,,0
190013019,'1179504',730,,2926,53,,,0
190013019,'1179507',1000,,2927,53,,,0
190013019,'1179509',1230,,2928,53,,,0
190013019,'1179516',1630,,2929,53,,,0
190013019,'1179531',2130,,2930,53,,,0
190013019,'1179537',930,,2931,53,,,0
190013019,'1179539',1830,,2932,53,,,0
190013019,'1179546',730,,2933,53,,,0
190013019,'1179553',1930,,2934,53,,,0
190013019,'1179581',700,,2935,21,,,0
190013019,'1179591',1730,,2936,53,,,0
190013019,'1179611',1800,,2937,53,,,0
190013019,'1179635',1530,,2938,53,,,0
190013019,'1179694',900,,2939,53,,,0
190013019,'1179701',2130,,2940,53,,,0
190013019,'1179717',1830,,2941,53,,,0
