190011019,'1175757',2218,,1930,29,,,0
190011019,'1175788',1818,,1931,29,,,0
190011019,'1175797',1418,,1932,29,,,0
190011019,'1175800',1018,,1933,29,,,0
190011019,'1175811',1548,,1934,5,,,0
190011019,'1175846',1918,,1935,29,,,0
190011019,'1175854',1048,,1936,5,,,0
190011019,'1175866',1748,,1937,29,,,0
190011019,'1175889',1318,,1939,29,,,0
190011019,'1175960',1248,,1940,5,,,0
190011019,'1175990',1218,,1942,29,,,0
190011019,'1176025',618,,1943,8,,,0
190011019,'1176026',1318,,1944,29,,,0
190011019,'1176076',648,,1945,5,,,0
190011019,'1176086',1018,,1946,29,,,0
190011019,'1176114',918,,1947,29,,,0
190011019,'1176152',748,,1948,29,,,0
190011019,'1176229',2218,,1949,29,,,0
190011019,'1176246',818,,1950,29,,,0
190011019,'1176315',718,,1951,29,,,0
190011019,'1176316',1218,,1952,29,,,0
190011019,'1176317',1718,,1953,29,,,0
190011019,'1176322',948,,1954,29,,,0
190011019,'1176337',2018,,1955,29,,,0
190011019,'1176344',1618,,1956,29,,,0
190011019,'1176353',1618,,1957,29,,,0
190011019,'1176386',718,,1958,29,,,0
190011019,'1176406',1448,,1959,5,,,0
190011019,'1176429',1348,,1960,5,,,0
190011019,'1176444',1918,,1961,29,,,0
190011019,'1176445',2118,,1962,29,,,0
190011019,'1176478',1818,,1963,29,,,0
190011019,'1176517',1518,,1965,29,,,0
190011019,'1176557',918,,1966,29,,,0
190011019,'1176559',2018,,1967,29,,,0
190011019,'1176563',848,,1968,29,,,0
190011019,'1176570',1518,,1969,29,,,0
190011019,'1176581',1148,,1970,5,,,0
190011019,'1176586',1648,,1971,5,,,0
190011019,'1176595',1718,,1972,29,,,0
190011019,'1176605',1118,,1973,29,,,0
190011019,'1176616',1118,,1974,29,,,0
190011019,'1176620',818,,1975,29,,,0
190011019,'1176668',2118,,1976,29,,,0
190011019,'1176674',1418,,1977,29,,,0
