150029,'1179828',1026,,2397,30,,,0
150029,'1179915',1226,,2398,30,,,0
150029,'1179932',926,,2399,30,,,0
150029,'1179948',1526,,2400,30,,,0
150029,'1179983',1326,,2401,30,,,0
150029,'1180009',1126,,2402,30,,,0
150029,'1180017',1726,,2403,30,,,0
150029,'1180040',1626,,2404,30,,,0
150029,'1180079',1426,,2405,30,,,0
300019,'1180121',705,,3098,13,0,23 24 2 25,0
300019,'1180125',735,,3102,13,0,23 24 2 25,0
300019,'1180126',1435,,3103,14,0,23 24 2 25,0
300019,'1180130',935,,3107,14,0,23 24 2 25,0
300019,'1180131',1235,,3108,14,0,23 24 2 25,0
300019,'1180132',1135,,3109,14,0,23 24 2 25,0
300019,'1180133',2135,,3110,14,0,23 24 2 25,0
300019,'1180134',1605,,3111,14,0,23 24 2 25,0
300019,'1180136',835,,3113,14,0,23 24 2 25,0
300019,'1180138',1135,,3115,14,0,23 24 2 25,0
300019,'1180139',1335,,3116,14,0,23 24 2 25,0
300019,'1180140',1635,,3117,14,0,23 24 2 25,0
300019,'1180143',1805,,3120,14,0,23 24 2 25,0
300019,'1180145',1435,,3122,14,0,23 24 2 25,0
300019,'1180150',905,,3127,14,0,23 24 2 25,0
300019,'1180151',2035,,3128,14,0,23 24 2 25,0
300019,'1180152',835,,3129,14,0,23 24 2 25,0
300019,'1180156',935,,3133,14,0,23 24 2 25,0
300019,'1180159',1005,,3136,14,0,23 24 2 25,0
300019,'1180161',1735,,3138,14,0,23 24 2 25,0
300019,'1180164',1035,,3141,14,0,23 24 2 25,0
300019,'1180166',1535,,3143,14,0,23 24 2 25,0
300019,'1180167',1235,,3144,14,0,23 24 2 25,0
300019,'1180168',1935,,3145,14,0,23 24 2 25,0
300019,'1180169',1735,,3146,14,0,23 24 2 25,0
300019,'1180175',735,,3152,14,0,23 24 2 25,0
300019,'1180176',1035,,3153,14,0,23 24 2 25,0
300019,'1180177',1705,,3154,14,0,23 24 2 25,0
300019,'1180178',1635,,3155,14,0,23 24 2 25,0
300019,'1180179',1535,,3156,14,0,23 24 2 25,0
300019,'1180181',2135,,3158,14,0,23 24 2 25,0
300019,'1180182',1835,,3159,14,0,23 24 2 25,0
300019,'1180183',805,,3160,14,0,23 24 2 25,0
300019,'1180188',2035,,3165,14,0,23 24 2 25,0
300019,'1180189',1935,,3166,14,0,23 24 2 25,0
300019,'1180191',1835,,3168,14,0,23 24 2 25,0
300019,'1180194',1335,,3171,14,0,23 24 2 25,0
140014019,'1178954',1549,,2725,7,,,0
140014019,'1178955',1119,,2726,7,,,0
140014019,'1178974',949,,2727,7,,,0
140014019,'1179007',1749,,2728,7,,,0
140014019,'1179027',1449,,2729,7,,,0
140014019,'1179052',749,,2730,7,,,0
140014019,'1179079',719,,2731,7,,,0
140014019,'1179080',1449,,2732,7,,,0
140014019,'1179082',819,,2733,7,,,0
140014019,'1179084',649,,2734,7,,,0
140014019,'1179111',2149,,2735,7,,,0
140014019,'1179143',749,,2736,7,,,0
140014019,'1179200',1219,,2737,7,,,0
140014019,'1179207',1719,,2738,7,,,0
140014019,'1179221',1349,,2739,7,,,0
140014019,'1179271',1149,,2740,7,,,0
140014019,'1179298',1649,,2741,7,,,0
140014019,'1179320',1419,,2742,7,,,0
140014019,'1179323',949,,2743,7,,,0
140014019,'1179350',849,,2745,7,,,0
140014019,'1179353',1749,,2746,7,,,0
140014019,'1179366',1949,,2747,7,,,0
140014019,'1179392',1549,,2748,7,,,0
140014019,'1179403',1849,,2749,7,,,0
140014019,'1179433',1349,,2751,7,,,0
140014019,'1179443',919,,2752,7,,,0
140014019,'1179446',1149,,2753,7,,,0
140014019,'1179449',1019,,2754,7,,,0
140014019,'1179493',1049,,2755,7,,,0
140014019,'1179524',1649,,2757,7,,,0
140014019,'1179535',1319,,2758,7,,,0
140014019,'1179547',1249,,2759,7,,,0
140014019,'1179557',1819,,2761,7,0,8 21,0
140014019,'1179561',1519,,2762,7,,,0
140014019,'1179577',1249,,2763,7,,,0
140014019,'1179598',2049,,2764,7,,,0
140014019,'1179600',2149,,2765,7,,,0
140014019,'1179608',1849,,2766,7,,,0
140014019,'1179636',1619,,2767,7,,,0
140014019,'1179638',849,,2768,7,,,0
140014019,'1179648',1949,,2769,7,,,0
140014019,'1179654',2049,,2770,7,,,0
140014019,'1179662',1049,,2771,7,,,0
