110029,'1178926',1303,,2248,15,,,0
110029,'1179044',903,,2249,15,,,0
110029,'1179118',1103,,2250,15,,,0
110029,'1179173',1203,,2251,15,,,0
110029,'1179459',1703,,2252,15,,,0
110029,'1179534',1403,,2253,15,,,0
110029,'1179542',1603,,2254,15,,,0
110029,'1179690',1003,,2255,15,,,0
110029,'1179707',1503,,2256,15,,,0
190011019,'1178945',1555,,2848,15,,,0
190011019,'1178950',755,,2849,39,,,0
190011019,'1178970',1925,,2850,39,,,0
190011019,'1179040',2125,,2852,39,,,0
190011019,'1179064',1055,,2853,15,,,0
190011019,'1179145',925,,2854,39,,,0
190011019,'1179146',1155,,2855,15,,,0
190011019,'1179159',1825,,2856,39,,,0
190011019,'1179163',825,,2858,39,,,0
190011019,'1179248',725,,2859,39,,,0
190011019,'1179252',1825,,2860,39,,,0
190011019,'1179276',2025,,2861,39,,,0
190011019,'1179307',725,,2862,39,,,0
190011019,'1179317',1255,,2863,15,,,0
190011019,'1179332',1125,,2864,40,,,0
190011019,'1179340',925,,2865,39,,,0
190011019,'1179367',1755,,2866,39,,,0
190011019,'1179375',1455,,2867,15,,,0
190011019,'1179393',1655,,2868,15,,,0
190011019,'1179394',2225,,2869,39,,,0
190011019,'1179413',1325,,2871,40,,,0
190011019,'1179424',2225,,2872,39,,,0
190011019,'1179426',1425,,2873,40,,,0
190011019,'1179430',1625,,2874,40,,,0
190011019,'1179437',1125,,2875,40,,,0
190011019,'1179438',1625,,2876,40,,,0
190011019,'1179442',1925,,2877,39,,,0
190011019,'1179477',825,,2878,39,,,0
190011019,'1179521',1425,,2879,40,,,0
190011019,'1179528',1225,,2880,40,,,0
190011019,'1179530',655,,2881,15,,,0
190011019,'1179555',2025,,2882,39,,,0
190011019,'1179572',1225,,2883,40,,,0
190011019,'1179590',1525,,2884,40,,,0
190011019,'1179619',1725,,2885,39,,,0
190011019,'1179642',1025,,2886,39,,,0
190011019,'1179650',1325,,2887,40,,,0
190011019,'1179665',625,,2888,18,,,0
190011019,'1179666',855,,2889,39,,,0
190011019,'1179672',1355,,2890,15,,,0
190011019,'1179677',2125,,2891,39,,,0
190011019,'1179678',955,,2892,39,,,0
190011019,'1179688',1725,,2893,39,,,0
190011019,'1179700',1525,,2894,40,,,0
190011019,'1179709',1025,,2895,39,,,0
