110019,'1178947',930,,2239,1,,,0
110019,'1178964',1430,,2240,1,,,0
110019,'1178973',1730,,2241,1,,,0
110019,'1179028',1530,,2242,1,,,0
110019,'1179105',1630,,2243,1,,,0
110019,'1179114',1030,,2244,1,,,0
110019,'1179176',1230,,2245,1,,,0
110019,'1179184',1330,,2246,1,,,0
110019,'1179290',1130,,2247,1,,,0
110029,'1178926',1322,,2248,33,4,,0
110029,'1179044',922,,2249,33,4,,0
110029,'1179118',1122,,2250,33,4,,0
110029,'1179173',1222,,2251,33,4,,0
110029,'1179459',1722,,2252,33,4,,0
110029,'1179534',1422,,2253,33,4,,0
110029,'1179542',1622,,2254,33,4,,0
110029,'1179690',1022,,2255,33,4,,0
110029,'1179707',1522,,2256,33,4,,0
160019,'1179817',1028,,2415,1,,,0
160019,'1179829',1328,,2416,1,,,0
160019,'1179855',1528,,2417,1,,,0
160019,'1179873',1128,,2418,1,,,0
160019,'1179921',1728,,2419,1,,,0
160019,'1179929',1628,,2420,1,,,0
160019,'1180025',1428,,2421,1,,,0
160019,'1180042',928,,2422,1,,,0
160019,'1180067',1228,,2423,1,,,0
160029,'1178957',920,,2424,34,4,,0
160029,'1179098',1420,,2425,34,4,,0
160029,'1179137',1620,,2426,34,4,,0
160029,'1179301',1220,,2427,34,4,,0
160029,'1179398',1320,,2428,34,4,,0
160029,'1179410',1720,,2429,34,4,,0
160029,'1179543',1120,,2430,34,4,,0
160029,'1179558',1020,,2431,34,4,,0
160029,'1179623',1520,,2432,34,4,,0
200019,'1179798',1330,,2442,1,,,0
200019,'1179810',1530,,2443,1,,,0
200019,'1179901',1130,,2444,1,,,0
200019,'1179903',1730,,2445,1,,,0
200019,'1179911',1430,,2446,1,,,0
200019,'1179939',1030,,2447,1,,,0
200019,'1179968',1630,,2448,1,,,0
200019,'1179973',930,,2449,1,,,0
200019,'1180054',1230,,2450,1,,,0
200029,'1179807',1027,,2461,31,4,,0
200029,'1179834',1427,,2462,31,4,,0
200029,'1179867',1727,,2463,31,4,,0
200029,'1179877',1227,,2464,31,4,,0
200029,'1179888',1627,,2465,31,4,,0
200029,'1179893',1327,,2466,31,4,,0
200029,'1179998',1527,,2467,31,4,,0
200029,'1180053',927,,2468,21,4,,0
200029,'1180064',1127,,2469,31,4,,0
216019,'1178924',810,,2470,36,4,,0
216019,'1178948',640,,2471,36,4,,0
216019,'1178963',2140,,2472,36,4,,0
216019,'1178968',1240,,2473,36,4,,0
216019,'1179019',1810,,2474,36,4,,0
216019,'1179021',1610,,2475,36,4,,0
216019,'1179029',1440,,2476,36,4,,0
216019,'1179050',1540,,2477,36,4,,0
216019,'1179070',1440,,2478,36,4,,0
216019,'1179075',1840,,2479,36,4,,0
216019,'1179116',740,,2480,37,4,,0
216019,'1179123',1340,,2481,36,4,,0
216019,'1179160',1740,,2482,37,4,,0
216019,'1179179',2040,,2483,36,4,,0
216019,'1179181',1140,,2484,36,4,,0
216019,'1179199',940,,2485,36,4,,0
216019,'1179206',1540,,2486,36,4,,0
216019,'1179328',1040,,2487,36,4,,0
216019,'1179338',1240,,2488,36,4,,0
216019,'1179345',840,,2489,36,4,,0
216019,'1179368',1710,,2490,37,4,,0
216019,'1179369',1040,,2491,36,4,,0
216019,'1179374',1640,,2492,37,4,,0
216019,'1179421',1840,,2493,36,4,,0
216019,'1179431',1140,,2494,36,4,,0
216019,'1179458',1940,,2495,36,4,,0
216019,'1179488',740,,2496,36,4,,0
216019,'1179523',1340,,2497,36,4,,0
216019,'1179574',2040,,2498,36,4,,0
216019,'1179582',1940,,2499,36,4,,0
216019,'1179605',910,,2500,36,4,,0
216019,'1179647',1740,,2501,36,4,,0
216019,'1179669',840,,2502,36,4,,0
216019,'1179695',2140,,2503,36,4,,0
216019,'1179712',710,,2504,37,4,,0
216019,'1179714',940,,2505,36,4,,0
216019,'1179719',1640,,2506,36,4,,0
300019,'1179789',724,,2559,21,0,23 24 2 25,0
300019,'1179794',1954,,2560,22,0,23 24 2 25,0
300019,'1179797',1754,,2562,22,0,23 24 2 25,0
300019,'1179799',1014,,2563,4,0,8 9 2 26,0
300019,'1179823',1844,,2567,4,0,23 24 2 26,0
300019,'1179830',854,,2568,22,0,23 24 2 25,0
300019,'1179833',944,,2569,4,0,23 24 2 26,0
300019,'1179836',914,,2570,4,0,23 24 2 26,0
300019,'1179840',1444,,2571,4,0,23 24 2 26,0
300019,'1179841',2044,,2572,4,0,23 24 2 26,0
300019,'1179848',2054,,2574,22,0,23 24 2 25,0
300019,'1179850',744,,2575,4,0,23 24 2 26,0
300019,'1179857',1824,,2580,22,0,23 24 2 25,0
300019,'1179880',954,,2586,22,0,23 24 2 25,0
300019,'1179889',1024,,2589,22,0,23 24 2 25,0
300019,'1179892',1254,,2590,22,0,23 24 2 25,0
300019,'1179894',1544,,2591,4,0,23 24 2 26,0
300019,'1179900',1724,,2592,22,0,23 24 2 25,0
300019,'1179906',1244,,2594,4,0,23 24 2 26,0
300019,'1179908',714,,2595,4,0,23 24 2 26,0
300019,'1179916',1054,,2597,22,0,23 24 2 25,0
300019,'1179927',1854,,2599,22,0,23 24 2 25,0
300019,'1179928',824,,2600,22,0,23 24 2 25,0
300019,'1179937',2154,,2601,22,0,23 24 2 25,0
300019,'1179942',2144,,2602,4,0,8 9 2 26,0
300019,'1179957',1044,,2605,4,0,23 24 2 26,0
300019,'1179962',1554,,2606,22,0,23 24 2 25,0
300019,'1179970',1944,,2610,4,0,23 24 2 26,0
300019,'1179981',1644,,2611,4,0,23 24 2 26,0
300019,'1179988',814,,2612,4,0,23 24 2 26,0
300019,'1179990',1454,,2613,22,0,23 24 2 25,0
300019,'1179993',1654,,2614,22,0,23 24 2 25,0
300019,'1179996',1614,,2615,4,0,23 24 2 26,0
300019,'1180000',1344,,2616,4,0,23 24 2 26,0
300019,'1180022',1714,,2618,4,0,23 24 2 26,0
300019,'1180030',754,,2619,22,0,23 24 2 25,0
300019,'1180035',844,,2620,4,0,23 24 2 26,0
300019,'1180038',1354,,2622,22,0,23 24 2 25,0
300019,'1180039',1624,,2623,22,0,23 24 2 25,0
300019,'1180043',1144,,2624,4,0,23 24 2 26,0
300019,'1180046',1814,,2625,4,0,8 9 2 26,0
300019,'1180051',1154,,2627,22,0,23 24 2 25,0
300019,'1180061',1744,,2629,4,0,23 24 2 26,0
300019,'1180066',924,,2630,22,0,23 24 2 25,0
300019,'1180121',724,,3098,21,0,23 24 2 25,0
300019,'1180122',944,,3099,5,0,23 24 2 26,0
300019,'1180123',944,,3100,5,0,23 24 2 26,0
300019,'1180124',1544,,3101,5,0,23 24 2 26,0
300019,'1180125',754,,3102,21,0,23 24 2 25,0
300019,'1180126',1454,,3103,22,0,23 24 2 25,0
300019,'1180127',714,,3104,5,0,23 24 2 26,0
300019,'1180128',1144,,3105,5,0,23 24 2 26,0
300019,'1180129',1744,,3106,5,0,23 24 2 26,0
300019,'1180130',954,,3107,22,0,23 24 2 25,0
300019,'1180131',1254,,3108,22,0,23 24 2 25,0
300019,'1180132',1154,,3109,22,0,23 24 2 25,0
300019,'1180133',2154,,3110,22,0,23 24 2 25,0
300019,'1180134',1624,,3111,22,0,23 24 2 25,0
300019,'1180135',1714,,3112,5,0,23 24 2 26,0
300019,'1180136',854,,3113,22,0,23 24 2 25,0
300019,'1180137',744,,3114,5,0,23 24 2 26,0
300019,'1180138',1154,,3115,22,0,23 24 2 25,0
300019,'1180139',1354,,3116,22,0,23 24 2 25,0
300019,'1180140',1654,,3117,22,0,23 24 2 25,0
300019,'1180141',844,,3118,5,0,23 24 2 26,0
300019,'1180142',1444,,3119,5,0,23 24 2 26,0
300019,'1180143',1824,,3120,22,0,23 24 2 25,0
300019,'1180144',1944,,3121,5,0,23 24 2 26,0
300019,'1180145',1454,,3122,22,0,23 24 2 25,0
300019,'1180146',1944,,3123,5,0,23 24 2 26,0
300019,'1180147',2144,,3124,5,0,8 9 2 26,0
300019,'1180148',1544,,3125,5,0,23 24 2 26,0
300019,'1180149',1444,,3126,5,0,23 24 2 26,0
300019,'1180150',924,,3127,22,0,23 24 2 25,0
300019,'1180151',2054,,3128,22,0,23 24 2 25,0
300019,'1180152',854,,3129,22,0,23 24 2 25,0
300019,'1180153',1044,,3130,5,0,23 24 2 26,0
300019,'1180154',1044,,3131,5,0,23 24 2 26,0
300019,'1180155',1344,,3132,5,0,23 24 2 26,0
300019,'1180156',954,,3133,22,0,23 24 2 25,0
300019,'1180157',2044,,3134,5,0,23 24 2 26,0
300019,'1180158',1814,,3135,5,0,8 9 2 26,0
300019,'1180159',1024,,3136,22,0,23 24 2 25,0
300019,'1180160',1644,,3137,5,0,23 24 2 26,0
300019,'1180161',1754,,3138,22,0,23 24 2 25,0
300019,'1180162',2144,,3139,5,0,8 9 2 26,0
300019,'1180163',1244,,3140,5,0,23 24 2 26,0
300019,'1180164',1054,,3141,22,0,23 24 2 25,0
300019,'1180165',1344,,3142,5,0,23 24 2 26,0
300019,'1180166',1554,,3143,22,0,23 24 2 25,0
300019,'1180167',1254,,3144,22,0,23 24 2 25,0
300019,'1180168',1954,,3145,22,0,23 24 2 25,0
300019,'1180169',1754,,3146,22,0,23 24 2 25,0
300019,'1180170',914,,3147,5,0,23 24 2 26,0
300019,'1180171',744,,3148,5,0,23 24 2 26,0
300019,'1180172',1144,,3149,5,0,23 24 2 26,0
300019,'1180173',1844,,3150,5,0,23 24 2 26,0
300019,'1180174',1244,,3151,5,0,23 24 2 26,0
300019,'1180175',754,,3152,22,0,23 24 2 25,0
300019,'1180176',1054,,3153,22,0,23 24 2 25,0
300019,'1180177',1724,,3154,22,0,23 24 2 25,0
300019,'1180178',1654,,3155,22,0,23 24 2 25,0
300019,'1180179',1554,,3156,22,0,23 24 2 25,0
300019,'1180180',1614,,3157,5,0,23 24 2 26,0
300019,'1180181',2154,,3158,22,0,23 24 2 25,0
300019,'1180182',1854,,3159,22,0,23 24 2 25,0
300019,'1180183',824,,3160,22,0,23 24 2 25,0
300019,'1180184',1644,,3161,5,0,23 24 2 26,0
300019,'1180185',1744,,3162,5,0,23 24 2 26,0
300019,'1180186',814,,3163,5,0,23 24 2 26,0
300019,'1180187',1014,,3164,5,0,8 9 2 26,0
300019,'1180188',2054,,3165,22,0,23 24 2 25,0
300019,'1180189',1954,,3166,22,0,23 24 2 25,0
300019,'1180190',2044,,3167,5,0,23 24 2 26,0
300019,'1180191',1854,,3168,22,0,23 24 2 25,0
300019,'1180192',1844,,3169,5,0,23 24 2 26,0
300019,'1180193',844,,3170,5,0,23 24 2 26,0
300019,'1180194',1354,,3171,22,0,23 24 2 25,0
140010019,'1178914',1110,,2633,3,0,8 21,0
140010019,'1178921',1440,,2634,3,,,0
140010019,'1178922',940,,2635,3,,,0
140010019,'1178936',710,,2636,3,,,0
140010019,'1178946',2240,,2637,3,0,8 21,0
140010019,'1178979',1040,,2638,3,,,0
140010019,'1179012',740,,2639,3,,,0
140010019,'1179037',1940,,2640,3,,,0
140010019,'1179103',1540,,2641,3,,,0
140010019,'1179122',1310,,2642,3,0,8 21,0
140010019,'1179131',1140,,2643,3,,,0
140010019,'1179140',2140,,2644,3,,,0
140010019,'1179147',910,,2645,3,0,8 21,0
140010019,'1179157',640,,2646,3,,,0
140010019,'1179167',1040,,2647,3,,,0
140010019,'1179178',1740,,2648,3,,,0
140010019,'1179180',2140,,2649,3,,,0
140010019,'1179188',1440,,2650,3,,,0
140010019,'1179217',1940,,2651,3,,,0
140010019,'1179232',1510,,2652,3,0,8 21,0
140010019,'1179251',1610,,2653,3,,,0
140010019,'1179253',810,,2654,3,,,0
140010019,'1179268',1710,,2655,3,,,0
140010019,'1179270',1640,,2656,3,,,0
140010019,'1179336',840,,2658,3,,,0
140010019,'1179347',740,,2659,3,,,0
140010019,'1179361',2040,,2660,3,,,0
140010019,'1179396',2040,,2661,3,,,0
140010019,'1179408',2240,,2662,3,0,8 21,0
140010019,'1179415',1140,,2663,3,,,0
140010019,'1179445',1340,,2664,3,,,0
140010019,'1179452',1740,,2665,3,,,0
140010019,'1179453',1340,,2666,3,,,0
140010019,'1179479',1240,,2667,3,,,0
140010019,'1179483',1210,,2668,3,0,8 21,0
140010019,'1179494',1640,,2669,3,,,0
140010019,'1179496',1540,,2670,3,,,0
140010019,'1179498',1410,,2671,3,0,8 21,0
140010019,'1179544',1840,,2672,3,,,0
140010019,'1179548',1010,,2673,3,0,8 21,0
140010019,'1179613',1840,,2674,3,,,0
140010019,'1179620',840,,2675,3,,,0
140010019,'1179629',1810,,2676,3,0,8 21,0
140010019,'1179659',1240,,2677,3,,,0
140010019,'1179692',940,,2678,3,,,0
140016019,'1179792',844,,2805,1,,,0
140016019,'1179800',1644,,2806,1,,,0
140016019,'1179808',1844,,2807,1,,,0
140016019,'1179822',1514,,2808,1,,,0
140016019,'1179827',814,,2809,1,,,0
140016019,'1179831',1544,,2810,1,,,0
140016019,'1179835',2144,,2811,1,,,0
140016019,'1179839',1314,,2812,1,0,8 21,0
140016019,'1179842',1114,,2813,1,0,8 21,0
140016019,'1179862',914,,2814,1,0,8 21,0
140016019,'1179868',1614,,2815,1,,,0
140016019,'1179875',1044,,2816,1,,,0
140016019,'1179881',1814,,2817,1,0,8 21,0
140016019,'1179886',1344,,2818,1,,,0
140016019,'1179897',1014,,2819,1,0,8 21,0
140016019,'1179904',1214,,2820,1,0,8 21,0
140016019,'1179907',1644,,2821,1,,,0
140016019,'1179913',1714,,2822,1,,,0
140016019,'1179926',1244,,2823,1,,,0
140016019,'1179938',1444,,2824,1,,,0
140016019,'1179943',2044,,2825,1,,,0
140016019,'1179945',744,,2826,1,,,0
140016019,'1179958',1344,,2827,1,,,0
140016019,'1179963',1744,,2828,1,,,0
140016019,'1179974',944,,2829,1,,,0
140016019,'1179976',644,,2830,1,,,0
140016019,'1179989',844,,2831,1,,,0
140016019,'1179991',1444,,2832,1,,,0
140016019,'1179997',1544,,2833,1,,,0
140016019,'1180006',944,,2834,1,,,0
140016019,'1180012',1844,,2835,1,,,0
140016019,'1180018',1044,,2836,1,,,0
140016019,'1180019',2144,,2837,1,,,0
140016019,'1180020',1944,,2838,1,,,0
140016019,'1180023',1244,,2839,1,,,0
140016019,'1180024',714,,2840,1,,,0
140016019,'1180028',744,,2841,1,,,0
140016019,'1180031',1944,,2842,1,,,0
140016019,'1180048',2044,,2843,1,,,0
140016019,'1180057',1744,,2844,1,,,0
140016019,'1180062',1414,,2845,1,0,8 21,0
140016019,'1180072',1144,,2846,1,,,0
140016019,'1180078',1144,,2847,1,,,0
