150029,'1179828',1006,,2397,14,,,0
150029,'1179915',1206,,2398,14,,,0
150029,'1179932',906,,2399,14,,,0
150029,'1179948',1506,,2400,14,,,0
150029,'1179983',1306,,2401,14,,,0
150029,'1180009',1106,,2402,14,,,0
150029,'1180017',1706,,2403,14,,,0
150029,'1180040',1606,,2404,14,,,0
150029,'1180079',1406,,2405,14,,,0
300019,'1180122',955,,3099,12,0,23 24 2 26,0
300019,'1180123',955,,3100,12,0,23 24 2 26,0
300019,'1180124',1555,,3101,12,0,23 24 2 26,0
300019,'1180127',725,,3104,12,0,23 24 2 26,0
300019,'1180128',1155,,3105,12,0,23 24 2 26,0
300019,'1180129',1755,,3106,12,0,23 24 2 26,0
300019,'1180135',1725,,3112,12,0,23 24 2 26,0
300019,'1180137',755,,3114,12,0,23 24 2 26,0
300019,'1180141',855,,3118,12,0,23 24 2 26,0
300019,'1180142',1455,,3119,12,0,23 24 2 26,0
300019,'1180144',1955,,3121,12,0,23 24 2 26,0
300019,'1180146',1955,,3123,12,0,23 24 2 26,0
300019,'1180147',2155,,3124,12,0,8 9 2 26,0
300019,'1180148',1555,,3125,12,0,23 24 2 26,0
300019,'1180149',1455,,3126,12,0,23 24 2 26,0
300019,'1180153',1055,,3130,12,0,23 24 2 26,0
300019,'1180154',1055,,3131,12,0,23 24 2 26,0
300019,'1180155',1355,,3132,12,0,23 24 2 26,0
300019,'1180157',2055,,3134,12,0,23 24 2 26,0
300019,'1180158',1825,,3135,12,0,8 9 2 26,0
300019,'1180160',1655,,3137,12,0,23 24 2 26,0
300019,'1180162',2155,,3139,12,0,8 9 2 26,0
300019,'1180163',1255,,3140,12,0,23 24 2 26,0
300019,'1180165',1355,,3142,12,0,23 24 2 26,0
300019,'1180170',925,,3147,12,0,23 24 2 26,0
300019,'1180171',755,,3148,12,0,23 24 2 26,0
300019,'1180172',1155,,3149,12,0,23 24 2 26,0
300019,'1180173',1855,,3150,12,0,23 24 2 26,0
300019,'1180174',1255,,3151,12,0,23 24 2 26,0
300019,'1180180',1625,,3157,12,0,23 24 2 26,0
300019,'1180184',1655,,3161,12,0,23 24 2 26,0
300019,'1180185',1755,,3162,12,0,23 24 2 26,0
300019,'1180186',825,,3163,12,0,23 24 2 26,0
300019,'1180187',1025,,3164,12,0,8 9 2 26,0
300019,'1180190',2055,,3167,12,0,23 24 2 26,0
300019,'1180192',1855,,3169,12,0,23 24 2 26,0
300019,'1180193',855,,3170,12,0,23 24 2 26,0
190015019,'1179083',628,,2946,14,,,0
190015019,'1179637',658,,2969,14,,,0
190015019,'1179791',2128,,2973,39,,,0
190015019,'1179793',728,,2974,39,,,0
190015019,'1179804',728,,2975,39,,,0
190015019,'1179812',1128,,2976,39,,,0
190015019,'1179819',828,,2977,39,,,0
190015019,'1179825',1228,,2978,39,,,0
190015019,'1179856',858,,2980,39,,,0
190015019,'1179872',828,,2981,39,,,0
190015019,'1179885',1658,,2982,39,,,0
190015019,'1179887',1428,,2983,39,,,0
190015019,'1179898',1528,,2984,39,,,0
190015019,'1179909',1028,,2985,39,,,0
190015019,'1179919',1828,,2986,39,,,0
190015019,'1179920',928,,2987,39,,,0
190015019,'1179923',1458,,2988,39,,,0
190015019,'1179931',2128,,2989,39,,,0
190015019,'1179935',1728,,2991,39,,,0
190015019,'1179940',1158,,2992,39,,,0
190015019,'1179952',1228,,2993,39,,,0
190015019,'1179960',1328,,2994,39,,,0
190015019,'1179961',1528,,2995,39,,,0
190015019,'1179980',1058,,2997,39,,,0
190015019,'1179982',1758,,2998,39,,,0
190015019,'1179992',1558,,2999,39,,,0
190015019,'1179995',1128,,3000,39,,,0
190015019,'1179999',1258,,3001,39,,,0
190015019,'1180013',1928,,3002,39,,,0
190015019,'1180014',2028,,3003,39,,,0
190015019,'1180015',958,,3004,39,,,0
190015019,'1180016',2028,,3005,39,,,0
190015019,'1180026',1928,,3007,39,,,0
190015019,'1180029',1028,,3008,39,,,0
190015019,'1180044',1628,,3009,39,,,0
190015019,'1180058',1358,,3011,39,,,0
190015019,'1180059',1728,,3012,39,,,0
190015019,'1180068',1828,,3013,39,,,0
190015019,'1180070',1628,,3014,39,,,0
190015019,'1180075',928,,3015,39,,,0
190015019,'1180077',1328,,3016,39,,,0
190015019,'1180080',758,,3017,39,,,0
190015019,'1180081',1428,,3018,39,,,0
