116019,'1178927',1056,,2202,34,,,0
116019,'1178944',1456,,2203,34,,,0
116019,'1178984',2056,,2204,34,,,0
116019,'1178985',1556,,2205,34,,,0
116019,'1178993',1730,,2206,35,,,0
116019,'1179002',2056,,2207,34,,,0
116019,'1179004',856,,2208,34,,,0
116019,'1179020',1656,,2209,34,,,0
116019,'1179022',1700,,2210,35,,,0
116019,'1179025',1356,,2211,34,,,0
116019,'1179035',956,,2212,34,,,0
116019,'1179036',730,,2213,35,,,0
116019,'1179045',1956,,2214,34,,,0
116019,'1179090',2156,,2215,34,,,0
116019,'1179113',756,,2216,34,,,0
116019,'1179119',700,,2217,35,,,0
116019,'1179186',2156,,2218,34,,,0
116019,'1179192',1856,,2219,34,,,0
116019,'1179204',1856,,2220,34,,,0
116019,'1179214',926,,2221,34,,,0
116019,'1179218',1956,,2222,34,,,0
116019,'1179231',1356,,2223,34,,,0
116019,'1179239',856,,2224,34,,,0
116019,'1179249',1456,,2225,34,,,0
116019,'1179326',1156,,2226,34,,,0
116019,'1179334',1256,,2227,34,,,0
116019,'1179487',1756,,2228,34,,,0
116019,'1179497',1256,,2229,34,,,0
116019,'1179505',1626,,2230,34,,,0
116019,'1179506',1156,,2231,34,,,0
116019,'1179514',1827,,2232,34,,,0
116019,'1179540',1556,,2233,34,,,0
116019,'1179564',1056,,2234,34,,,0
116019,'1179589',956,,2235,34,,,0
116019,'1179630',1756,,2236,34,,,0
116019,'1179645',756,,2237,34,,,0
116019,'1179711',826,,2238,34,,,0
