130029,'1178925',1508,,2343,19,,,0
130029,'1178989',1408,,2344,19,,,0
130029,'1179023',1608,,2345,19,,,0
130029,'1179120',1708,,2346,19,,,0
130029,'1179168',1308,,2347,19,,,0
130029,'1179423',908,,2348,19,,,0
130029,'1179469',1208,,2349,19,,,0
130029,'1179639',1008,,2350,19,,,0
130029,'1179657',1108,,2351,19,,,0
190013019,'1178916',1659,,2896,51,,,0
190013019,'1178919',2029,,2897,51,,,0
190013019,'1178920',1159,,2898,51,,,0
190013019,'1178929',829,,2899,51,,,0
190013019,'1178930',1729,,2900,51,,,0
190013019,'1178972',2029,,2901,51,,,0
190013019,'1178983',1259,,2902,51,,,0
190013019,'1178994',2229,,2903,51,,,0
190013019,'1178997',1229,,2904,51,,,0
190013019,'1179048',1559,,2905,51,,,0
190013019,'1179062',1629,,2906,51,,,0
190013019,'1179074',1359,,2907,51,,,0
190013019,'1179087',1329,,2908,51,,,0
190013019,'1179104',1059,,2909,51,,,0
190013019,'1179187',929,,2911,51,,,0
190013019,'1179202',1129,,2912,51,,,0
190013019,'1179203',1029,,2913,51,,,0
190013019,'1179212',1529,,2914,51,,,0
190013019,'1179219',1329,,2915,51,,,0
190013019,'1179243',829,,2916,51,,,0
190013019,'1179287',2229,,2917,51,,,0
190013019,'1179292',1129,,2918,51,,,0
190013019,'1179300',759,,2919,51,,,0
190013019,'1179354',629,,2920,19,,,0
190013019,'1179373',1029,,2921,51,,,0
190013019,'1179380',1429,,2922,51,,,0
190013019,'1179402',1429,,2923,51,,,0
190013019,'1179411',1459,,2924,51,,,0
190013019,'1179457',1929,,2925,51,,,0
190013019,'1179504',729,,2926,51,,,0
190013019,'1179507',959,,2927,51,,,0
190013019,'1179509',1229,,2928,51,,,0
190013019,'1179516',1629,,2929,51,,,0
190013019,'1179531',2129,,2930,51,,,0
190013019,'1179537',929,,2931,51,,,0
190013019,'1179539',1829,,2932,51,,,0
190013019,'1179546',729,,2933,51,,,0
190013019,'1179553',1929,,2934,51,,,0
190013019,'1179581',659,,2935,19,,,0
190013019,'1179591',1729,,2936,51,,,0
190013019,'1179611',1759,,2937,51,,,0
190013019,'1179635',1529,,2938,51,,,0
190013019,'1179694',859,,2939,51,,,0
190013019,'1179701',2129,,2940,51,,,0
190013019,'1179717',1829,,2941,51,,,0
