130029,'1178925',1457,,2343,5,,,0
130029,'1178989',1357,,2344,5,,,0
130029,'1179023',1557,,2345,5,,,0
130029,'1179120',1657,,2346,5,,,0
130029,'1179168',1257,,2347,5,,,0
130029,'1179423',857,,2348,5,,,0
130029,'1179469',1157,,2349,5,,,0
130029,'1179639',957,,2350,5,,,0
130029,'1179657',1057,,2351,5,,,0
190013019,'1178916',1648,,2896,37,,,0
190013019,'1178919',2018,,2897,37,,,0
190013019,'1178920',1148,,2898,37,,,0
190013019,'1178929',818,,2899,37,,,0
190013019,'1178930',1718,,2900,37,,,0
190013019,'1178972',2018,,2901,37,,,0
190013019,'1178983',1248,,2902,37,,,0
190013019,'1178994',2218,,2903,37,,,0
190013019,'1178997',1218,,2904,37,,,0
190013019,'1179048',1548,,2905,37,,,0
190013019,'1179062',1618,,2906,37,,,0
190013019,'1179074',1348,,2907,37,,,0
190013019,'1179087',1318,,2908,37,,,0
190013019,'1179104',1048,,2909,37,,,0
190013019,'1179187',918,,2911,37,,,0
190013019,'1179202',1118,,2912,37,,,0
190013019,'1179203',1018,,2913,37,,,0
190013019,'1179212',1518,,2914,37,,,0
190013019,'1179219',1318,,2915,37,,,0
190013019,'1179243',818,,2916,37,,,0
190013019,'1179287',2218,,2917,37,,,0
190013019,'1179292',1118,,2918,37,,,0
190013019,'1179300',748,,2919,37,,,0
190013019,'1179354',618,,2920,5,,,0
190013019,'1179373',1018,,2921,37,,,0
190013019,'1179380',1418,,2922,37,,,0
190013019,'1179402',1418,,2923,37,,,0
190013019,'1179411',1448,,2924,37,,,0
190013019,'1179457',1918,,2925,37,,,0
190013019,'1179504',718,,2926,37,,,0
190013019,'1179507',948,,2927,37,,,0
190013019,'1179509',1218,,2928,37,,,0
190013019,'1179516',1618,,2929,37,,,0
190013019,'1179531',2118,,2930,37,,,0
190013019,'1179537',918,,2931,37,,,0
190013019,'1179539',1818,,2932,37,,,0
190013019,'1179546',718,,2933,37,,,0
190013019,'1179553',1918,,2934,37,,,0
190013019,'1179581',648,,2935,5,,,0
190013019,'1179591',1718,,2936,37,,,0
190013019,'1179611',1748,,2937,37,,,0
190013019,'1179635',1518,,2938,37,,,0
190013019,'1179694',848,,2939,37,,,0
190013019,'1179701',2118,,2940,37,,,0
190013019,'1179717',1818,,2941,37,,,0
