150029,'1178980',1124,,2388,29,,,0
150029,'1179059',924,,2389,29,,,0
150029,'1179210',1324,,2390,29,,,0
150029,'1179274',1724,,2391,29,,,0
150029,'1179311',1024,,2392,29,,,0
150029,'1179362',1624,,2393,29,,,0
150029,'1179450',1424,,2394,29,,,0
150029,'1179616',1224,,2395,29,,,0
150029,'1179674',1524,,2396,29,,,0
150029,'1179828',1024,,2397,28,,,0
150029,'1179915',1224,,2398,28,,,0
150029,'1179932',924,,2399,28,,,0
150029,'1179948',1524,,2400,28,,,0
150029,'1179983',1324,,2401,28,,,0
150029,'1180009',1124,,2402,28,,,0
150029,'1180017',1724,,2403,28,,,0
150029,'1180040',1624,,2404,28,,,0
150029,'1180079',1424,,2405,28,,,0
140014019,'1178954',1548,,2725,5,,,0
140014019,'1178955',1118,,2726,5,,,0
140014019,'1178974',948,,2727,5,,,0
140014019,'1179007',1748,,2728,5,,,0
140014019,'1179027',1448,,2729,5,,,0
140014019,'1179052',748,,2730,5,,,0
140014019,'1179079',718,,2731,5,,,0
140014019,'1179080',1448,,2732,5,,,0
140014019,'1179082',818,,2733,5,,,0
140014019,'1179084',648,,2734,5,,,0
140014019,'1179111',2148,,2735,5,,,0
140014019,'1179143',748,,2736,5,,,0
140014019,'1179200',1218,,2737,5,,,0
140014019,'1179207',1718,,2738,5,,,0
140014019,'1179221',1348,,2739,5,,,0
140014019,'1179271',1148,,2740,5,,,0
140014019,'1179298',1648,,2741,5,,,0
140014019,'1179320',1418,,2742,5,,,0
140014019,'1179323',948,,2743,5,,,0
140014019,'1179350',848,,2745,5,,,0
140014019,'1179353',1748,,2746,5,,,0
140014019,'1179366',1948,,2747,5,,,0
140014019,'1179392',1548,,2748,5,,,0
140014019,'1179403',1848,,2749,5,,,0
140014019,'1179433',1348,,2751,5,,,0
140014019,'1179443',918,,2752,5,,,0
140014019,'1179446',1148,,2753,5,,,0
140014019,'1179449',1018,,2754,5,,,0
140014019,'1179493',1048,,2755,5,,,0
140014019,'1179524',1648,,2757,5,,,0
140014019,'1179535',1318,,2758,5,,,0
140014019,'1179547',1248,,2759,5,,,0
140014019,'1179557',1818,,2761,5,0,8 21,0
140014019,'1179561',1518,,2762,5,,,0
140014019,'1179577',1248,,2763,5,,,0
140014019,'1179598',2048,,2764,5,,,0
140014019,'1179600',2148,,2765,5,,,0
140014019,'1179608',1848,,2766,5,,,0
140014019,'1179636',1618,,2767,5,,,0
140014019,'1179638',848,,2768,5,,,0
140014019,'1179648',1948,,2769,5,,,0
140014019,'1179654',2048,,2770,5,,,0
140014019,'1179662',1048,,2771,5,,,0
