116019,'1178927',1038,,2202,1,,,0
116019,'1178944',1438,,2203,1,,,0
116019,'1178984',2038,,2204,1,,,0
116019,'1178985',1538,,2205,1,,,0
116019,'1178993',1708,,2206,1,,,0
116019,'1179002',2038,,2207,1,,,0
116019,'1179004',838,,2208,1,,,0
116019,'1179020',1638,,2209,1,,,0
116019,'1179022',1638,,2210,1,,,0
116019,'1179025',1338,,2211,1,,,0
116019,'1179035',938,,2212,1,,,0
116019,'1179036',708,,2213,1,,,0
116019,'1179045',1938,,2214,1,,,0
116019,'1179090',2138,,2215,1,,,0
116019,'1179113',738,,2216,1,,,0
116019,'1179119',638,,2217,1,,,0
116019,'1179186',2138,,2218,1,,,0
116019,'1179192',1838,,2219,1,,,0
116019,'1179204',1838,,2220,1,,,0
116019,'1179214',908,,2221,1,,,0
116019,'1179218',1938,,2222,1,,,0
116019,'1179231',1338,,2223,1,,,0
116019,'1179239',838,,2224,1,,,0
116019,'1179249',1438,,2225,1,,,0
116019,'1179326',1138,,2226,1,,,0
116019,'1179334',1238,,2227,1,,,0
116019,'1179487',1738,,2228,1,,,0
116019,'1179497',1238,,2229,1,,,0
116019,'1179505',1608,,2230,1,,,0
116019,'1179506',1138,,2231,1,,,0
116019,'1179514',1808,,2232,1,,,0
116019,'1179540',1538,,2233,1,,,0
116019,'1179564',1038,,2234,1,,,0
116019,'1179589',938,,2235,1,,,0
116019,'1179630',1738,,2236,1,,,0
116019,'1179645',738,,2237,1,,,0
116019,'1179711',808,,2238,1,,,0
300019,'1178820',1720,4,2120,21,0,23 24 2 25,0
300019,'1178822',1340,5,2122,3,0,23 24 2 26,0
300019,'1178823',740,5,2123,3,0,23 24 2 26,0
300019,'1178824',840,5,2124,3,0,23 24 2 26,0
300019,'1178825',1440,5,2125,3,0,23 24 2 26,0
300019,'1178826',1550,4,2126,21,0,23 24 2 25,0
300019,'1178827',1050,4,2127,21,0,23 24 2 25,0
300019,'1178828',1050,4,2128,21,0,23 24 2 25,0
300019,'1178829',720,4,2129,20,0,23 24 2 25,0
300019,'1178830',1020,4,2130,21,0,23 24 2 25,0
300019,'1178831',750,4,2131,20,0,23 24 2 25,0
300019,'1178832',1010,5,2132,3,0,8 9 2 26,0
300019,'1178833',940,5,2133,3,0,23 24 2 26,0
300019,'1178834',810,5,2134,3,0,23 24 2 26,0
300019,'1178835',950,4,2135,21,0,23 24 2 25,0
300019,'1178836',1850,4,2136,21,0,23 24 2 25,0
300019,'1178837',1740,5,2137,3,0,23 24 2 26,0
300019,'1178839',1140,5,2139,3,0,23 24 2 26,0
300019,'1178840',2050,4,2140,21,0,23 24 2 25,0
300019,'1178841',1150,4,2141,21,0,23 24 2 25,0
300019,'1178842',1240,5,2142,3,0,23 24 2 26,0
300019,'1178843',1650,4,2143,21,0,23 24 2 25,0
300019,'1178844',710,5,2144,3,0,23 24 2 26,0
300019,'1178845',850,4,2145,21,0,23 24 2 25,0
300019,'1178846',1450,4,2146,21,0,23 24 2 25,0
300019,'1178847',1820,4,2147,21,0,23 24 2 25,0
300019,'1178849',1710,5,2149,3,0,23 24 2 26,0
300019,'1178850',940,5,2150,3,0,23 24 2 26,0
300019,'1178851',840,5,2151,3,0,23 24 2 26,0
300019,'1178852',2150,4,2152,21,0,23 24 2 25,0
300019,'1178853',1940,5,2153,3,0,23 24 2 26,0
300019,'1178854',1950,4,2154,21,0,23 24 2 25,0
300019,'1178855',1440,5,2155,3,0,23 24 2 26,0
300019,'1178856',2040,5,2156,3,0,23 24 2 26,0
300019,'1178857',820,4,2157,21,0,23 24 2 25,0
300019,'1178858',1840,5,2158,3,0,23 24 2 26,0
300019,'1178859',1540,5,2159,3,0,23 24 2 26,0
300019,'1178860',850,4,2160,21,0,23 24 2 25,0
300019,'1178861',1250,4,2161,21,0,23 24 2 25,0
300019,'1178862',1740,5,2162,3,0,23 24 2 26,0
300019,'1178863',1350,4,2163,21,0,23 24 2 25,0
300019,'1178864',1040,5,2164,3,0,23 24 2 26,0
300019,'1178865',1550,4,2165,21,0,23 24 2 25,0
300019,'1178866',2140,5,2166,3,0,8 9 2 26,0
300019,'1178867',2040,5,2167,3,0,23 24 2 26,0
300019,'1178868',1750,4,2168,21,0,23 24 2 25,0
300019,'1178869',1750,4,2169,21,0,23 24 2 25,0
300019,'1178870',1840,5,2170,3,0,23 24 2 26,0
300019,'1178872',1340,5,2172,3,0,23 24 2 26,0
300019,'1178873',1350,4,2173,21,0,23 24 2 25,0
300019,'1178875',1140,5,2175,3,0,23 24 2 26,0
300019,'1178877',1940,5,2177,3,0,23 24 2 26,0
300019,'1178878',1610,5,2178,3,0,23 24 2 26,0
300019,'1178879',1540,5,2179,3,0,23 24 2 26,0
300019,'1178880',1150,4,2180,21,0,23 24 2 25,0
300019,'1178881',1250,4,2181,21,0,23 24 2 25,0
300019,'1178882',1850,4,2182,21,0,23 24 2 25,0
300019,'1178883',1450,4,2183,21,0,23 24 2 25,0
300019,'1178884',920,4,2184,21,0,23 24 2 25,0
300019,'1178885',1950,4,2185,21,0,23 24 2 25,0
300019,'1178886',950,4,2186,21,0,23 24 2 25,0
300019,'1178887',2050,4,2187,21,0,23 24 2 25,0
300019,'1178888',1040,5,2188,3,0,23 24 2 26,0
300019,'1178889',1240,5,2189,3,0,23 24 2 26,0
300019,'1178890',910,5,2190,3,0,23 24 2 26,0
300019,'1178891',2140,5,2191,3,0,8 9 2 26,0
300019,'1178892',1640,5,2192,3,0,23 24 2 26,0
300019,'1178894',740,5,2194,3,0,23 24 2 26,0
300019,'1178896',750,4,2196,21,0,23 24 2 25,0
300019,'1178897',2150,4,2197,21,0,23 24 2 25,0
300019,'1178898',1650,4,2198,21,0,23 24 2 25,0
300019,'1178899',1620,4,2199,21,0,23 24 2 25,0
300019,'1178900',1810,5,2200,3,0,8 9 2 26,0
300019,'1178901',1640,5,2201,3,0,23 24 2 26,0
140010019,'1175755',838,,1743,1,,,0
140010019,'1175787',1738,,1744,1,,,0
140010019,'1175798',1738,,1745,1,,,0
140010019,'1175806',1108,,1746,1,0,8 21,0
140010019,'1175825',1538,,1748,1,,,0
140010019,'1175826',1238,,1749,1,,,0
140010019,'1175836',1708,,1750,1,,,0
140010019,'1175840',1938,,1751,1,,,0
140010019,'1175865',1008,,1752,1,0,8 21,0
140010019,'1175890',1938,,1753,1,,,0
140010019,'1175905',2038,,1754,1,,,0
140010019,'1175937',1338,,1755,1,,,0
140010019,'1175943',1638,,1756,1,,,0
140010019,'1175962',2238,,1757,1,0,8 21,0
140010019,'1175995',1038,,1758,1,,,0
140010019,'1176008',708,,1759,1,,,0
140010019,'1176017',738,,1760,1,,,0
140010019,'1176075',1638,,1761,1,,,0
140010019,'1176104',2138,,1762,1,,,0
140010019,'1176141',1238,,1763,1,,,0
140010019,'1176158',1438,,1764,1,,,0
140010019,'1176181',908,,1765,1,0,8 21,0
140010019,'1176198',938,,1766,1,,,0
140010019,'1176208',2138,,1767,1,,,0
140010019,'1176215',1838,,1768,1,,,0
140010019,'1176225',1308,,1769,1,0,8 21,0
140010019,'1176249',1038,,1770,1,,,0
140010019,'1176269',2038,,1771,1,,,0
140010019,'1176278',2238,,1772,1,0,8 21,0
140010019,'1176300',1508,,1773,1,0,8 21,0
140010019,'1176311',938,,1774,1,,,0
140010019,'1176346',808,,1775,1,,,0
140010019,'1176365',838,,1776,1,,,0
140010019,'1176376',1538,,1777,1,,,0
140010019,'1176382',1138,,1778,1,,,0
140010019,'1176449',638,,1779,1,,,0
140010019,'1176452',1208,,1780,1,0,8 21,0
140010019,'1176545',738,,1781,1,,,0
140010019,'1176551',1338,,1782,1,,,0
140010019,'1176579',1608,,1783,1,,,0
140010019,'1176580',1138,,1784,1,,,0
140010019,'1176607',1838,,1785,1,,,0
140010019,'1176612',1808,,1786,1,0,8 21,0
140010019,'1176628',1408,,1787,1,0,8 21,0
140010019,'1176653',1438,,1788,1,,,0
140012019,'1175718',1612,,1789,1,,,0
140012019,'1175861',1842,,1790,1,,,0
140012019,'1175900',1712,,1791,1,,,0
140012019,'1175913',2242,,1792,1,0,8 21,0
140012019,'1175915',2042,,1793,1,,,0
140012019,'1175917',1412,,1794,1,,,0
140012019,'1175919',1942,,1795,1,,,0
140012019,'1175938',742,,1796,1,,,0
140012019,'1175939',1742,,1797,1,,,0
140012019,'1175983',2142,,1798,1,,,0
140012019,'1176007',1242,,1799,1,,,0
140012019,'1176012',1042,,1800,1,,,0
140012019,'1176069',842,,1801,1,,,0
140012019,'1176070',1142,,1802,1,,,0
140012019,'1176091',942,,1803,1,,,0
140012019,'1176103',942,,1805,1,,,0
140012019,'1176117',1142,,1806,1,,,0
140012019,'1176122',2242,,1807,1,0,8 21,0
140012019,'1176163',1842,,1808,1,,,0
140012019,'1176213',1042,,1809,1,,,0
140012019,'1176217',1542,,1810,1,,,0
140012019,'1176245',1742,,1811,1,,,0
140012019,'1176255',842,,1812,1,,,0
140012019,'1176275',1642,,1813,1,,,0
140012019,'1176323',1112,,1814,1,,,0
140012019,'1176336',1812,,1815,1,0,8 21,0
140012019,'1176343',1342,,1816,1,,,0
140012019,'1176354',1442,,1817,1,,,0
140012019,'1176378',1242,,1818,1,,,0
140012019,'1176401',712,,1819,1,,,0
140012019,'1176411',2042,,1820,1,,,0
140012019,'1176440',1442,,1821,1,,,0
140012019,'1176458',642,,1822,1,,,0
140012019,'1176470',1542,,1823,1,,,0
140012019,'1176472',1012,,1824,1,,,0
140012019,'1176483',1312,,1825,1,,,0
140012019,'1176488',1642,,1826,1,,,0
140012019,'1176515',1942,,1827,1,,,0
140012019,'1176526',912,,1828,1,,,0
140012019,'1176532',1212,,1829,1,,,0
140012019,'1176546',2142,,1830,1,,,0
140012019,'1176594',812,,1831,1,,,0
140012019,'1176599',1512,,1832,1,,,0
140012019,'1176626',742,,1833,1,,,0
140012019,'1176676',1342,,1834,1,,,0
190011019,'1175757',2238,,1930,55,4,,0
190011019,'1175788',1838,,1931,55,4,,0
190011019,'1175797',1438,,1932,55,4,,0
190011019,'1175800',1038,,1933,55,4,,0
190011019,'1175811',1608,,1934,31,4,,0
190011019,'1175846',1938,,1935,55,4,,0
190011019,'1175854',1108,,1936,31,4,,0
190011019,'1175866',1808,,1937,55,4,,0
190011019,'1175889',1338,,1939,55,4,,0
190011019,'1175960',1308,,1940,31,4,,0
190011019,'1175990',1238,,1942,55,4,,0
190011019,'1176025',638,,1943,34,4,,0
190011019,'1176026',1338,,1944,55,4,,0
190011019,'1176076',708,,1945,31,4,,0
190011019,'1176086',1038,,1946,55,4,,0
190011019,'1176114',938,,1947,55,4,,0
190011019,'1176152',808,,1948,55,4,,0
190011019,'1176229',2238,,1949,55,4,,0
190011019,'1176246',838,,1950,55,4,,0
190011019,'1176315',738,,1951,55,4,,0
190011019,'1176316',1238,,1952,55,4,,0
190011019,'1176317',1738,,1953,55,4,,0
190011019,'1176322',1008,,1954,55,4,,0
190011019,'1176337',2038,,1955,55,4,,0
190011019,'1176344',1638,,1956,55,4,,0
190011019,'1176353',1638,,1957,55,4,,0
190011019,'1176386',738,,1958,55,4,,0
190011019,'1176406',1508,,1959,31,4,,0
190011019,'1176429',1408,,1960,31,4,,0
190011019,'1176444',1938,,1961,55,4,,0
190011019,'1176445',2138,,1962,55,4,,0
190011019,'1176478',1838,,1963,55,4,,0
190011019,'1176517',1538,,1965,55,4,,0
190011019,'1176557',938,,1966,55,4,,0
190011019,'1176559',2038,,1967,55,4,,0
190011019,'1176563',908,,1968,55,4,,0
190011019,'1176570',1538,,1969,55,4,,0
190011019,'1176581',1208,,1970,31,4,,0
190011019,'1176586',1708,,1971,31,4,,0
190011019,'1176595',1738,,1972,55,4,,0
190011019,'1176605',1138,,1973,55,4,,0
190011019,'1176616',1138,,1974,55,4,,0
190011019,'1176620',838,,1975,55,4,,0
190011019,'1176668',2138,,1976,55,4,,0
190011019,'1176674',1438,,1977,55,4,,0
190013019,'1175728',906,,1978,61,4,,0
190013019,'1175734',1536,,1979,61,4,,0
190013019,'1175770',2036,,1980,61,4,,0
190013019,'1175816',1836,,1982,61,4,,0
190013019,'1175833',1736,,1983,61,4,,0
190013019,'1175860',1406,,1984,61,4,,0
190013019,'1175862',1136,,1985,61,4,,0
190013019,'1175891',1206,,1986,61,4,,0
190013019,'1175892',1006,,1987,61,4,,0
190013019,'1175985',706,,1988,29,4,,0
190013019,'1175994',936,,1989,61,4,,0
190013019,'1176023',836,,1990,61,4,,0
190013019,'1176034',1136,,1991,61,4,,0
190013019,'1176044',1436,,1992,61,4,,0
190013019,'1176064',1106,,1993,61,4,,0
190013019,'1176125',1736,,1994,61,4,,0
190013019,'1176139',1236,,1995,61,4,,0
190013019,'1176167',2236,,1996,61,4,,0
190013019,'1176182',1336,,1997,61,4,,0
190013019,'1176185',806,,1998,61,4,,0
190013019,'1176187',1336,,1999,61,4,,0
190013019,'1176196',1236,,2000,61,4,,0
190013019,'1176261',1036,,2001,61,4,,0
190013019,'1176277',2136,,2002,61,4,,0
190013019,'1176318',1436,,2003,61,4,,0
190013019,'1176331',2036,,2004,61,4,,0
190013019,'1176338',1936,,2005,61,4,,0
190013019,'1176348',1606,,2006,61,4,,0
190013019,'1176367',1636,,2007,61,4,,0
190013019,'1176387',2236,,2008,61,4,,0
190013019,'1176389',836,,2009,61,4,,0
190013019,'1176392',736,,2010,61,4,,0
190013019,'1176394',1636,,2011,61,4,,0
190013019,'1176446',1836,,2012,61,4,,0
190013019,'1176462',2136,,2013,61,4,,0
190013019,'1176473',1936,,2014,61,4,,0
190013019,'1176527',1036,,2015,61,4,,0
190013019,'1176539',1706,,2016,61,4,,0
190013019,'1176543',1506,,2017,61,4,,0
190013019,'1176550',636,,2018,29,4,,0
190013019,'1176567',936,,2019,61,4,,0
190013019,'1176597',1536,,2020,61,4,,0
190013019,'1176614',1306,,2021,61,4,,0
190013019,'1176638',1806,,2022,61,4,,0
190013019,'1176660',736,,2023,61,4,,0
190017019,'1175717',1532,,2072,51,4,,0
190017019,'1175742',1132,,2073,51,4,,0
190017019,'1175751',1132,,2074,51,4,,0
190017019,'1175777',1202,,2075,18,4,,0
190017019,'1175789',732,,2076,51,4,,0
190017019,'1175830',2032,,2077,51,4,,0
190017019,'1175877',1232,,2078,51,4,,0
190017019,'1175947',1732,,2079,51,4,,0
190017019,'1175951',802,,2080,51,4,,0
190017019,'1175978',832,,2081,51,4,,0
190017019,'1176042',1732,,2082,51,4,,0
190017019,'1176058',1532,,2084,51,4,,0
190017019,'1176065',1632,,2085,51,4,,0
190017019,'1176099',1432,,2086,51,4,,0
190017019,'1176116',1602,,2087,18,4,,0
190017019,'1176119',1832,,2088,51,4,,0
190017019,'1176120',1932,,2089,51,4,,0
190017019,'1176130',1332,,2091,51,4,,0
190017019,'1176156',2032,,2092,51,4,,0
190017019,'1176161',1432,,2093,51,4,,0
190017019,'1176166',1002,,2094,51,4,,0
190017019,'1176201',932,,2095,51,4,,0
190017019,'1176209',1402,,2096,18,4,,0
190017019,'1176252',902,,2097,51,4,,0
190017019,'1176264',1502,,2098,18,4,,0
190017019,'1176273',1032,,2099,51,4,,0
190017019,'1176297',1302,,2100,18,4,,0
190017019,'1176303',1702,,2101,51,4,,0
190017019,'1176312',1802,,2102,51,4,,0
190017019,'1176349',1932,,2103,51,4,,0
190017019,'1176380',1102,,2104,18,4,,0
190017019,'1176415',832,,2105,51,4,,0
190017019,'1176420',1232,,2106,51,4,,0
190017019,'1176482',1332,,2108,51,4,,0
190017019,'1176513',732,,2109,51,4,,0
190017019,'1176547',632,,2110,18,4,,0
190017019,'1176554',1832,,2111,51,4,,0
190017019,'1176592',702,,2112,51,4,,0
190017019,'1176601',1632,,2113,51,4,,0
190017019,'1176617',2132,,2114,51,4,,0
190017019,'1176629',1032,,2115,51,4,,0
190017019,'1176637',932,,2116,51,4,,0
190017019,'1176655',2132,,2118,51,4,,0
