120019,'1175885',1815,,1519,49,,,0
120019,'1175923',1602,,1520,49,,,0
120019,'1175952',1402,,1521,49,,,0
120019,'1175971',1102,,1522,49,,,0
120019,'1176115',1202,,1524,49,,,0
120019,'1176305',1702,,1526,49,,,0
120019,'1176431',1502,,1528,49,,,0
120019,'1176538',1002,,1530,49,,,0
120019,'1176625',1302,,1531,49,,,0
140016019,'1175722',1136,,1882,50,,,0
140016019,'1175752',736,,1883,50,,,0
140016019,'1175760',2036,,1884,50,,,0
140016019,'1175852',636,,1887,7,,,0
140016019,'1175908',906,,1888,50,,,0
140016019,'1175922',1236,,1889,50,,,0
140016019,'1175936',836,,1890,50,,,0
140016019,'1175986',1436,,1892,50,,,0
140016019,'1175988',1336,,1893,50,,,0
140016019,'1175989',1836,,1894,50,,,0
140016019,'1176015',936,,1896,50,,,0
140016019,'1176168',1336,,1898,50,,,0
140016019,'1176170',1606,,1899,50,,,0
140016019,'1176241',2136,,1900,50,,,0
140016019,'1176247',806,,1901,50,,,0
140016019,'1176270',2236,,1902,50,,,0
140016019,'1176280',1636,,1903,50,,,0
140016019,'1176296',1536,,1904,50,,,0
140016019,'1176309',2236,,1905,50,,,0
140016019,'1176320',1836,,1906,50,,,0
140016019,'1176381',1036,,1908,50,,,0
140016019,'1176402',2036,,1909,50,,,0
140016019,'1176421',836,,1910,50,,,0
140016019,'1176486',1806,,1911,50,,,0
140016019,'1176492',1136,,1912,50,,,0
140016019,'1176495',1936,,1913,50,,,0
140016019,'1176500',1636,,1914,50,,,0
140016019,'1176504',1736,,1915,50,,,0
140016019,'1176510',1536,,1916,50,,,0
140016019,'1176518',1706,,1917,50,,,0
140016019,'1176524',1036,,1918,50,,,0
140016019,'1176533',936,,1919,50,,,0
140016019,'1176549',706,,1920,7,,,0
140016019,'1176577',2136,,1921,50,,,0
140016019,'1176584',636,,1922,7,,,0
140016019,'1176602',1436,,1924,50,,,0
140016019,'1176610',609,,1925,7,,,0
140016019,'1176621',1936,,1926,50,,,0
140016019,'1176627',1736,,1927,50,,,0
140016019,'1176666',736,,1928,30,,,0
140016019,'1176671',1236,,1929,50,,,0
