150029,'1179828',1008,,2397,16,,,0
150029,'1179915',1208,,2398,16,,,0
150029,'1179932',908,,2399,16,,,0
150029,'1179948',1508,,2400,16,,,0
150029,'1179983',1308,,2401,16,,,0
150029,'1180009',1108,,2402,16,,,0
150029,'1180017',1708,,2403,16,,,0
150029,'1180040',1608,,2404,16,,,0
150029,'1180079',1408,,2405,16,,,0
300019,'1180121',700,,3098,9,0,23 24 2 25,0
300019,'1180122',1000,,3099,14,0,23 24 2 26,0
300019,'1180123',1000,,3100,14,0,23 24 2 26,0
300019,'1180124',1600,,3101,14,0,23 24 2 26,0
300019,'1180125',730,,3102,9,0,23 24 2 25,0
300019,'1180126',1430,,3103,10,0,23 24 2 25,0
300019,'1180127',730,,3104,14,0,23 24 2 26,0
300019,'1180128',1200,,3105,14,0,23 24 2 26,0
300019,'1180129',1800,,3106,14,0,23 24 2 26,0
300019,'1180130',930,,3107,10,0,23 24 2 25,0
300019,'1180131',1230,,3108,10,0,23 24 2 25,0
300019,'1180132',1130,,3109,10,0,23 24 2 25,0
300019,'1180133',2130,,3110,10,0,23 24 2 25,0
300019,'1180134',1600,,3111,10,0,23 24 2 25,0
300019,'1180135',1730,,3112,14,0,23 24 2 26,0
300019,'1180136',830,,3113,10,0,23 24 2 25,0
300019,'1180137',800,,3114,14,0,23 24 2 26,0
300019,'1180138',1130,,3115,10,0,23 24 2 25,0
300019,'1180139',1330,,3116,10,0,23 24 2 25,0
300019,'1180140',1630,,3117,10,0,23 24 2 25,0
300019,'1180141',900,,3118,14,0,23 24 2 26,0
300019,'1180142',1500,,3119,14,0,23 24 2 26,0
300019,'1180143',1800,,3120,10,0,23 24 2 25,0
300019,'1180144',2000,,3121,14,0,23 24 2 26,0
300019,'1180145',1430,,3122,10,0,23 24 2 25,0
300019,'1180146',2000,,3123,14,0,23 24 2 26,0
300019,'1180147',2200,,3124,14,0,8 9 2 26,0
300019,'1180148',1600,,3125,14,0,23 24 2 26,0
300019,'1180149',1500,,3126,14,0,23 24 2 26,0
300019,'1180150',900,,3127,10,0,23 24 2 25,0
300019,'1180151',2030,,3128,10,0,23 24 2 25,0
300019,'1180152',830,,3129,10,0,23 24 2 25,0
300019,'1180153',1100,,3130,14,0,23 24 2 26,0
300019,'1180154',1100,,3131,14,0,23 24 2 26,0
300019,'1180155',1400,,3132,14,0,23 24 2 26,0
300019,'1180156',930,,3133,10,0,23 24 2 25,0
300019,'1180157',2100,,3134,14,0,23 24 2 26,0
300019,'1180158',1830,,3135,14,0,8 9 2 26,0
300019,'1180159',1000,,3136,10,0,23 24 2 25,0
300019,'1180160',1700,,3137,14,0,23 24 2 26,0
300019,'1180161',1730,,3138,10,0,23 24 2 25,0
300019,'1180162',2200,,3139,14,0,8 9 2 26,0
300019,'1180163',1300,,3140,14,0,23 24 2 26,0
300019,'1180164',1030,,3141,10,0,23 24 2 25,0
300019,'1180165',1400,,3142,14,0,23 24 2 26,0
300019,'1180166',1530,,3143,10,0,23 24 2 25,0
300019,'1180167',1230,,3144,10,0,23 24 2 25,0
300019,'1180168',1930,,3145,10,0,23 24 2 25,0
300019,'1180169',1730,,3146,10,0,23 24 2 25,0
300019,'1180170',930,,3147,14,0,23 24 2 26,0
300019,'1180171',800,,3148,14,0,23 24 2 26,0
300019,'1180172',1200,,3149,14,0,23 24 2 26,0
300019,'1180173',1900,,3150,14,0,23 24 2 26,0
300019,'1180174',1300,,3151,14,0,23 24 2 26,0
300019,'1180175',730,,3152,10,0,23 24 2 25,0
300019,'1180176',1030,,3153,10,0,23 24 2 25,0
300019,'1180177',1700,,3154,10,0,23 24 2 25,0
300019,'1180178',1630,,3155,10,0,23 24 2 25,0
300019,'1180179',1530,,3156,10,0,23 24 2 25,0
300019,'1180180',1630,,3157,14,0,23 24 2 26,0
300019,'1180181',2130,,3158,10,0,23 24 2 25,0
300019,'1180182',1830,,3159,10,0,23 24 2 25,0
300019,'1180183',800,,3160,10,0,23 24 2 25,0
300019,'1180184',1700,,3161,14,0,23 24 2 26,0
300019,'1180185',1800,,3162,14,0,23 24 2 26,0
300019,'1180186',830,,3163,14,0,23 24 2 26,0
300019,'1180187',1030,,3164,14,0,8 9 2 26,0
300019,'1180188',2030,,3165,10,0,23 24 2 25,0
300019,'1180189',1930,,3166,10,0,23 24 2 25,0
300019,'1180190',2100,,3167,14,0,23 24 2 26,0
300019,'1180191',1830,,3168,10,0,23 24 2 25,0
300019,'1180192',1900,,3169,14,0,23 24 2 26,0
300019,'1180193',900,,3170,14,0,23 24 2 26,0
300019,'1180194',1330,,3171,10,0,23 24 2 25,0
