140019,'1178969',1316,,2352,2,,,0
140019,'1178977',1516,,2353,2,,,0
140019,'1179164',1616,,2354,2,,,0
140019,'1179344',1416,,2355,2,,,0
140019,'1179352',916,,2356,2,,,0
140019,'1179462',1216,,2357,2,,,0
140019,'1179512',1116,,2358,2,,,0
140019,'1179518',1016,,2359,2,,,0
140019,'1179634',1716,,2360,2,,,0
190011019,'1178950',716,,2849,2,,,0
190011019,'1178970',1846,,2850,2,,,0
190011019,'1179009',1816,,2851,2,0,8 21,0
190011019,'1179040',2046,,2852,2,,,0
190011019,'1179145',846,,2854,2,,,0
190011019,'1179159',1746,,2856,2,,,0
190011019,'1179162',2241,,2857,2,0,12,0
190011019,'1179163',746,,2858,2,,,0
190011019,'1179248',646,,2859,2,,,0
190011019,'1179252',1746,,2860,2,,,0
190011019,'1179276',1946,,2861,2,,,0
190011019,'1179307',646,,2862,2,,,0
190011019,'1179332',1046,,2864,2,,,0
190011019,'1179340',846,,2865,2,,,0
190011019,'1179367',1716,,2866,2,,,0
190011019,'1179394',2146,,2869,2,,,0
190011019,'1179412',2241,,2870,2,0,12,0
190011019,'1179413',1246,,2871,2,,,0
190011019,'1179424',2146,,2872,2,,,0
190011019,'1179426',1346,,2873,2,,,0
190011019,'1179430',1546,,2874,2,,,0
190011019,'1179437',1046,,2875,2,,,0
190011019,'1179438',1546,,2876,2,,,0
190011019,'1179442',1846,,2877,2,,,0
190011019,'1179477',746,,2878,2,,,0
190011019,'1179521',1346,,2879,2,,,0
190011019,'1179528',1146,,2880,2,,,0
190011019,'1179555',1946,,2882,2,,,0
190011019,'1179572',1146,,2883,2,,,0
190011019,'1179590',1446,,2884,2,,,0
190011019,'1179619',1646,,2885,2,,,0
190011019,'1179642',946,,2886,2,,,0
190011019,'1179650',1246,,2887,2,,,0
190011019,'1179666',816,,2889,2,,,0
190011019,'1179677',2046,,2891,2,,,0
190011019,'1179678',916,,2892,2,,,0
190011019,'1179688',1646,,2893,2,,,0
190011019,'1179700',1446,,2894,2,,,0
190011019,'1179709',946,,2895,2,,,0
