140029,'1179802',1603,,2370,40,,,0
140029,'1179837',1403,,2371,40,,,0
140029,'1179865',1816,,2372,40,,,0
140029,'1179930',1303,,2373,40,,,0
140029,'1179947',1703,,2374,40,,,0
140029,'1179984',1503,,2375,40,,,0
140029,'1180047',1003,,2376,40,,,0
140029,'1180060',1103,,2377,40,,,0
140029,'1180076',1203,,2378,40,,,0
140010019,'1178921',1529,,2634,56,,,0
140010019,'1178922',1032,,2635,57,,,0
140010019,'1178936',804,,2636,55,,,0
140010019,'1178979',1132,,2638,57,,,0
140010019,'1179012',834,,2639,56,,,0
140010019,'1179037',2034,,2640,55,,,0
140010019,'1179103',1634,,2641,56,,,0
140010019,'1179131',1229,,2643,56,,,0
140010019,'1179140',2234,,2644,55,,,0
140010019,'1179157',734,,2646,55,,,0
140010019,'1179167',1129,,2647,56,,,0
140010019,'1179178',1834,,2648,56,,,0
140010019,'1179180',2234,,2649,56,,,0
140010019,'1179188',1532,,2650,57,,,0
140010019,'1179217',2034,,2651,56,,,0
140010019,'1179251',1704,,2653,55,,,0
140010019,'1179253',904,,2654,55,,,0
140010019,'1179268',1804,,2655,55,,,0
140010019,'1179270',1734,,2656,56,,,0
140010019,'1179302',734,,2657,23,,,0
140010019,'1179336',934,,2658,55,,,0
140010019,'1179347',834,,2659,55,,,0
140010019,'1179361',2134,,2660,55,,,0
140010019,'1179396',2134,,2661,56,,,0
140010019,'1179415',1232,,2663,57,,,0
140010019,'1179445',1429,,2664,56,,,0
140010019,'1179452',1834,,2665,55,,,0
140010019,'1179453',1432,,2666,57,,,0
140010019,'1179479',1329,,2667,56,,,0
140010019,'1179494',1734,,2669,55,,,0
140010019,'1179496',1634,,2670,55,,,0
140010019,'1179544',1934,,2672,55,,,0
140010019,'1179613',1934,,2674,56,,,0
140010019,'1179620',934,,2675,56,,,0
140010019,'1179659',1332,,2677,57,,,0
140010019,'1179692',1029,,2678,56,,,0
