140029,'1178990',1459,,2361,34,,,0
140029,'1179039',1159,,2362,34,,,0
140029,'1179106',1059,,2363,34,,,0
140029,'1179281',1359,,2364,34,,,0
140029,'1179335',1659,,2365,34,,,0
140029,'1179461',1812,,2366,34,,,0
140029,'1179478',1559,,2367,34,,,0
140029,'1179522',1259,,2368,34,,,0
140029,'1179651',959,,2369,34,,,0
140029,'1179802',1559,,2370,33,,,0
140029,'1179837',1359,,2371,33,,,0
140029,'1179865',1812,,2372,33,,,0
140029,'1179930',1259,,2373,33,,,0
140029,'1179947',1659,,2374,33,,,0
140029,'1179984',1459,,2375,33,,,0
140029,'1180047',959,,2376,33,,,0
140029,'1180060',1059,,2377,33,,,0
140029,'1180076',1159,,2378,33,,,0
140010019,'1178921',1525,,2634,49,,,0
140010019,'1178922',1028,,2635,50,,,0
140010019,'1178936',759,,2636,48,,,0
140010019,'1178979',1128,,2638,50,,,0
140010019,'1179012',829,,2639,49,,,0
140010019,'1179037',2029,,2640,48,,,0
140010019,'1179103',1629,,2641,49,,,0
140010019,'1179131',1225,,2643,49,,,0
140010019,'1179140',2229,,2644,48,,,0
140010019,'1179157',729,,2646,48,,,0
140010019,'1179167',1125,,2647,49,,,0
140010019,'1179178',1829,,2648,49,,,0
140010019,'1179180',2229,,2649,49,,,0
140010019,'1179188',1528,,2650,50,,,0
140010019,'1179217',2029,,2651,49,,,0
140010019,'1179251',1659,,2653,48,,,0
140010019,'1179253',859,,2654,48,,,0
140010019,'1179268',1759,,2655,48,,,0
140010019,'1179270',1729,,2656,49,,,0
140010019,'1179302',729,,2657,16,,,0
140010019,'1179336',929,,2658,48,,,0
140010019,'1179347',829,,2659,48,,,0
140010019,'1179361',2129,,2660,48,,,0
140010019,'1179396',2129,,2661,49,,,0
140010019,'1179415',1228,,2663,50,,,0
140010019,'1179445',1425,,2664,49,,,0
140010019,'1179452',1829,,2665,48,,,0
140010019,'1179453',1428,,2666,50,,,0
140010019,'1179479',1325,,2667,49,,,0
140010019,'1179494',1729,,2669,48,,,0
140010019,'1179496',1629,,2670,48,,,0
140010019,'1179544',1929,,2672,48,,,0
140010019,'1179613',1929,,2674,49,,,0
140010019,'1179620',929,,2675,49,,,0
140010019,'1179659',1328,,2677,50,,,0
140010019,'1179692',1025,,2678,49,,,0
