130029,'1178925',1502,,2343,11,,,0
130029,'1178989',1402,,2344,11,,,0
130029,'1179023',1602,,2345,11,,,0
130029,'1179120',1702,,2346,11,,,0
130029,'1179168',1302,,2347,11,,,0
130029,'1179423',902,,2348,11,,,0
130029,'1179469',1202,,2349,11,,,0
130029,'1179639',1002,,2350,11,,,0
130029,'1179657',1102,,2351,11,,,0
190013019,'1178916',1653,,2896,43,,,0
190013019,'1178919',2023,,2897,43,,,0
190013019,'1178920',1153,,2898,43,,,0
190013019,'1178929',823,,2899,43,,,0
190013019,'1178930',1723,,2900,43,,,0
190013019,'1178972',2023,,2901,43,,,0
190013019,'1178983',1253,,2902,43,,,0
190013019,'1178994',2223,,2903,43,,,0
190013019,'1178997',1223,,2904,43,,,0
190013019,'1179048',1553,,2905,43,,,0
190013019,'1179062',1623,,2906,43,,,0
190013019,'1179074',1353,,2907,43,,,0
190013019,'1179087',1323,,2908,43,,,0
190013019,'1179104',1053,,2909,43,,,0
190013019,'1179187',923,,2911,43,,,0
190013019,'1179202',1123,,2912,43,,,0
190013019,'1179203',1023,,2913,43,,,0
190013019,'1179212',1523,,2914,43,,,0
190013019,'1179219',1323,,2915,43,,,0
190013019,'1179243',823,,2916,43,,,0
190013019,'1179287',2223,,2917,43,,,0
190013019,'1179292',1123,,2918,43,,,0
190013019,'1179300',753,,2919,43,,,0
190013019,'1179354',623,,2920,11,,,0
190013019,'1179373',1023,,2921,43,,,0
190013019,'1179380',1423,,2922,43,,,0
190013019,'1179402',1423,,2923,43,,,0
190013019,'1179411',1453,,2924,43,,,0
190013019,'1179457',1923,,2925,43,,,0
190013019,'1179504',723,,2926,43,,,0
190013019,'1179507',953,,2927,43,,,0
190013019,'1179509',1223,,2928,43,,,0
190013019,'1179516',1623,,2929,43,,,0
190013019,'1179531',2123,,2930,43,,,0
190013019,'1179537',923,,2931,43,,,0
190013019,'1179539',1823,,2932,43,,,0
190013019,'1179546',723,,2933,43,,,0
190013019,'1179553',1923,,2934,43,,,0
190013019,'1179581',653,,2935,11,,,0
190013019,'1179591',1723,,2936,43,,,0
190013019,'1179611',1753,,2937,43,,,0
190013019,'1179635',1523,,2938,43,,,0
190013019,'1179694',853,,2939,43,,,0
190013019,'1179701',2123,,2940,43,,,0
190013019,'1179717',1823,,2941,43,,,0
