120029,'1179032',1531,,2325,27,,,0
120029,'1179055',1331,,2326,27,,,0
120029,'1179056',1631,,2327,27,,,0
120029,'1179099',1731,,2328,27,,,0
120029,'1179153',931,,2329,27,,,0
120029,'1179222',1431,,2330,27,,,0
120029,'1179429',1131,,2331,27,,,0
120029,'1179447',1031,,2332,27,,,0
120029,'1179575',1231,,2333,27,,,0
190017019,'1178932',928,,3019,28,,,0
190017019,'1179000',2158,,3021,28,0,8 21,0
190017019,'1179014',1828,,3022,28,0,8 21,0
190017019,'1179016',628,,3023,28,,,0
190017019,'1179092',658,,3025,28,,,0
190017019,'1179151',1858,,3026,28,,,0
190017019,'1179161',1728,,3027,28,,,0
190017019,'1179277',828,,3028,28,,,0
190017019,'1179427',1258,,3032,28,,,0
190017019,'1179455',1358,,3033,28,,,0
190017019,'1179519',1758,,3035,28,,,0
190017019,'1179529',2258,,3036,28,0,8 21,0
190017019,'1179533',728,,3037,28,,,0
190017019,'1179573',1158,,3039,28,,,0
190017019,'1179579',1058,,3040,28,,,0
190017019,'1179599',2058,,3041,28,,,0
190017019,'1179610',1958,,3042,28,,,0
190017019,'1179626',1628,,3043,28,,,0
190017019,'1179667',758,,3044,28,,,0
190017019,'1179680',1558,,3045,28,,,0
190017019,'1179683',858,,3046,28,,,0
190017019,'1179686',1458,,3047,28,,,0
190017019,'1179699',958,,3048,28,,,0
190017019,'1179710',1658,,3049,28,,,0
190017019,'1179790',1158,,3050,27,,,0
190017019,'1179796',1358,,3051,27,,,0
190017019,'1179813',2258,,3052,27,0,8 21,0
190017019,'1179821',1458,,3053,27,,,0
190017019,'1179824',628,,3054,27,,,0
190017019,'1179832',1058,,3055,27,,,0
190017019,'1179843',858,,3056,27,,,0
190017019,'1179845',2058,,3057,27,,,0
190017019,'1179847',2158,,3058,27,0,8 21,0
190017019,'1179859',1658,,3060,27,,,0
190017019,'1179863',958,,3061,27,,,0
190017019,'1179870',828,,3062,27,,,0
190017019,'1179874',1258,,3063,27,,,0
190017019,'1179876',1858,,3064,27,,,0
190017019,'1179884',1628,,3065,27,,,0
190017019,'1179891',1558,,3066,27,,,0
190017019,'1179895',1828,,3067,27,0,8 21,0
190017019,'1179896',758,,3068,27,,,0
190017019,'1179899',1558,,3069,27,,,0
190017019,'1179905',658,,3070,27,,,0
190017019,'1179912',2058,,3071,27,,,0
190017019,'1179917',1758,,3072,27,,,0
190017019,'1179922',1358,,3073,27,,,0
190017019,'1179924',1458,,3074,27,,,0
190017019,'1179953',2158,,3078,27,0,8 21,0
190017019,'1179955',858,,3079,27,,,0
190017019,'1179971',1258,,3080,27,,,0
190017019,'1179977',1858,,3081,27,,,0
190017019,'1179978',1058,,3082,27,,,0
190017019,'1179979',1728,,3083,27,,,0
190017019,'1179986',758,,3084,27,,,0
190017019,'1179987',958,,3085,27,,,0
190017019,'1179994',1658,,3086,27,,,0
190017019,'1180001',928,,3087,27,,,0
190017019,'1180005',658,,3089,27,,,0
190017019,'1180041',2258,,3091,27,0,8 21,0
190017019,'1180050',1958,,3092,27,,,0
190017019,'1180055',1158,,3093,27,,,0
190017019,'1180056',1758,,3094,27,,,0
190017019,'1180065',1958,,3095,27,,,0
190017019,'1180069',728,,3096,27,,,0
