110019,'1178947',942,,2239,20,,,0
110019,'1178964',1442,,2240,20,,,0
110019,'1178973',1742,,2241,20,,,0
110019,'1179028',1542,,2242,20,,,0
110019,'1179105',1642,,2243,20,,,0
110019,'1179114',1042,,2244,20,,,0
110019,'1179176',1242,,2245,20,,,0
110019,'1179184',1342,,2246,20,,,0
110019,'1179290',1142,,2247,20,,,0
140010019,'1178914',1123,,2633,22,0,8 21,0
140010019,'1178921',1453,,2634,22,,,0
140010019,'1178922',952,,2635,23,,,0
140010019,'1178936',723,,2636,22,,,0
140010019,'1178946',2253,,2637,22,0,8 21,0
140010019,'1178979',1052,,2638,23,,,0
140010019,'1179012',752,,2639,23,,,0
140010019,'1179037',1953,,2640,22,,,0
140010019,'1179103',1552,,2641,23,,,0
140010019,'1179122',1323,,2642,22,0,8 21,0
140010019,'1179131',1153,,2643,22,,,0
140010019,'1179140',2153,,2644,22,,,0
140010019,'1179147',923,,2645,22,0,8 21,0
140010019,'1179157',653,,2646,22,,,0
140010019,'1179167',1053,,2647,22,,,0
140010019,'1179178',1752,,2648,23,,,0
140010019,'1179180',2152,,2649,23,,,0
140010019,'1179188',1452,,2650,23,,,0
140010019,'1179217',1952,,2651,23,,,0
140010019,'1179232',1523,,2652,22,0,8 21,0
140010019,'1179251',1623,,2653,22,,,0
140010019,'1179253',823,,2654,22,,,0
140010019,'1179268',1723,,2655,22,,,0
140010019,'1179270',1652,,2656,23,,,0
140010019,'1179336',853,,2658,22,,,0
140010019,'1179347',753,,2659,22,,,0
140010019,'1179361',2053,,2660,22,,,0
140010019,'1179396',2052,,2661,23,,,0
140010019,'1179408',2252,,2662,23,0,8 21,0
140010019,'1179415',1152,,2663,23,,,0
140010019,'1179445',1353,,2664,22,,,0
140010019,'1179452',1753,,2665,22,,,0
140010019,'1179453',1352,,2666,23,,,0
140010019,'1179479',1253,,2667,22,,,0
140010019,'1179483',1223,,2668,22,0,8 21,0
140010019,'1179494',1653,,2669,22,,,0
140010019,'1179496',1553,,2670,22,,,0
140010019,'1179498',1423,,2671,22,0,8 21,0
140010019,'1179544',1853,,2672,22,,,0
140010019,'1179548',1023,,2673,22,0,8 21,0
140010019,'1179613',1852,,2674,23,,,0
140010019,'1179620',852,,2675,23,,,0
140010019,'1179629',1823,,2676,22,0,8 21,0
140010019,'1179659',1252,,2677,23,,,0
140010019,'1179692',953,,2678,22,,,0
