160029,'1178957',907,,2424,20,,,0
160029,'1179098',1407,,2425,20,,,0
160029,'1179137',1607,,2426,20,,,0
160029,'1179301',1207,,2427,20,,,0
160029,'1179398',1307,,2428,20,,,0
160029,'1179410',1707,,2429,20,,,0
160029,'1179543',1107,,2430,20,,,0
160029,'1179558',1007,,2431,20,,,0
160029,'1179623',1507,,2432,20,,,0
216019,'1178924',759,,2470,22,,,0
216019,'1178948',629,,2471,22,,,0
216019,'1178963',2129,,2472,22,,,0
216019,'1178968',1229,,2473,22,,,0
216019,'1179019',1759,,2474,22,,,0
216019,'1179021',1559,,2475,22,,,0
216019,'1179029',1429,,2476,22,,,0
216019,'1179050',1529,,2477,22,,,0
216019,'1179070',1429,,2478,22,,,0
216019,'1179075',1829,,2479,22,,,0
216019,'1179116',732,,2480,23,,,0
216019,'1179123',1329,,2481,22,,,0
216019,'1179160',1732,,2482,23,,,0
216019,'1179179',2029,,2483,22,,,0
216019,'1179181',1129,,2484,22,,,0
216019,'1179199',929,,2485,22,,,0
216019,'1179206',1529,,2486,22,,,0
216019,'1179328',1029,,2487,22,,,0
216019,'1179338',1229,,2488,22,,,0
216019,'1179345',829,,2489,22,,,0
216019,'1179368',1702,,2490,23,,,0
216019,'1179369',1029,,2491,22,,,0
216019,'1179374',1632,,2492,23,,,0
216019,'1179421',1829,,2493,22,,,0
216019,'1179431',1129,,2494,22,,,0
216019,'1179458',1929,,2495,22,,,0
216019,'1179488',729,,2496,22,,,0
216019,'1179523',1329,,2497,22,,,0
216019,'1179574',2029,,2498,22,,,0
216019,'1179582',1929,,2499,22,,,0
216019,'1179605',859,,2500,22,,,0
216019,'1179647',1729,,2501,22,,,0
216019,'1179669',829,,2502,22,,,0
216019,'1179695',2129,,2503,22,,,0
216019,'1179712',702,,2504,23,,,0
216019,'1179714',929,,2505,22,,,0
216019,'1179719',1629,,2506,22,,,0
