120029,'1179032',1605,,2325,46,,,0
120029,'1179055',1405,,2326,46,,,0
120029,'1179056',1705,,2327,46,,,0
120029,'1179099',1818,,2328,46,,,0
120029,'1179153',1005,,2329,46,,,0
120029,'1179222',1505,,2330,46,,,0
120029,'1179429',1205,,2331,46,,,0
120029,'1179447',1105,,2332,46,,,0
120029,'1179575',1305,,2333,46,,,0
140012019,'1178913',1235,,2679,52,,,0
140012019,'1178923',1235,,2680,52,,,0
140012019,'1178934',1035,,2681,52,,,0
140012019,'1178935',835,,2682,52,,,0
140012019,'1178953',935,,2683,52,,,0
140012019,'1178981',735,,2684,52,,,0
140012019,'1178986',1505,,2685,52,,,0
140012019,'1179006',1405,,2686,52,,,0
140012019,'1179011',805,,2687,52,,,0
140012019,'1179015',1935,,2688,52,,,0
140012019,'1179046',935,,2689,52,,,0
140012019,'1179102',1635,,2690,52,,,0
140012019,'1179154',1435,,2691,52,,,0
140012019,'1179183',2035,,2692,52,,,0
140012019,'1179185',1005,,2693,52,,,0
140012019,'1179230',1035,,2695,52,,,0
140012019,'1179233',1635,,2696,52,,,0
140012019,'1179236',835,,2697,52,,,0
140012019,'1179238',1535,,2698,52,,,0
140012019,'1179244',2135,,2699,52,,,0
140012019,'1179245',1935,,2700,52,,,0
140012019,'1179250',735,,2701,30,,,0
140012019,'1179261',1135,,2703,52,,,0
140012019,'1179316',2035,,2704,52,,,0
140012019,'1179325',905,,2705,52,,,0
140012019,'1179348',1335,,2706,52,,,0
140012019,'1179359',1805,,2707,52,,,0
140012019,'1179372',2235,,2708,52,,,0
140012019,'1179387',1335,,2709,52,,,0
140012019,'1179399',1205,,2710,52,,,0
140012019,'1179425',2135,,2711,52,,,0
140012019,'1179444',1705,,2712,52,,,0
140012019,'1179495',1435,,2713,52,,,0
140012019,'1179499',1605,,2714,52,,,0
140012019,'1179510',1735,,2715,52,,,0
140012019,'1179511',2235,,2716,52,,,0
140012019,'1179526',1835,,2717,52,,,0
140012019,'1179556',1135,,2718,52,,,0
140012019,'1179567',1305,,2719,52,,,0
140012019,'1179644',1835,,2721,52,,,0
140012019,'1179693',1105,,2722,52,,,0
140012019,'1179704',1535,,2723,52,,,0
140012019,'1179715',1735,,2724,52,,,0
