110029,'1178926',1310,,2248,29,,,0
110029,'1179044',910,,2249,29,,,0
110029,'1179118',1110,,2250,29,,,0
110029,'1179173',1210,,2251,29,,,0
110029,'1179459',1710,,2252,29,,,0
110029,'1179534',1410,,2253,29,,,0
110029,'1179542',1610,,2254,29,,,0
110029,'1179690',1010,,2255,29,,,0
110029,'1179707',1510,,2256,29,,,0
130029,'1178925',1514,,2343,27,,,0
130029,'1178989',1414,,2344,27,,,0
130029,'1179023',1614,,2345,27,,,0
130029,'1179120',1714,,2346,27,,,0
130029,'1179168',1314,,2347,27,,,0
130029,'1179423',914,,2348,27,,,0
130029,'1179469',1214,,2349,27,,,0
130029,'1179639',1014,,2350,27,,,0
130029,'1179657',1114,,2351,27,,,0
150029,'1178980',1131,,2388,38,,,0
150029,'1179059',931,,2389,38,,,0
150029,'1179210',1331,,2390,38,,,0
150029,'1179274',1731,,2391,38,,,0
150029,'1179311',1031,,2392,38,,,0
150029,'1179362',1631,,2393,38,,,0
150029,'1179450',1431,,2394,38,,,0
150029,'1179616',1231,,2395,38,,,0
150029,'1179674',1531,,2396,38,,,0
150029,'1179828',1031,,2397,37,,,0
150029,'1179915',1231,,2398,37,,,0
150029,'1179932',931,,2399,37,,,0
150029,'1179948',1531,,2400,37,,,0
150029,'1179983',1331,,2401,37,,,0
150029,'1180009',1131,,2402,37,,,0
150029,'1180017',1731,,2403,37,,,0
150029,'1180040',1631,,2404,37,,,0
150029,'1180079',1431,,2405,37,,,0
200029,'1178971',1116,,2451,27,,,0
200029,'1179034',1716,,2452,27,,,0
200029,'1179043',1316,,2453,27,,,0
200029,'1179091',1516,,2454,27,,,0
200029,'1179144',916,,2455,17,,,0
200029,'1179198',1216,,2456,27,,,0
200029,'1179283',1416,,2458,27,,,0
200029,'1179383',1616,,2459,27,,,0
200029,'1179689',1016,,2460,27,,,0
200029,'1179807',1016,,2461,27,,,0
200029,'1179834',1416,,2462,27,,,0
200029,'1179867',1716,,2463,27,,,0
200029,'1179877',1216,,2464,27,,,0
200029,'1179888',1616,,2465,27,,,0
200029,'1179893',1316,,2466,27,,,0
200029,'1179998',1516,,2467,27,,,0
200029,'1180053',916,,2468,17,,,0
200029,'1180064',1116,,2469,27,,,0
190011019,'1178945',1605,,2848,29,,,0
190011019,'1178950',805,,2849,53,,,0
190011019,'1178970',1935,,2850,53,,,0
190011019,'1179040',2135,,2852,53,,,0
190011019,'1179064',1105,,2853,29,,,0
190011019,'1179145',935,,2854,53,,,0
190011019,'1179146',1205,,2855,29,,,0
190011019,'1179159',1835,,2856,53,,,0
190011019,'1179163',835,,2858,53,,,0
190011019,'1179248',735,,2859,53,,,0
190011019,'1179252',1835,,2860,53,,,0
190011019,'1179276',2035,,2861,53,,,0
190011019,'1179307',735,,2862,53,,,0
190011019,'1179317',1305,,2863,29,,,0
190011019,'1179332',1135,,2864,54,,,0
190011019,'1179340',935,,2865,53,,,0
190011019,'1179367',1805,,2866,53,,,0
190011019,'1179375',1505,,2867,29,,,0
190011019,'1179393',1705,,2868,29,,,0
190011019,'1179394',2235,,2869,53,,,0
190011019,'1179413',1335,,2871,54,,,0
190011019,'1179424',2235,,2872,53,,,0
190011019,'1179426',1435,,2873,54,,,0
190011019,'1179430',1635,,2874,54,,,0
190011019,'1179437',1135,,2875,54,,,0
190011019,'1179438',1635,,2876,54,,,0
190011019,'1179442',1935,,2877,53,,,0
190011019,'1179477',835,,2878,53,,,0
190011019,'1179521',1435,,2879,54,,,0
190011019,'1179528',1235,,2880,54,,,0
190011019,'1179530',705,,2881,29,,,0
190011019,'1179555',2035,,2882,53,,,0
190011019,'1179572',1235,,2883,54,,,0
190011019,'1179590',1535,,2884,54,,,0
190011019,'1179619',1735,,2885,53,,,0
190011019,'1179642',1035,,2886,53,,,0
190011019,'1179650',1335,,2887,54,,,0
190011019,'1179665',635,,2888,32,,,0
190011019,'1179666',905,,2889,53,,,0
190011019,'1179672',1405,,2890,29,,,0
190011019,'1179677',2135,,2891,53,,,0
190011019,'1179678',1005,,2892,53,,,0
190011019,'1179688',1735,,2893,53,,,0
190011019,'1179700',1535,,2894,54,,,0
190011019,'1179709',1035,,2895,53,,,0
190013019,'1178916',1705,,2896,59,,,0
190013019,'1178919',2035,,2897,59,,,0
190013019,'1178920',1205,,2898,59,,,0
190013019,'1178929',835,,2899,59,,,0
190013019,'1178930',1735,,2900,59,,,0
190013019,'1178972',2035,,2901,59,,,0
190013019,'1178983',1305,,2902,59,,,0
190013019,'1178994',2235,,2903,59,,,0
190013019,'1178997',1235,,2904,59,,,0
190013019,'1179048',1605,,2905,59,,,0
190013019,'1179062',1635,,2906,59,,,0
190013019,'1179074',1405,,2907,59,,,0
190013019,'1179087',1335,,2908,59,,,0
190013019,'1179104',1105,,2909,59,,,0
190013019,'1179187',935,,2911,59,,,0
190013019,'1179202',1135,,2912,59,,,0
190013019,'1179203',1035,,2913,59,,,0
190013019,'1179212',1535,,2914,59,,,0
190013019,'1179219',1335,,2915,59,,,0
190013019,'1179243',835,,2916,59,,,0
190013019,'1179287',2235,,2917,59,,,0
190013019,'1179292',1135,,2918,59,,,0
190013019,'1179300',805,,2919,59,,,0
190013019,'1179354',635,,2920,27,,,0
190013019,'1179373',1035,,2921,59,,,0
190013019,'1179380',1435,,2922,59,,,0
190013019,'1179402',1435,,2923,59,,,0
190013019,'1179411',1505,,2924,59,,,0
190013019,'1179457',1935,,2925,59,,,0
190013019,'1179504',735,,2926,59,,,0
190013019,'1179507',1005,,2927,59,,,0
190013019,'1179509',1235,,2928,59,,,0
190013019,'1179516',1635,,2929,59,,,0
190013019,'1179531',2135,,2930,59,,,0
190013019,'1179537',935,,2931,59,,,0
190013019,'1179539',1835,,2932,59,,,0
190013019,'1179546',735,,2933,59,,,0
190013019,'1179553',1935,,2934,59,,,0
190013019,'1179581',705,,2935,27,,,0
190013019,'1179591',1735,,2936,59,,,0
190013019,'1179611',1805,,2937,59,,,0
190013019,'1179635',1535,,2938,59,,,0
190013019,'1179694',905,,2939,59,,,0
190013019,'1179701',2135,,2940,59,,,0
190013019,'1179717',1835,,2941,59,,,0
190017019,'1178932',1000,,3019,49,,,0
190017019,'1178967',1500,,3020,16,,,0
190017019,'1179016',700,,3023,49,,,0
190017019,'1179076',630,,3024,16,,,0
190017019,'1179092',730,,3025,49,,,0
190017019,'1179151',1930,,3026,49,,,0
190017019,'1179161',1800,,3027,49,,,0
190017019,'1179277',900,,3028,49,,,0
190017019,'1179309',1400,,3029,16,,,0
190017019,'1179377',1600,,3030,16,,,0
190017019,'1179384',1300,,3031,16,,,0
190017019,'1179427',1330,,3032,49,,,0
190017019,'1179455',1430,,3033,49,,,0
190017019,'1179492',1200,,3034,16,,,0
190017019,'1179519',1830,,3035,49,,,0
190017019,'1179533',800,,3037,49,,,0
190017019,'1179565',1100,,3038,16,,,0
190017019,'1179573',1230,,3039,49,,,0
190017019,'1179579',1130,,3040,49,,,0
190017019,'1179599',2130,,3041,49,,,0
190017019,'1179610',2030,,3042,49,,,0
190017019,'1179626',1700,,3043,49,,,0
190017019,'1179667',830,,3044,49,,,0
190017019,'1179680',1630,,3045,49,,,0
190017019,'1179683',930,,3046,49,,,0
190017019,'1179686',1530,,3047,49,,,0
190017019,'1179699',1030,,3048,49,,,0
190017019,'1179710',1730,,3049,49,,,0
190017019,'1179790',1230,,3050,48,,,0
190017019,'1179796',1430,,3051,48,,,0
190017019,'1179821',1530,,3053,48,,,0
190017019,'1179824',700,,3054,48,,,0
190017019,'1179832',1130,,3055,48,,,0
190017019,'1179843',930,,3056,48,,,0
190017019,'1179845',2130,,3057,48,,,0
190017019,'1179849',1200,,3059,16,,,0
190017019,'1179859',1730,,3060,48,,,0
190017019,'1179863',1030,,3061,48,,,0
190017019,'1179870',900,,3062,48,,,0
190017019,'1179874',1330,,3063,48,,,0
190017019,'1179876',1930,,3064,48,,,0
190017019,'1179884',1700,,3065,48,,,0
190017019,'1179891',1630,,3066,48,,,0
190017019,'1179896',830,,3068,48,,,0
190017019,'1179899',1630,,3069,48,,,0
190017019,'1179905',730,,3070,48,,,0
190017019,'1179912',2130,,3071,48,,,0
190017019,'1179917',1830,,3072,48,,,0
190017019,'1179922',1430,,3073,48,,,0
190017019,'1179924',1530,,3074,48,,,0
190017019,'1179925',1600,,3075,16,,,0
190017019,'1179941',1300,,3076,16,,,0
190017019,'1179949',630,,3077,16,,,0
190017019,'1179955',930,,3079,48,,,0
190017019,'1179971',1330,,3080,48,,,0
190017019,'1179977',1930,,3081,48,,,0
190017019,'1179978',1130,,3082,48,,,0
190017019,'1179979',1800,,3083,48,,,0
190017019,'1179986',830,,3084,48,,,0
190017019,'1179987',1030,,3085,48,,,0
190017019,'1179994',1730,,3086,48,,,0
190017019,'1180001',1000,,3087,48,,,0
190017019,'1180002',1500,,3088,16,,,0
190017019,'1180005',730,,3089,48,,,0
190017019,'1180033',1400,,3090,16,,,0
190017019,'1180050',2030,,3092,48,,,0
190017019,'1180055',1230,,3093,48,,,0
190017019,'1180056',1830,,3094,48,,,0
190017019,'1180065',2030,,3095,48,,,0
190017019,'1180069',800,,3096,48,,,0
190017019,'1180074',1100,,3097,16,,,0
