116019,'1175732',1549,,1479,21,,,0
116019,'1175756',1349,,1480,21,,,0
116019,'1175773',2049,,1481,21,,,0
116019,'1175832',1819,,1482,21,,,0
116019,'1175918',1649,,1486,21,,,0
116019,'1175942',1749,,1487,21,,,0
116019,'1175949',1719,,1488,21,,,0
116019,'1175954',949,,1489,21,,,0
116019,'1175970',1149,,1491,21,,,0
116019,'1176137',1849,,1495,21,,,0
116019,'1176239',1249,,1497,21,,,0
116019,'1176240',749,,1498,21,,,0
116019,'1176243',649,,1499,21,,,0
116019,'1176254',819,,1500,21,,,0
116019,'1176276',849,,1502,21,,,0
116019,'1176432',719,,1503,21,,,0
116019,'1176433',1619,,1504,21,,,0
116019,'1176442',919,,1505,21,,,0
116019,'1176630',2149,,1509,21,,,0
116019,'1176639',1949,,1510,21,,,0
116019,'1176641',1049,,1511,21,,,0
116019,'1176685',1449,,1514,21,,,0
116019,'1178927',1049,,2202,21,,,0
116019,'1178944',1449,,2203,21,,,0
116019,'1178984',2049,,2204,21,,,0
116019,'1178985',1549,,2205,21,,,0
116019,'1178993',1719,,2206,21,,,0
116019,'1179002',2049,,2207,21,,,0
116019,'1179004',849,,2208,21,,,0
116019,'1179020',1649,,2209,21,,,0
116019,'1179022',1649,,2210,21,,,0
116019,'1179025',1349,,2211,21,,,0
116019,'1179035',949,,2212,21,,,0
116019,'1179036',719,,2213,21,,,0
116019,'1179045',1949,,2214,21,,,0
116019,'1179090',2149,,2215,21,,,0
116019,'1179113',749,,2216,21,,,0
116019,'1179119',649,,2217,21,,,0
116019,'1179186',2149,,2218,21,,,0
116019,'1179192',1849,,2219,21,,,0
116019,'1179204',1849,,2220,21,,,0
116019,'1179214',919,,2221,21,,,0
116019,'1179218',1949,,2222,21,,,0
116019,'1179231',1349,,2223,21,,,0
116019,'1179239',849,,2224,21,,,0
116019,'1179249',1449,,2225,21,,,0
116019,'1179326',1149,,2226,21,,,0
116019,'1179334',1249,,2227,21,,,0
116019,'1179487',1749,,2228,21,,,0
116019,'1179497',1249,,2229,21,,,0
116019,'1179505',1619,,2230,21,,,0
116019,'1179506',1149,,2231,21,,,0
116019,'1179514',1819,,2232,21,,,0
116019,'1179540',1549,,2233,21,,,0
116019,'1179564',1049,,2234,21,,,0
116019,'1179589',949,,2235,21,,,0
116019,'1179630',1749,,2236,21,,,0
116019,'1179645',749,,2237,21,,,0
116019,'1179711',819,,2238,21,,,0
160019,'1175859',1240,,1588,22,,,0
160019,'1176087',1340,,1589,22,,,0
160019,'1176112',1440,,1590,22,,,0
160019,'1176128',1740,,1591,22,,,0
160019,'1176235',1040,,1593,22,,,0
160019,'1176236',1640,,1594,22,,,0
160019,'1176410',1540,,1599,22,,,0
160019,'1176572',940,,1602,22,,,0
160019,'1176585',1140,,1603,22,,,0
