120019,'1178966',1349,,2316,32,,,0
120019,'1178998',1549,,2317,32,,,0
120019,'1179031',1649,,2318,32,,,0
120019,'1179149',1449,,2319,32,,,0
120019,'1179182',1149,,2320,32,,,0
120019,'1179282',949,,2321,32,,,0
120019,'1179296',1802,,2322,32,,,0
120019,'1179596',1049,,2323,32,,,0
120019,'1179628',1249,,2324,32,,,0
140016019,'1178912',1724,,2772,33,,,0
140016019,'1178941',824,,2773,33,,,0
140016019,'1179063',724,,2776,13,,,0
140016019,'1179077',1754,,2777,33,,,0
140016019,'1179112',1924,,2778,33,,,0
140016019,'1179129',1224,,2779,33,,,0
140016019,'1179191',924,,2780,33,,,0
140016019,'1179256',854,,2783,33,,,0
140016019,'1179299',2224,,2785,33,,,0
140016019,'1179304',1324,,2786,33,,,0
140016019,'1179312',1624,,2787,33,,,0
140016019,'1179318',1824,,2788,33,,,0
140016019,'1179330',2024,,2789,33,,,0
140016019,'1179333',1424,,2790,33,,,0
140016019,'1179357',1124,,2792,33,,,0
140016019,'1179371',1524,,2793,33,,,0
140016019,'1179389',1654,,2794,33,,,0
140016019,'1179517',1554,,2797,33,,,0
140016019,'1179536',754,,2798,33,,,0
140016019,'1179538',724,,2799,33,,,0
140016019,'1179601',2124,,2802,33,,,0
140016019,'1179663',1024,,2803,33,,,0
140016019,'1179792',924,,2805,33,,,0
140016019,'1179800',1724,,2806,33,,,0
140016019,'1179808',1924,,2807,33,,,0
140016019,'1179822',1554,,2808,33,,,0
140016019,'1179827',854,,2809,33,,,0
140016019,'1179831',1624,,2810,33,,,0
140016019,'1179835',2224,,2811,33,,,0
140016019,'1179868',1654,,2815,33,,,0
140016019,'1179875',1124,,2816,33,,,0
140016019,'1179886',1424,,2818,33,,,0
140016019,'1179907',1724,,2821,33,,,0
140016019,'1179913',1754,,2822,33,,,0
140016019,'1179926',1324,,2823,33,,,0
140016019,'1179938',1524,,2824,33,,,0
140016019,'1179943',2124,,2825,33,,,0
140016019,'1179945',824,,2826,33,,,0
140016019,'1179958',1424,,2827,33,,,0
140016019,'1179963',1824,,2828,33,,,0
140016019,'1179974',1024,,2829,33,,,0
140016019,'1179976',724,,2830,33,,,0
140016019,'1179989',924,,2831,33,,,0
140016019,'1179991',1524,,2832,33,,,0
140016019,'1179997',1624,,2833,33,,,0
140016019,'1180006',1024,,2834,33,,,0
140016019,'1180012',1924,,2835,33,,,0
140016019,'1180018',1124,,2836,33,,,0
140016019,'1180019',2224,,2837,33,,,0
140016019,'1180020',2024,,2838,33,,,0
140016019,'1180023',1324,,2839,33,,,0
140016019,'1180024',754,,2840,33,,,0
140016019,'1180028',824,,2841,33,,,0
140016019,'1180031',2024,,2842,33,,,0
140016019,'1180048',2124,,2843,33,,,0
140016019,'1180057',1824,,2844,33,,,0
140016019,'1180072',1224,,2846,33,,,0
140016019,'1180078',1224,,2847,33,,,0
