140010019,'1175755',930,,1743,51,,,0
140010019,'1175787',1830,,1744,51,,,0
140010019,'1175798',1830,,1745,51,,,0
140010019,'1175810',730,,1747,18,,,0
140010019,'1175825',1630,,1748,51,,,0
140010019,'1175826',1325,,1749,52,,,0
140010019,'1175836',1800,,1750,51,,,0
140010019,'1175840',2030,,1751,51,,,0
140010019,'1175890',2030,,1753,51,,,0
140010019,'1175905',2130,,1754,51,,,0
140010019,'1175937',1425,,1755,52,,,0
140010019,'1175943',1730,,1756,51,,,0
140010019,'1175995',1125,,1758,52,,,0
140010019,'1176008',800,,1759,51,,,0
140010019,'1176017',830,,1760,51,,,0
140010019,'1176075',1730,,1761,51,,,0
140010019,'1176104',2230,,1762,51,,,0
140010019,'1176141',1328,,1763,52,,,0
140010019,'1176158',1528,,1764,52,,,0
140010019,'1176198',1028,,1766,52,,,0
140010019,'1176208',2230,,1767,51,,,0
140010019,'1176215',1930,,1768,51,,,0
140010019,'1176249',1128,,1770,52,,,0
140010019,'1176269',2130,,1771,51,,,0
140010019,'1176311',1025,,1774,52,,,0
140010019,'1176346',900,,1775,51,,,0
140010019,'1176365',930,,1776,51,,,0
140010019,'1176376',1630,,1777,51,,,0
140010019,'1176382',1225,,1778,52,,,0
140010019,'1176449',730,,1779,51,,,0
140010019,'1176545',830,,1781,51,,,0
140010019,'1176551',1428,,1782,52,,,0
140010019,'1176579',1700,,1783,51,,,0
140010019,'1176580',1228,,1784,52,,,0
140010019,'1176607',1930,,1785,51,,,0
140010019,'1176653',1525,,1788,52,,,0
