140029,'1178990',1448,,2361,22,,,0
140029,'1179039',1148,,2362,22,,,0
140029,'1179106',1048,,2363,22,,,0
140029,'1179281',1348,,2364,22,,,0
140029,'1179335',1648,,2365,22,,,0
140029,'1179461',1801,,2366,22,,,0
140029,'1179478',1548,,2367,22,,,0
140029,'1179522',1248,,2368,22,,,0
140029,'1179651',948,,2369,22,,,0
140029,'1179802',1548,,2370,21,,,0
140029,'1179837',1348,,2371,21,,,0
140029,'1179865',1801,,2372,21,,,0
140029,'1179930',1248,,2373,21,,,0
140029,'1179947',1648,,2374,21,,,0
140029,'1179984',1448,,2375,21,,,0
140029,'1180047',948,,2376,21,,,0
140029,'1180060',1048,,2377,21,,,0
140029,'1180076',1148,,2378,21,,,0
140012019,'1178913',1221,,2679,32,,,0
140012019,'1178923',1221,,2680,32,,,0
140012019,'1178934',1021,,2681,32,,,0
140012019,'1178935',821,,2682,32,,,0
140012019,'1178953',921,,2683,32,,,0
140012019,'1178981',721,,2684,32,,,0
140012019,'1178986',1451,,2685,32,,,0
140012019,'1179006',1351,,2686,32,,,0
140012019,'1179011',751,,2687,32,,,0
140012019,'1179015',1921,,2688,32,,,0
140012019,'1179046',921,,2689,32,,,0
140012019,'1179102',1621,,2690,32,,,0
140012019,'1179154',1421,,2691,32,,,0
140012019,'1179183',2021,,2692,32,,,0
140012019,'1179185',951,,2693,32,,,0
140012019,'1179230',1021,,2695,32,,,0
140012019,'1179233',1621,,2696,32,,,0
140012019,'1179236',821,,2697,32,,,0
140012019,'1179238',1521,,2698,32,,,0
140012019,'1179244',2121,,2699,32,,,0
140012019,'1179245',1921,,2700,32,,,0
140012019,'1179250',721,,2701,10,,,0
140012019,'1179261',1121,,2703,32,,,0
140012019,'1179316',2021,,2704,32,,,0
140012019,'1179325',851,,2705,32,,,0
140012019,'1179348',1321,,2706,32,,,0
140012019,'1179359',1751,,2707,32,,,0
140012019,'1179372',2221,,2708,32,,,0
140012019,'1179387',1321,,2709,32,,,0
140012019,'1179399',1151,,2710,32,,,0
140012019,'1179425',2121,,2711,32,,,0
140012019,'1179444',1651,,2712,32,,,0
140012019,'1179495',1421,,2713,32,,,0
140012019,'1179499',1551,,2714,32,,,0
140012019,'1179510',1721,,2715,32,,,0
140012019,'1179511',2221,,2716,32,,,0
140012019,'1179526',1821,,2717,32,,,0
140012019,'1179556',1121,,2718,32,,,0
140012019,'1179567',1251,,2719,32,,,0
140012019,'1179644',1821,,2721,32,,,0
140012019,'1179693',1051,,2722,32,,,0
140012019,'1179704',1521,,2723,32,,,0
140012019,'1179715',1721,,2724,32,,,0
