300019,'1179799',1037,,2563,18,0,8 9 2 26,0
300019,'1179823',1907,,2567,18,0,23 24 2 26,0
300019,'1179833',1007,,2569,18,0,23 24 2 26,0
300019,'1179836',937,,2570,18,0,23 24 2 26,0
300019,'1179840',1507,,2571,18,0,23 24 2 26,0
300019,'1179841',2107,,2572,18,0,23 24 2 26,0
300019,'1179850',807,,2575,18,0,23 24 2 26,0
300019,'1179894',1607,,2591,18,0,23 24 2 26,0
300019,'1179906',1307,,2594,18,0,23 24 2 26,0
300019,'1179908',737,,2595,18,0,23 24 2 26,0
300019,'1179942',2207,,2602,18,0,8 9 2 26,0
300019,'1179957',1107,,2605,18,0,23 24 2 26,0
300019,'1179970',2007,,2610,18,0,23 24 2 26,0
300019,'1179981',1707,,2611,18,0,23 24 2 26,0
300019,'1179988',837,,2612,18,0,23 24 2 26,0
300019,'1179996',1637,,2615,18,0,23 24 2 26,0
300019,'1180000',1407,,2616,18,0,23 24 2 26,0
300019,'1180022',1737,,2618,18,0,23 24 2 26,0
300019,'1180035',907,,2620,18,0,23 24 2 26,0
300019,'1180043',1207,,2624,18,0,23 24 2 26,0
300019,'1180046',1837,,2625,18,0,8 9 2 26,0
300019,'1180061',1807,,2629,18,0,23 24 2 26,0
300019,'1180122',1007,,3099,19,0,23 24 2 26,0
300019,'1180123',1007,,3100,19,0,23 24 2 26,0
300019,'1180124',1607,,3101,19,0,23 24 2 26,0
300019,'1180127',737,,3104,19,0,23 24 2 26,0
300019,'1180128',1207,,3105,19,0,23 24 2 26,0
300019,'1180129',1807,,3106,19,0,23 24 2 26,0
300019,'1180135',1737,,3112,19,0,23 24 2 26,0
300019,'1180137',807,,3114,19,0,23 24 2 26,0
300019,'1180141',907,,3118,19,0,23 24 2 26,0
300019,'1180142',1507,,3119,19,0,23 24 2 26,0
300019,'1180144',2007,,3121,19,0,23 24 2 26,0
300019,'1180146',2007,,3123,19,0,23 24 2 26,0
300019,'1180147',2207,,3124,19,0,8 9 2 26,0
300019,'1180148',1607,,3125,19,0,23 24 2 26,0
300019,'1180149',1507,,3126,19,0,23 24 2 26,0
300019,'1180153',1107,,3130,19,0,23 24 2 26,0
300019,'1180154',1107,,3131,19,0,23 24 2 26,0
300019,'1180155',1407,,3132,19,0,23 24 2 26,0
300019,'1180157',2107,,3134,19,0,23 24 2 26,0
300019,'1180158',1837,,3135,19,0,8 9 2 26,0
300019,'1180160',1707,,3137,19,0,23 24 2 26,0
300019,'1180162',2207,,3139,19,0,8 9 2 26,0
300019,'1180163',1307,,3140,19,0,23 24 2 26,0
300019,'1180165',1407,,3142,19,0,23 24 2 26,0
300019,'1180170',937,,3147,19,0,23 24 2 26,0
300019,'1180171',807,,3148,19,0,23 24 2 26,0
300019,'1180172',1207,,3149,19,0,23 24 2 26,0
300019,'1180173',1907,,3150,19,0,23 24 2 26,0
300019,'1180174',1307,,3151,19,0,23 24 2 26,0
300019,'1180180',1637,,3157,19,0,23 24 2 26,0
300019,'1180184',1707,,3161,19,0,23 24 2 26,0
300019,'1180185',1807,,3162,19,0,23 24 2 26,0
300019,'1180186',837,,3163,19,0,23 24 2 26,0
300019,'1180187',1037,,3164,19,0,8 9 2 26,0
300019,'1180190',2107,,3167,19,0,23 24 2 26,0
300019,'1180192',1907,,3169,19,0,23 24 2 26,0
300019,'1180193',907,,3170,19,0,23 24 2 26,0
