130029,'1178925',1456,,2343,3,,,0
130029,'1178989',1356,,2344,3,,,0
130029,'1179023',1556,,2345,3,,,0
130029,'1179120',1656,,2346,3,,,0
130029,'1179168',1256,,2347,3,,,0
130029,'1179423',856,,2348,3,,,0
130029,'1179469',1156,,2349,3,,,0
130029,'1179639',956,,2350,3,,,0
130029,'1179657',1056,,2351,3,,,0
200019,'1179038',1501,,2433,21,,,0
200019,'1179081',1701,,2434,21,,,0
200019,'1179174',1001,,2435,21,,,0
200019,'1179259',1201,,2436,21,,,0
200019,'1179289',1601,,2437,21,,,0
200019,'1179460',1753,,2438,21,,,0
200019,'1179585',1101,,2439,21,,,0
200019,'1179594',1401,,2440,21,,,0
200019,'1179655',1301,,2441,21,,,0
200019,'1179798',1401,,2442,21,,,0
200019,'1179810',1601,,2443,21,,,0
200019,'1179901',1201,,2444,21,,,0
200019,'1179903',1753,,2445,21,,,0
200019,'1179911',1501,,2446,21,,,0
200019,'1179939',1101,,2447,21,,,0
200019,'1179968',1701,,2448,21,,,0
200019,'1179973',1001,,2449,21,,,0
200019,'1180054',1301,,2450,21,,,0
140010019,'1178921',1516,,2634,35,,,0
140010019,'1178922',1016,,2635,36,,,0
140010019,'1178936',746,,2636,35,,,0
140010019,'1178979',1116,,2638,36,,,0
140010019,'1179012',816,,2639,36,,,0
140010019,'1179037',2016,,2640,35,,,0
140010019,'1179103',1616,,2641,36,,,0
140010019,'1179131',1216,,2643,35,,,0
140010019,'1179140',2216,,2644,35,,,0
140010019,'1179157',716,,2646,35,,,0
140010019,'1179167',1116,,2647,35,,,0
140010019,'1179178',1816,,2648,36,,,0
140010019,'1179180',2216,,2649,36,,,0
140010019,'1179188',1516,,2650,36,,,0
140010019,'1179217',2016,,2651,36,,,0
140010019,'1179251',1646,,2653,35,,,0
140010019,'1179253',846,,2654,35,,,0
140010019,'1179268',1746,,2655,35,,,0
140010019,'1179270',1716,,2656,36,,,0
140010019,'1179302',716,,2657,3,,,0
140010019,'1179336',916,,2658,35,,,0
140010019,'1179347',816,,2659,35,,,0
140010019,'1179361',2116,,2660,35,,,0
140010019,'1179396',2116,,2661,36,,,0
140010019,'1179415',1216,,2663,36,,,0
140010019,'1179445',1416,,2664,35,,,0
140010019,'1179452',1816,,2665,35,,,0
140010019,'1179453',1416,,2666,36,,,0
140010019,'1179479',1316,,2667,35,,,0
140010019,'1179494',1716,,2669,35,,,0
140010019,'1179496',1616,,2670,35,,,0
140010019,'1179544',1916,,2672,35,,,0
140010019,'1179613',1916,,2674,36,,,0
140010019,'1179620',916,,2675,36,,,0
140010019,'1179659',1316,,2677,36,,,0
140010019,'1179692',1016,,2678,35,,,0
140012019,'1178913',1216,,2679,25,,,0
140012019,'1178923',1216,,2680,25,,,0
140012019,'1178934',1016,,2681,25,,,0
140012019,'1178935',816,,2682,25,,,0
140012019,'1178953',916,,2683,25,,,0
140012019,'1178981',716,,2684,25,,,0
140012019,'1178986',1446,,2685,25,,,0
140012019,'1179006',1346,,2686,25,,,0
140012019,'1179011',746,,2687,25,,,0
140012019,'1179015',1916,,2688,25,,,0
140012019,'1179046',916,,2689,25,,,0
140012019,'1179102',1616,,2690,25,,,0
140012019,'1179154',1416,,2691,25,,,0
140012019,'1179183',2016,,2692,25,,,0
140012019,'1179185',946,,2693,25,,,0
140012019,'1179230',1016,,2695,25,,,0
140012019,'1179233',1616,,2696,25,,,0
140012019,'1179236',816,,2697,25,,,0
140012019,'1179238',1516,,2698,25,,,0
140012019,'1179244',2116,,2699,25,,,0
140012019,'1179245',1916,,2700,25,,,0
140012019,'1179250',716,,2701,3,,,0
140012019,'1179261',1116,,2703,25,,,0
140012019,'1179316',2016,,2704,25,,,0
140012019,'1179325',846,,2705,25,,,0
140012019,'1179348',1316,,2706,25,,,0
140012019,'1179359',1746,,2707,25,,,0
140012019,'1179372',2216,,2708,25,,,0
140012019,'1179387',1316,,2709,25,,,0
140012019,'1179399',1146,,2710,25,,,0
140012019,'1179425',2116,,2711,25,,,0
140012019,'1179444',1646,,2712,25,,,0
140012019,'1179495',1416,,2713,25,,,0
140012019,'1179499',1546,,2714,25,,,0
140012019,'1179510',1716,,2715,25,,,0
140012019,'1179511',2216,,2716,25,,,0
140012019,'1179526',1816,,2717,25,,,0
140012019,'1179556',1116,,2718,25,,,0
140012019,'1179567',1246,,2719,25,,,0
140012019,'1179644',1816,,2721,25,,,0
140012019,'1179693',1046,,2722,25,,,0
140012019,'1179704',1516,,2723,25,,,0
140012019,'1179715',1716,,2724,25,,,0
140014019,'1178954',1616,,2725,24,,,0
140014019,'1178955',1146,,2726,24,,,0
140014019,'1178974',1016,,2727,24,,,0
140014019,'1179007',1816,,2728,24,,,0
140014019,'1179027',1516,,2729,24,,,0
140014019,'1179052',816,,2730,24,,,0
140014019,'1179079',746,,2731,24,,,0
140014019,'1179080',1516,,2732,24,,,0
140014019,'1179082',846,,2733,24,,,0
140014019,'1179084',716,,2734,24,,,0
140014019,'1179111',2216,,2735,24,,,0
140014019,'1179143',816,,2736,24,,,0
140014019,'1179200',1246,,2737,24,,,0
140014019,'1179207',1746,,2738,24,,,0
140014019,'1179221',1416,,2739,24,,,0
140014019,'1179271',1216,,2740,24,,,0
140014019,'1179298',1716,,2741,24,,,0
140014019,'1179320',1446,,2742,24,,,0
140014019,'1179323',1016,,2743,24,,,0
140014019,'1179350',916,,2745,24,,,0
140014019,'1179353',1816,,2746,24,,,0
140014019,'1179366',2016,,2747,24,,,0
140014019,'1179392',1616,,2748,24,,,0
140014019,'1179403',1916,,2749,24,,,0
140014019,'1179417',716,,2750,3,,,0
140014019,'1179433',1416,,2751,24,,,0
140014019,'1179443',946,,2752,24,,,0
140014019,'1179446',1216,,2753,24,,,0
140014019,'1179449',1046,,2754,24,,,0
140014019,'1179493',1116,,2755,24,,,0
140014019,'1179524',1716,,2757,24,,,0
140014019,'1179535',1346,,2758,24,,,0
140014019,'1179547',1316,,2759,24,,,0
140014019,'1179550',646,,2760,3,,,0
140014019,'1179561',1546,,2762,24,,,0
140014019,'1179577',1316,,2763,24,,,0
140014019,'1179598',2116,,2764,24,,,0
140014019,'1179600',2216,,2765,24,,,0
140014019,'1179608',1916,,2766,24,,,0
140014019,'1179636',1646,,2767,24,,,0
140014019,'1179638',916,,2768,24,,,0
140014019,'1179648',2016,,2769,24,,,0
140014019,'1179654',2116,,2770,24,,,0
140014019,'1179662',1116,,2771,24,,,0
140016019,'1178912',1716,,2772,23,,,0
140016019,'1178941',816,,2773,23,,,0
140016019,'1179063',716,,2776,3,,,0
140016019,'1179077',1746,,2777,23,,,0
140016019,'1179112',1916,,2778,23,,,0
140016019,'1179129',1216,,2779,23,,,0
140016019,'1179191',916,,2780,23,,,0
140016019,'1179256',846,,2783,23,,,0
140016019,'1179299',2216,,2785,23,,,0
140016019,'1179304',1316,,2786,23,,,0
140016019,'1179312',1616,,2787,23,,,0
140016019,'1179318',1816,,2788,23,,,0
140016019,'1179330',2016,,2789,23,,,0
140016019,'1179333',1416,,2790,23,,,0
140016019,'1179357',1116,,2792,23,,,0
140016019,'1179371',1516,,2793,23,,,0
140016019,'1179389',1646,,2794,23,,,0
140016019,'1179517',1546,,2797,23,,,0
140016019,'1179536',746,,2798,23,,,0
140016019,'1179538',716,,2799,23,,,0
140016019,'1179601',2116,,2802,23,,,0
140016019,'1179663',1016,,2803,23,,,0
140016019,'1179792',916,,2805,23,,,0
140016019,'1179800',1716,,2806,23,,,0
140016019,'1179808',1916,,2807,23,,,0
140016019,'1179822',1546,,2808,23,,,0
140016019,'1179827',846,,2809,23,,,0
140016019,'1179831',1616,,2810,23,,,0
140016019,'1179835',2216,,2811,23,,,0
140016019,'1179868',1646,,2815,23,,,0
140016019,'1179875',1116,,2816,23,,,0
140016019,'1179886',1416,,2818,23,,,0
140016019,'1179907',1716,,2821,23,,,0
140016019,'1179913',1746,,2822,23,,,0
140016019,'1179926',1316,,2823,23,,,0
140016019,'1179938',1516,,2824,23,,,0
140016019,'1179943',2116,,2825,23,,,0
140016019,'1179945',816,,2826,23,,,0
140016019,'1179958',1416,,2827,23,,,0
140016019,'1179963',1816,,2828,23,,,0
140016019,'1179974',1016,,2829,23,,,0
140016019,'1179976',716,,2830,23,,,0
140016019,'1179989',916,,2831,23,,,0
140016019,'1179991',1516,,2832,23,,,0
140016019,'1179997',1616,,2833,23,,,0
140016019,'1180006',1016,,2834,23,,,0
140016019,'1180012',1916,,2835,23,,,0
140016019,'1180018',1116,,2836,23,,,0
140016019,'1180019',2216,,2837,23,,,0
140016019,'1180020',2016,,2838,23,,,0
140016019,'1180023',1316,,2839,23,,,0
140016019,'1180024',746,,2840,23,,,0
140016019,'1180028',816,,2841,23,,,0
140016019,'1180031',2016,,2842,23,,,0
140016019,'1180048',2116,,2843,23,,,0
140016019,'1180057',1816,,2844,23,,,0
140016019,'1180072',1216,,2846,23,,,0
140016019,'1180078',1216,,2847,23,,,0
190013019,'1178916',1646,,2896,35,,,0
190013019,'1178919',2016,,2897,35,,,0
190013019,'1178920',1146,,2898,35,,,0
190013019,'1178929',816,,2899,35,,,0
190013019,'1178930',1716,,2900,35,,,0
190013019,'1178972',2016,,2901,35,,,0
190013019,'1178983',1246,,2902,35,,,0
190013019,'1178994',2216,,2903,35,,,0
190013019,'1178997',1216,,2904,35,,,0
190013019,'1179048',1546,,2905,35,,,0
190013019,'1179062',1616,,2906,35,,,0
190013019,'1179074',1346,,2907,35,,,0
190013019,'1179087',1316,,2908,35,,,0
190013019,'1179104',1046,,2909,35,,,0
190013019,'1179187',916,,2911,35,,,0
190013019,'1179202',1116,,2912,35,,,0
190013019,'1179203',1016,,2913,35,,,0
190013019,'1179212',1516,,2914,35,,,0
190013019,'1179219',1316,,2915,35,,,0
190013019,'1179243',816,,2916,35,,,0
190013019,'1179287',2216,,2917,35,,,0
190013019,'1179292',1116,,2918,35,,,0
190013019,'1179300',746,,2919,35,,,0
190013019,'1179354',616,,2920,3,,,0
190013019,'1179373',1016,,2921,35,,,0
190013019,'1179380',1416,,2922,35,,,0
190013019,'1179402',1416,,2923,35,,,0
190013019,'1179411',1446,,2924,35,,,0
190013019,'1179457',1916,,2925,35,,,0
190013019,'1179504',716,,2926,35,,,0
190013019,'1179507',946,,2927,35,,,0
190013019,'1179509',1216,,2928,35,,,0
190013019,'1179516',1616,,2929,35,,,0
190013019,'1179531',2116,,2930,35,,,0
190013019,'1179537',916,,2931,35,,,0
190013019,'1179539',1816,,2932,35,,,0
190013019,'1179546',716,,2933,35,,,0
190013019,'1179553',1916,,2934,35,,,0
190013019,'1179581',646,,2935,3,,,0
190013019,'1179591',1716,,2936,35,,,0
190013019,'1179611',1746,,2937,35,,,0
190013019,'1179635',1516,,2938,35,,,0
190013019,'1179694',846,,2939,35,,,0
190013019,'1179701',2116,,2940,35,,,0
190013019,'1179717',1816,,2941,35,,,0
