110029,'1175720',1205,,1460,19,,,0
110029,'1175910',905,,1463,19,,,0
110029,'1175948',1705,,1464,19,,,0
110029,'1176063',1505,,1465,19,,,0
110029,'1176079',1405,,1466,19,,,0
110029,'1176108',1005,,1467,19,,,0
110029,'1176321',1105,,1471,19,,,0
110029,'1176658',1605,,1476,19,,,0
110029,'1176675',1305,,1477,19,,,0
116019,'1175732',1555,,1479,32,,,0
116019,'1175756',1355,,1480,32,,,0
116019,'1175773',2055,,1481,32,,,0
116019,'1175832',1825,,1482,32,,,0
116019,'1175918',1659,,1486,33,,,0
116019,'1175942',1755,,1487,32,,,0
116019,'1175949',1729,,1488,33,,,0
116019,'1175954',955,,1489,32,,,0
116019,'1175970',1155,,1491,32,,,0
116019,'1176137',1855,,1495,32,,,0
116019,'1176239',1255,,1497,32,,,0
116019,'1176240',755,,1498,32,,,0
116019,'1176243',659,,1499,33,,,0
116019,'1176254',825,,1500,32,,,0
116019,'1176276',855,,1502,32,,,0
116019,'1176432',729,,1503,33,,,0
116019,'1176433',1625,,1504,32,,,0
116019,'1176442',925,,1505,32,,,0
116019,'1176630',2155,,1509,32,,,0
116019,'1176639',1955,,1510,32,,,0
116019,'1176641',1055,,1511,32,,,0
116019,'1176685',1455,,1514,32,,,0
116019,'1178927',1055,,2202,32,,,0
116019,'1178944',1455,,2203,32,,,0
116019,'1178984',2055,,2204,32,,,0
116019,'1178985',1555,,2205,32,,,0
116019,'1178993',1729,,2206,33,,,0
116019,'1179002',2055,,2207,32,,,0
116019,'1179004',855,,2208,32,,,0
116019,'1179020',1655,,2209,32,,,0
116019,'1179022',1659,,2210,33,,,0
116019,'1179025',1355,,2211,32,,,0
116019,'1179035',955,,2212,32,,,0
116019,'1179036',729,,2213,33,,,0
116019,'1179045',1955,,2214,32,,,0
116019,'1179090',2155,,2215,32,,,0
116019,'1179113',755,,2216,32,,,0
116019,'1179119',659,,2217,33,,,0
116019,'1179186',2155,,2218,32,,,0
116019,'1179192',1855,,2219,32,,,0
116019,'1179204',1855,,2220,32,,,0
116019,'1179214',925,,2221,32,,,0
116019,'1179218',1955,,2222,32,,,0
116019,'1179231',1355,,2223,32,,,0
116019,'1179239',855,,2224,32,,,0
116019,'1179249',1455,,2225,32,,,0
116019,'1179326',1155,,2226,32,,,0
116019,'1179334',1255,,2227,32,,,0
116019,'1179487',1755,,2228,32,,,0
116019,'1179497',1255,,2229,32,,,0
116019,'1179505',1625,,2230,32,,,0
116019,'1179506',1155,,2231,32,,,0
116019,'1179514',1825,,2232,32,,,0
116019,'1179540',1555,,2233,32,,,0
116019,'1179564',1055,,2234,32,,,0
116019,'1179589',955,,2235,32,,,0
116019,'1179630',1755,,2236,32,,,0
116019,'1179645',755,,2237,32,,,0
116019,'1179711',825,,2238,32,,,0
160019,'1175859',1244,,1588,31,,,0
160019,'1176087',1344,,1589,31,,,0
160019,'1176112',1444,,1590,31,,,0
160019,'1176128',1744,,1591,31,,,0
160019,'1176235',1044,,1593,31,,,0
160019,'1176236',1644,,1594,31,,,0
160019,'1176410',1544,,1599,31,,,0
160019,'1176572',944,,1602,31,,,0
160019,'1176585',1144,,1603,31,,,0
190011019,'1175757',2228,,1930,43,,,0
190011019,'1175788',1828,,1931,43,,,0
190011019,'1175797',1428,,1932,43,,,0
190011019,'1175800',1028,,1933,43,,,0
190011019,'1175811',1558,,1934,19,,,0
190011019,'1175846',1928,,1935,43,,,0
190011019,'1175854',1058,,1936,19,,,0
190011019,'1175866',1758,,1937,43,,,0
190011019,'1175889',1328,,1939,43,,,0
190011019,'1175960',1258,,1940,19,,,0
190011019,'1175990',1228,,1942,43,,,0
190011019,'1176025',628,,1943,22,,,0
190011019,'1176026',1328,,1944,43,,,0
190011019,'1176076',658,,1945,19,,,0
190011019,'1176086',1028,,1946,43,,,0
190011019,'1176114',928,,1947,43,,,0
190011019,'1176152',758,,1948,43,,,0
190011019,'1176229',2228,,1949,43,,,0
190011019,'1176246',828,,1950,43,,,0
190011019,'1176315',728,,1951,43,,,0
190011019,'1176316',1228,,1952,43,,,0
190011019,'1176317',1728,,1953,43,,,0
190011019,'1176322',958,,1954,43,,,0
190011019,'1176337',2028,,1955,43,,,0
190011019,'1176344',1628,,1956,43,,,0
190011019,'1176353',1628,,1957,43,,,0
190011019,'1176386',728,,1958,43,,,0
190011019,'1176406',1458,,1959,19,,,0
190011019,'1176429',1358,,1960,19,,,0
190011019,'1176444',1928,,1961,43,,,0
190011019,'1176445',2128,,1962,43,,,0
190011019,'1176478',1828,,1963,43,,,0
190011019,'1176517',1528,,1965,43,,,0
190011019,'1176557',928,,1966,43,,,0
190011019,'1176559',2028,,1967,43,,,0
190011019,'1176563',858,,1968,43,,,0
190011019,'1176570',1528,,1969,43,,,0
190011019,'1176581',1158,,1970,19,,,0
190011019,'1176586',1658,,1971,19,,,0
190011019,'1176595',1728,,1972,43,,,0
190011019,'1176605',1128,,1973,43,,,0
190011019,'1176616',1128,,1974,43,,,0
190011019,'1176620',828,,1975,43,,,0
190011019,'1176668',2128,,1976,43,,,0
190011019,'1176674',1428,,1977,43,,,0
