110019,'1178947',949,,2239,30,,,0
110019,'1178964',1449,,2240,30,,,0
110019,'1178973',1749,,2241,30,,,0
110019,'1179028',1549,,2242,30,,,0
110019,'1179105',1649,,2243,30,,,0
110019,'1179114',1049,,2244,30,,,0
110019,'1179176',1249,,2245,30,,,0
110019,'1179184',1349,,2246,30,,,0
110019,'1179290',1149,,2247,30,,,0
116019,'1179803',1103,,2279,35,,,0
116019,'1179806',2203,,2280,35,,,0
116019,'1179811',2003,,2281,35,,,0
116019,'1179814',833,,2282,35,,,0
116019,'1179815',2203,,2283,35,,,0
116019,'1179816',2103,,2284,35,,,0
116019,'1179818',803,,2285,35,,,0
116019,'1179820',1633,,2286,35,,,0
116019,'1179826',803,,2287,35,,,0
116019,'1179838',903,,2288,35,,,0
116019,'1179860',1734,,2289,36,,,0
116019,'1179861',1703,,2290,35,,,0
116019,'1179871',1903,,2291,35,,,0
116019,'1179879',734,,2292,36,,,0
116019,'1179890',1903,,2293,35,,,0
116019,'1179910',1803,,2294,35,,,0
116019,'1179933',1503,,2295,35,,,0
116019,'1179936',1303,,2296,35,,,0
116019,'1179944',1603,,2297,35,,,0
116019,'1179946',1837,,2298,35,,,0
116019,'1179950',1603,,2299,35,,,0
116019,'1179954',1003,,2300,35,,,0
116019,'1179959',2103,,2301,35,,,0
116019,'1179965',1704,,2302,36,,,0
116019,'1179966',903,,2303,35,,,0
116019,'1179975',1103,,2304,35,,,0
116019,'1179985',1803,,2305,35,,,0
116019,'1180003',1403,,2306,35,,,0
116019,'1180007',1203,,2307,35,,,0
116019,'1180008',1403,,2308,35,,,0
116019,'1180010',704,,2309,36,,,0
116019,'1180011',2003,,2310,35,,,0
116019,'1180027',933,,2311,35,,,0
116019,'1180032',1503,,2312,35,,,0
116019,'1180034',1203,,2313,35,,,0
116019,'1180036',1003,,2314,35,,,0
116019,'1180063',1303,,2315,35,,,0
130029,'1178925',1456,,2343,2,,,0
130029,'1178989',1356,,2344,2,,,0
130029,'1179023',1556,,2345,2,,,0
130029,'1179120',1656,,2346,2,,,0
130029,'1179168',1256,,2347,2,,,0
130029,'1179423',856,,2348,2,,,0
130029,'1179469',1156,,2349,2,,,0
130029,'1179639',956,,2350,2,,,0
130029,'1179657',1056,,2351,2,,,0
150029,'1179828',956,,2397,2,,,0
150029,'1179915',1156,,2398,2,,,0
150029,'1179932',856,,2399,2,,,0
150029,'1179948',1456,,2400,2,,,0
150029,'1179983',1256,,2401,2,,,0
150029,'1180009',1056,,2402,2,,,0
150029,'1180017',1656,,2403,2,,,0
150029,'1180040',1556,,2404,2,,,0
150029,'1180079',1356,,2405,2,,,0
160019,'1179817',1048,,2415,33,,,0
160019,'1179829',1348,,2416,33,,,0
160019,'1179855',1548,,2417,33,,,0
160019,'1179873',1148,,2418,33,,,0
160019,'1179921',1748,,2419,33,,,0
160019,'1179929',1648,,2420,33,,,0
160019,'1180025',1448,,2421,33,,,0
160019,'1180042',948,,2422,33,,,0
160019,'1180067',1248,,2423,33,,,0
200019,'1179798',1348,,2442,18,,,0,53,,2442,20,,,0
200019,'1179810',1548,,2443,18,,,0,53,,2443,20,,,0
200019,'1179901',1148,,2444,18,,,0,53,,2444,20,,,0
200019,'1179903',1748,,2445,18,,,0,5,,2445,20,,,0
200019,'1179911',1448,,2446,18,,,0,53,,2446,20,,,0
200019,'1179939',1048,,2447,18,,,0,53,,2447,20,,,0
200019,'1179968',1648,,2448,18,,,0,53,,2448,20,,,0
200019,'1179973',948,,2449,18,,,0,53,,2449,20,,,0
200019,'1180054',1248,,2450,18,,,0,53,,2450,20,,,0
140010019,'1178914',1129,,2633,32,0,8 21,0
140010019,'1178921',1500,,2634,32,,,0,16,,2634,34,,,0
140010019,'1178922',1000,,2635,33,,,0,16,,2635,35,,,0
140010019,'1178936',729,,2636,32,,,0,17,,2636,34,,,0
140010019,'1178946',2259,,2637,32,0,8 21,0
140010019,'1178979',1100,,2638,33,,,0,16,,2638,35,,,0
140010019,'1179012',759,,2639,33,,,0,57,,2639,35,,,0
140010019,'1179037',1959,,2640,32,,,0,57,,2640,34,,,0
140010019,'1179103',1559,,2641,33,,,0,57,,2641,35,,,0
140010019,'1179122',1329,,2642,32,0,8 21,0
140010019,'1179131',1200,,2643,32,,,0,16,,2643,34,,,0
140010019,'1179140',2159,,2644,32,,,0,57,,2644,34,,,0
140010019,'1179147',929,,2645,32,0,8 21,0
140010019,'1179157',659,,2646,32,,,0,57,,2646,34,,,0
140010019,'1179167',1100,,2647,32,,,0,16,,2647,34,,,0
140010019,'1179178',1759,,2648,33,,,0,57,,2648,35,,,0
140010019,'1179180',2159,,2649,33,,,0,57,,2649,35,,,0
140010019,'1179188',1500,,2650,33,,,0,16,,2650,35,,,0
140010019,'1179217',1959,,2651,33,,,0,57,,2651,35,,,0
140010019,'1179232',1529,,2652,32,0,8 21,0
140010019,'1179251',1629,,2653,32,,,0,17,,2653,34,,,0
140010019,'1179253',829,,2654,32,,,0,17,,2654,34,,,0
140010019,'1179268',1729,,2655,32,,,0,17,,2655,34,,,0
140010019,'1179270',1659,,2656,33,,,0,57,,2656,35,,,0
140010019,'1179302',716,,2657,2,,,0
140010019,'1179336',859,,2658,32,,,0,57,,2658,34,,,0
140010019,'1179347',759,,2659,32,,,0,57,,2659,34,,,0
140010019,'1179361',2059,,2660,32,,,0,57,,2660,34,,,0
140010019,'1179396',2059,,2661,33,,,0,57,,2661,35,,,0
140010019,'1179408',2259,,2662,33,0,8 21,0
140010019,'1179415',1200,,2663,33,,,0,16,,2663,35,,,0
140010019,'1179445',1400,,2664,32,,,0,16,,2664,34,,,0
140010019,'1179452',1759,,2665,32,,,0,57,,2665,34,,,0
140010019,'1179453',1400,,2666,33,,,0,16,,2666,35,,,0
140010019,'1179479',1300,,2667,32,,,0,16,,2667,34,,,0
140010019,'1179483',1229,,2668,32,0,8 21,0
140010019,'1179494',1659,,2669,32,,,0,57,,2669,34,,,0
140010019,'1179496',1559,,2670,32,,,0,57,,2670,34,,,0
140010019,'1179498',1429,,2671,32,0,8 21,0
140010019,'1179544',1859,,2672,32,,,0,57,,2672,34,,,0
140010019,'1179548',1029,,2673,32,0,8 21,0
140010019,'1179613',1859,,2674,33,,,0,57,,2674,35,,,0
140010019,'1179620',859,,2675,33,,,0,57,,2675,35,,,0
140010019,'1179629',1829,,2676,32,0,8 21,0
140010019,'1179659',1300,,2677,33,,,0,16,,2677,35,,,0
140010019,'1179692',1000,,2678,32,,,0,16,,2678,34,,,0
140012019,'1178913',1216,,2679,24,,,0
140012019,'1178923',1216,,2680,24,,,0
140012019,'1178934',1016,,2681,24,,,0
140012019,'1178935',816,,2682,24,,,0
140012019,'1178953',916,,2683,24,,,0
140012019,'1178981',716,,2684,24,,,0
140012019,'1178986',1446,,2685,24,,,0
140012019,'1179006',1346,,2686,24,,,0
140012019,'1179011',746,,2687,24,,,0
140012019,'1179015',1916,,2688,24,,,0
140012019,'1179046',916,,2689,24,,,0
140012019,'1179102',1616,,2690,24,,,0
140012019,'1179154',1416,,2691,24,,,0
140012019,'1179183',2016,,2692,24,,,0
140012019,'1179185',946,,2693,24,,,0
140012019,'1179230',1016,,2695,24,,,0
140012019,'1179233',1616,,2696,24,,,0
140012019,'1179236',816,,2697,24,,,0
140012019,'1179238',1516,,2698,24,,,0
140012019,'1179244',2116,,2699,24,,,0
140012019,'1179245',1916,,2700,24,,,0
140012019,'1179250',716,,2701,2,,,0
140012019,'1179261',1116,,2703,24,,,0
140012019,'1179316',2016,,2704,24,,,0
140012019,'1179325',846,,2705,24,,,0
140012019,'1179348',1316,,2706,24,,,0
140012019,'1179359',1746,,2707,24,,,0
140012019,'1179372',2216,,2708,24,,,0
140012019,'1179387',1316,,2709,24,,,0
140012019,'1179399',1146,,2710,24,,,0
140012019,'1179425',2116,,2711,24,,,0
140012019,'1179444',1646,,2712,24,,,0
140012019,'1179495',1416,,2713,24,,,0
140012019,'1179499',1546,,2714,24,,,0
140012019,'1179510',1716,,2715,24,,,0
140012019,'1179511',2216,,2716,24,,,0
140012019,'1179526',1816,,2717,24,,,0
140012019,'1179556',1116,,2718,24,,,0
140012019,'1179567',1246,,2719,24,,,0
140012019,'1179644',1816,,2721,24,,,0
140012019,'1179693',1046,,2722,24,,,0
140012019,'1179704',1516,,2723,24,,,0
140012019,'1179715',1716,,2724,24,,,0
140014019,'1178954',1616,,2725,23,,,0
140014019,'1178955',1146,,2726,23,,,0
140014019,'1178974',1016,,2727,23,,,0
140014019,'1179007',1816,,2728,23,,,0
140014019,'1179027',1516,,2729,23,,,0
140014019,'1179052',816,,2730,23,,,0
140014019,'1179079',746,,2731,23,,,0
140014019,'1179080',1516,,2732,23,,,0
140014019,'1179082',846,,2733,23,,,0
140014019,'1179084',716,,2734,23,,,0
140014019,'1179111',2216,,2735,23,,,0
140014019,'1179143',816,,2736,23,,,0
140014019,'1179200',1246,,2737,23,,,0
140014019,'1179207',1746,,2738,23,,,0
140014019,'1179221',1416,,2739,23,,,0
140014019,'1179271',1216,,2740,23,,,0
140014019,'1179298',1716,,2741,23,,,0
140014019,'1179320',1446,,2742,23,,,0
140014019,'1179323',1016,,2743,23,,,0
140014019,'1179350',916,,2745,23,,,0
140014019,'1179353',1816,,2746,23,,,0
140014019,'1179366',2016,,2747,23,,,0
140014019,'1179392',1616,,2748,23,,,0
140014019,'1179403',1916,,2749,23,,,0
140014019,'1179417',716,,2750,2,,,0
140014019,'1179433',1416,,2751,23,,,0
140014019,'1179443',946,,2752,23,,,0
140014019,'1179446',1216,,2753,23,,,0
140014019,'1179449',1046,,2754,23,,,0
140014019,'1179493',1116,,2755,23,,,0
140014019,'1179524',1716,,2757,23,,,0
140014019,'1179535',1346,,2758,23,,,0
140014019,'1179547',1316,,2759,23,,,0
140014019,'1179550',646,,2760,2,,,0
140014019,'1179561',1546,,2762,23,,,0
140014019,'1179577',1316,,2763,23,,,0
140014019,'1179598',2116,,2764,23,,,0
140014019,'1179600',2216,,2765,23,,,0
140014019,'1179608',1916,,2766,23,,,0
140014019,'1179636',1646,,2767,23,,,0
140014019,'1179638',916,,2768,23,,,0
140014019,'1179648',2016,,2769,23,,,0
140014019,'1179654',2116,,2770,23,,,0
140014019,'1179662',1116,,2771,23,,,0
140016019,'1179063',716,,2776,2,,,0
140016019,'1179792',904,,2805,20,,,0,12,,2805,22,,,0
140016019,'1179800',1704,,2806,20,,,0,12,,2806,22,,,0
140016019,'1179808',1904,,2807,20,,,0,12,,2807,22,,,0
140016019,'1179822',1534,,2808,20,,,0,12,,2808,22,,,0
140016019,'1179827',834,,2809,20,,,0,12,,2809,22,,,0
140016019,'1179831',1604,,2810,20,,,0,12,,2810,22,,,0
140016019,'1179835',2204,,2811,20,,,0,12,,2811,22,,,0
140016019,'1179839',1334,,2812,20,0,8 21,0
140016019,'1179842',1134,,2813,20,0,8 21,0
140016019,'1179862',934,,2814,20,0,8 21,0
140016019,'1179868',1634,,2815,20,,,0,12,,2815,22,,,0
140016019,'1179875',1104,,2816,20,,,0,12,,2816,22,,,0
140016019,'1179881',1834,,2817,20,0,8 21,0
140016019,'1179886',1404,,2818,20,,,0,12,,2818,22,,,0
140016019,'1179897',1034,,2819,20,0,8 21,0
140016019,'1179904',1234,,2820,20,0,8 21,0
140016019,'1179907',1704,,2821,20,,,0,12,,2821,22,,,0
140016019,'1179913',1734,,2822,20,,,0,12,,2822,22,,,0
140016019,'1179926',1304,,2823,20,,,0,12,,2823,22,,,0
140016019,'1179938',1504,,2824,20,,,0,12,,2824,22,,,0
140016019,'1179943',2104,,2825,20,,,0,12,,2825,22,,,0
140016019,'1179945',804,,2826,20,,,0,12,,2826,22,,,0
140016019,'1179958',1404,,2827,20,,,0,12,,2827,22,,,0
140016019,'1179963',1804,,2828,20,,,0,12,,2828,22,,,0
140016019,'1179974',1004,,2829,20,,,0,12,,2829,22,,,0
140016019,'1179976',704,,2830,20,,,0,12,,2830,22,,,0
140016019,'1179989',904,,2831,20,,,0,12,,2831,22,,,0
140016019,'1179991',1504,,2832,20,,,0,12,,2832,22,,,0
140016019,'1179997',1604,,2833,20,,,0,12,,2833,22,,,0
140016019,'1180006',1004,,2834,20,,,0,12,,2834,22,,,0
140016019,'1180012',1904,,2835,20,,,0,12,,2835,22,,,0
140016019,'1180018',1104,,2836,20,,,0,12,,2836,22,,,0
140016019,'1180019',2204,,2837,20,,,0,12,,2837,22,,,0
140016019,'1180020',2004,,2838,20,,,0,12,,2838,22,,,0
140016019,'1180023',1304,,2839,20,,,0,12,,2839,22,,,0
140016019,'1180024',734,,2840,20,,,0,12,,2840,22,,,0
140016019,'1180028',804,,2841,20,,,0,12,,2841,22,,,0
140016019,'1180031',2004,,2842,20,,,0,12,,2842,22,,,0
140016019,'1180048',2104,,2843,20,,,0,12,,2843,22,,,0
140016019,'1180057',1804,,2844,20,,,0,12,,2844,22,,,0
140016019,'1180062',1434,,2845,20,0,8 21,0
140016019,'1180072',1204,,2846,20,,,0,12,,2846,22,,,0
140016019,'1180078',1204,,2847,20,,,0,12,,2847,22,,,0
190013019,'1178916',1646,,2896,34,,,0
190013019,'1178919',2016,,2897,34,,,0
190013019,'1178920',1146,,2898,34,,,0
190013019,'1178929',816,,2899,34,,,0
190013019,'1178930',1716,,2900,34,,,0
190013019,'1178972',2016,,2901,34,,,0
190013019,'1178983',1246,,2902,34,,,0
190013019,'1178994',2216,,2903,34,,,0
190013019,'1178997',1216,,2904,34,,,0
190013019,'1179048',1546,,2905,34,,,0
190013019,'1179062',1616,,2906,34,,,0
190013019,'1179074',1346,,2907,34,,,0
190013019,'1179087',1316,,2908,34,,,0
190013019,'1179104',1046,,2909,34,,,0
190013019,'1179187',916,,2911,34,,,0
190013019,'1179202',1116,,2912,34,,,0
190013019,'1179203',1016,,2913,34,,,0
190013019,'1179212',1516,,2914,34,,,0
190013019,'1179219',1316,,2915,34,,,0
190013019,'1179243',816,,2916,34,,,0
190013019,'1179287',2216,,2917,34,,,0
190013019,'1179292',1116,,2918,34,,,0
190013019,'1179300',746,,2919,34,,,0
190013019,'1179354',616,,2920,2,,,0
190013019,'1179373',1016,,2921,34,,,0
190013019,'1179380',1416,,2922,34,,,0
190013019,'1179402',1416,,2923,34,,,0
190013019,'1179411',1446,,2924,34,,,0
190013019,'1179457',1916,,2925,34,,,0
190013019,'1179504',716,,2926,34,,,0
190013019,'1179507',946,,2927,34,,,0
190013019,'1179509',1216,,2928,34,,,0
190013019,'1179516',1616,,2929,34,,,0
190013019,'1179531',2116,,2930,34,,,0
190013019,'1179537',916,,2931,34,,,0
190013019,'1179539',1816,,2932,34,,,0
190013019,'1179546',716,,2933,34,,,0
190013019,'1179553',1916,,2934,34,,,0
190013019,'1179581',646,,2935,2,,,0
190013019,'1179591',1716,,2936,34,,,0
190013019,'1179611',1746,,2937,34,,,0
190013019,'1179635',1516,,2938,34,,,0
190013019,'1179694',846,,2939,34,,,0
190013019,'1179701',2116,,2940,34,,,0
190013019,'1179717',1816,,2941,34,,,0
190015019,'1179083',615,,2946,2,,,0
190015019,'1179637',645,,2969,2,,,0
190015019,'1179791',2115,,2973,27,,,0
190015019,'1179793',715,,2974,27,,,0
190015019,'1179804',715,,2975,27,,,0
190015019,'1179812',1115,,2976,27,,,0
190015019,'1179819',815,,2977,27,,,0
190015019,'1179825',1215,,2978,27,,,0
190015019,'1179856',845,,2980,27,,,0
190015019,'1179872',815,,2981,27,,,0
190015019,'1179885',1645,,2982,27,,,0
190015019,'1179887',1415,,2983,27,,,0
190015019,'1179898',1515,,2984,27,,,0
190015019,'1179909',1015,,2985,27,,,0
190015019,'1179919',1815,,2986,27,,,0
190015019,'1179920',915,,2987,27,,,0
190015019,'1179923',1445,,2988,27,,,0
190015019,'1179931',2115,,2989,27,,,0
190015019,'1179935',1715,,2991,27,,,0
190015019,'1179940',1145,,2992,27,,,0
190015019,'1179952',1215,,2993,27,,,0
190015019,'1179960',1315,,2994,27,,,0
190015019,'1179961',1515,,2995,27,,,0
190015019,'1179980',1045,,2997,27,,,0
190015019,'1179982',1745,,2998,27,,,0
190015019,'1179992',1545,,2999,27,,,0
190015019,'1179995',1115,,3000,27,,,0
190015019,'1179999',1245,,3001,27,,,0
190015019,'1180013',1915,,3002,27,,,0
190015019,'1180014',2015,,3003,27,,,0
190015019,'1180015',945,,3004,27,,,0
190015019,'1180016',2015,,3005,27,,,0
190015019,'1180026',1915,,3007,27,,,0
190015019,'1180029',1015,,3008,27,,,0
190015019,'1180044',1615,,3009,27,,,0
190015019,'1180058',1345,,3011,27,,,0
190015019,'1180059',1715,,3012,27,,,0
190015019,'1180068',1815,,3013,27,,,0
190015019,'1180070',1615,,3014,27,,,0
190015019,'1180075',915,,3015,27,,,0
190015019,'1180077',1315,,3016,27,,,0
190015019,'1180080',745,,3017,27,,,0
190015019,'1180081',1415,,3018,27,,,0
