150029,'1179828',1002,,2397,7,,,0
150029,'1179915',1202,,2398,7,,,0
150029,'1179932',902,,2399,7,,,0
150029,'1179948',1502,,2400,7,,,0
150029,'1179983',1302,,2401,7,,,0
150029,'1180009',1102,,2402,7,,,0
150029,'1180017',1702,,2403,7,,,0
150029,'1180040',1602,,2404,7,,,0
150029,'1180079',1402,,2405,7,,,0
190015019,'1179083',619,,2946,7,,,0
190015019,'1179637',649,,2969,7,,,0
190015019,'1179791',2119,,2973,32,,,0
190015019,'1179793',719,,2974,32,,,0
190015019,'1179804',719,,2975,32,,,0
190015019,'1179812',1119,,2976,32,,,0
190015019,'1179819',819,,2977,32,,,0
190015019,'1179825',1219,,2978,32,,,0
190015019,'1179856',849,,2980,32,,,0
190015019,'1179872',819,,2981,32,,,0
190015019,'1179885',1649,,2982,32,,,0
190015019,'1179887',1419,,2983,32,,,0
190015019,'1179898',1519,,2984,32,,,0
190015019,'1179909',1019,,2985,32,,,0
190015019,'1179919',1819,,2986,32,,,0
190015019,'1179920',919,,2987,32,,,0
190015019,'1179923',1449,,2988,32,,,0
190015019,'1179931',2119,,2989,32,,,0
190015019,'1179935',1719,,2991,32,,,0
190015019,'1179940',1149,,2992,32,,,0
190015019,'1179952',1219,,2993,32,,,0
190015019,'1179960',1319,,2994,32,,,0
190015019,'1179961',1519,,2995,32,,,0
190015019,'1179980',1049,,2997,32,,,0
190015019,'1179982',1749,,2998,32,,,0
190015019,'1179992',1549,,2999,32,,,0
190015019,'1179995',1119,,3000,32,,,0
190015019,'1179999',1249,,3001,32,,,0
190015019,'1180013',1919,,3002,32,,,0
190015019,'1180014',2019,,3003,32,,,0
190015019,'1180015',949,,3004,32,,,0
190015019,'1180016',2019,,3005,32,,,0
190015019,'1180026',1919,,3007,32,,,0
190015019,'1180029',1019,,3008,32,,,0
190015019,'1180044',1619,,3009,32,,,0
190015019,'1180058',1349,,3011,32,,,0
190015019,'1180059',1719,,3012,32,,,0
190015019,'1180068',1819,,3013,32,,,0
190015019,'1180070',1619,,3014,32,,,0
190015019,'1180075',919,,3015,32,,,0
190015019,'1180077',1319,,3016,32,,,0
190015019,'1180080',749,,3017,32,,,0
190015019,'1180081',1419,,3018,32,,,0
