150029,'1179828',1009,,2397,18,,,0
150029,'1179915',1209,,2398,18,,,0
150029,'1179932',909,,2399,18,,,0
150029,'1179948',1509,,2400,18,,,0
150029,'1179983',1309,,2401,18,,,0
150029,'1180009',1109,,2402,18,,,0
150029,'1180017',1709,,2403,18,,,0
150029,'1180040',1609,,2404,18,,,0
150029,'1180079',1409,,2405,18,,,0
300019,'1180121',702,,3098,11,0,23 24 2 25,0
300019,'1180122',1002,,3099,16,0,23 24 2 26,0
300019,'1180123',1002,,3100,16,0,23 24 2 26,0
300019,'1180124',1602,,3101,16,0,23 24 2 26,0
300019,'1180125',732,,3102,11,0,23 24 2 25,0
300019,'1180126',1432,,3103,12,0,23 24 2 25,0
300019,'1180127',732,,3104,16,0,23 24 2 26,0
300019,'1180128',1202,,3105,16,0,23 24 2 26,0
300019,'1180129',1802,,3106,16,0,23 24 2 26,0
300019,'1180130',932,,3107,12,0,23 24 2 25,0
300019,'1180131',1232,,3108,12,0,23 24 2 25,0
300019,'1180132',1132,,3109,12,0,23 24 2 25,0
300019,'1180133',2132,,3110,12,0,23 24 2 25,0
300019,'1180134',1602,,3111,12,0,23 24 2 25,0
300019,'1180135',1732,,3112,16,0,23 24 2 26,0
300019,'1180136',832,,3113,12,0,23 24 2 25,0
300019,'1180137',802,,3114,16,0,23 24 2 26,0
300019,'1180138',1132,,3115,12,0,23 24 2 25,0
300019,'1180139',1332,,3116,12,0,23 24 2 25,0
300019,'1180140',1632,,3117,12,0,23 24 2 25,0
300019,'1180141',902,,3118,16,0,23 24 2 26,0
300019,'1180142',1502,,3119,16,0,23 24 2 26,0
300019,'1180143',1802,,3120,12,0,23 24 2 25,0
300019,'1180144',2002,,3121,16,0,23 24 2 26,0
300019,'1180145',1432,,3122,12,0,23 24 2 25,0
300019,'1180146',2002,,3123,16,0,23 24 2 26,0
300019,'1180147',2202,,3124,16,0,8 9 2 26,0
300019,'1180148',1602,,3125,16,0,23 24 2 26,0
300019,'1180149',1502,,3126,16,0,23 24 2 26,0
300019,'1180150',902,,3127,12,0,23 24 2 25,0
300019,'1180151',2032,,3128,12,0,23 24 2 25,0
300019,'1180152',832,,3129,12,0,23 24 2 25,0
300019,'1180153',1102,,3130,16,0,23 24 2 26,0
300019,'1180154',1102,,3131,16,0,23 24 2 26,0
300019,'1180155',1402,,3132,16,0,23 24 2 26,0
300019,'1180156',932,,3133,12,0,23 24 2 25,0
300019,'1180157',2102,,3134,16,0,23 24 2 26,0
300019,'1180158',1832,,3135,16,0,8 9 2 26,0
300019,'1180159',1002,,3136,12,0,23 24 2 25,0
300019,'1180160',1702,,3137,16,0,23 24 2 26,0
300019,'1180161',1732,,3138,12,0,23 24 2 25,0
300019,'1180162',2202,,3139,16,0,8 9 2 26,0
300019,'1180163',1302,,3140,16,0,23 24 2 26,0
300019,'1180164',1032,,3141,12,0,23 24 2 25,0
300019,'1180165',1402,,3142,16,0,23 24 2 26,0
300019,'1180166',1532,,3143,12,0,23 24 2 25,0
300019,'1180167',1232,,3144,12,0,23 24 2 25,0
300019,'1180168',1932,,3145,12,0,23 24 2 25,0
300019,'1180169',1732,,3146,12,0,23 24 2 25,0
300019,'1180170',932,,3147,16,0,23 24 2 26,0
300019,'1180171',802,,3148,16,0,23 24 2 26,0
300019,'1180172',1202,,3149,16,0,23 24 2 26,0
300019,'1180173',1902,,3150,16,0,23 24 2 26,0
300019,'1180174',1302,,3151,16,0,23 24 2 26,0
300019,'1180175',732,,3152,12,0,23 24 2 25,0
300019,'1180176',1032,,3153,12,0,23 24 2 25,0
300019,'1180177',1702,,3154,12,0,23 24 2 25,0
300019,'1180178',1632,,3155,12,0,23 24 2 25,0
300019,'1180179',1532,,3156,12,0,23 24 2 25,0
300019,'1180180',1632,,3157,16,0,23 24 2 26,0
300019,'1180181',2132,,3158,12,0,23 24 2 25,0
300019,'1180182',1832,,3159,12,0,23 24 2 25,0
300019,'1180183',802,,3160,12,0,23 24 2 25,0
300019,'1180184',1702,,3161,16,0,23 24 2 26,0
300019,'1180185',1802,,3162,16,0,23 24 2 26,0
300019,'1180186',832,,3163,16,0,23 24 2 26,0
300019,'1180187',1032,,3164,16,0,8 9 2 26,0
300019,'1180188',2032,,3165,12,0,23 24 2 25,0
300019,'1180189',1932,,3166,12,0,23 24 2 25,0
300019,'1180190',2102,,3167,16,0,23 24 2 26,0
300019,'1180191',1832,,3168,12,0,23 24 2 25,0
300019,'1180192',1902,,3169,16,0,23 24 2 26,0
300019,'1180193',902,,3170,16,0,23 24 2 26,0
300019,'1180194',1332,,3171,12,0,23 24 2 25,0
