150019,'1178942',1739,,2379,6,,,0
150019,'1178956',1339,,2380,6,,,0
150019,'1178976',1639,,2381,6,,,0
150019,'1179117',1239,,2382,6,,,0
150019,'1179150',1539,,2383,6,,,0
150019,'1179341',939,,2384,6,,,0
150019,'1179473',1139,,2385,6,,,0
150019,'1179559',1439,,2386,6,,,0
150019,'1179673',1039,,2387,6,,,0
140014019,'1178954',1557,,2725,16,,,0
140014019,'1178955',1127,,2726,16,,,0
140014019,'1178974',957,,2727,16,,,0
140014019,'1179007',1757,,2728,16,,,0
140014019,'1179027',1457,,2729,16,,,0
140014019,'1179052',757,,2730,16,,,0
140014019,'1179079',727,,2731,16,,,0
140014019,'1179080',1457,,2732,16,,,0
140014019,'1179082',827,,2733,16,,,0
140014019,'1179084',657,,2734,16,,,0
140014019,'1179111',2157,,2735,16,,,0
140014019,'1179143',757,,2736,16,,,0
140014019,'1179200',1227,,2737,16,,,0
140014019,'1179207',1727,,2738,16,,,0
140014019,'1179221',1357,,2739,16,,,0
140014019,'1179271',1157,,2740,16,,,0
140014019,'1179298',1657,,2741,16,,,0
140014019,'1179320',1427,,2742,16,,,0
140014019,'1179323',957,,2743,16,,,0
140014019,'1179350',857,,2745,16,,,0
140014019,'1179353',1757,,2746,16,,,0
140014019,'1179366',1957,,2747,16,,,0
140014019,'1179392',1557,,2748,16,,,0
140014019,'1179403',1857,,2749,16,,,0
140014019,'1179433',1357,,2751,16,,,0
140014019,'1179443',927,,2752,16,,,0
140014019,'1179446',1157,,2753,16,,,0
140014019,'1179449',1027,,2754,16,,,0
140014019,'1179493',1057,,2755,16,,,0
140014019,'1179524',1657,,2757,16,,,0
140014019,'1179535',1327,,2758,16,,,0
140014019,'1179547',1257,,2759,16,,,0
140014019,'1179557',1827,,2761,16,0,8 21,0
140014019,'1179561',1527,,2762,16,,,0
140014019,'1179577',1257,,2763,16,,,0
140014019,'1179598',2057,,2764,16,,,0
140014019,'1179600',2157,,2765,16,,,0
140014019,'1179608',1857,,2766,16,,,0
140014019,'1179636',1627,,2767,16,,,0
140014019,'1179638',857,,2768,16,,,0
140014019,'1179648',1957,,2769,16,,,0
140014019,'1179654',2057,,2770,16,,,0
140014019,'1179662',1057,,2771,16,,,0
