150029,'1178980',1058,,2388,3,,,0
150029,'1179059',858,,2389,3,,,0
150029,'1179210',1258,,2390,3,,,0
150029,'1179274',1658,,2391,3,,,0
150029,'1179311',958,,2392,3,,,0
150029,'1179362',1558,,2393,3,,,0
150029,'1179450',1358,,2394,3,,,0
150029,'1179616',1158,,2395,3,,,0
150029,'1179674',1458,,2396,3,,,0
150029,'1179828',958,,2397,3,,,0
150029,'1179915',1158,,2398,3,,,0
150029,'1179932',858,,2399,3,,,0
150029,'1179948',1458,,2400,3,,,0
150029,'1179983',1258,,2401,3,,,0
150029,'1180009',1058,,2402,3,,,0
150029,'1180017',1658,,2403,3,,,0
150029,'1180040',1558,,2404,3,,,0
150029,'1180079',1358,,2405,3,,,0
190015019,'1178937',1147,,2942,28,,,0
190015019,'1178958',1017,,2944,28,,,0
190015019,'1179073',1347,,2945,28,,,0
190015019,'1179083',617,,2946,3,,,0
190015019,'1179089',1217,,2947,28,,,0
190015019,'1179095',1717,,2948,28,,,0
190015019,'1179152',947,,2949,28,,,0
190015019,'1179170',817,,2951,28,,,0
190015019,'1179226',1817,,2952,28,,,0
190015019,'1179329',1647,,2954,28,,,0
190015019,'1179378',2017,,2955,28,,,0
190015019,'1179382',1747,,2956,28,,,0
190015019,'1179414',1517,,2957,28,,,0
190015019,'1179456',1547,,2958,28,,,0
190015019,'1179465',1617,,2959,28,,,0
190015019,'1179480',1317,,2960,28,,,0
190015019,'1179489',1247,,2961,28,,,0
190015019,'1179491',1117,,2962,28,,,0
190015019,'1179501',1047,,2963,28,,,0
190015019,'1179560',2117,,2964,28,,,0
190015019,'1179563',1417,,2965,28,,,0
190015019,'1179576',1917,,2966,28,,,0
190015019,'1179602',847,,2967,28,,,0
190015019,'1179633',747,,2968,28,,,0
190015019,'1179637',647,,2969,3,,,0
190015019,'1179652',917,,2970,28,,,0
190015019,'1179679',1447,,2971,28,,,0
190015019,'1179716',717,,2972,28,,,0
190015019,'1179791',2117,,2973,28,,,0
190015019,'1179793',717,,2974,28,,,0
190015019,'1179804',717,,2975,28,,,0
190015019,'1179812',1117,,2976,28,,,0
190015019,'1179819',817,,2977,28,,,0
190015019,'1179825',1217,,2978,28,,,0
190015019,'1179856',847,,2980,28,,,0
190015019,'1179872',817,,2981,28,,,0
190015019,'1179885',1647,,2982,28,,,0
190015019,'1179887',1417,,2983,28,,,0
190015019,'1179898',1517,,2984,28,,,0
190015019,'1179909',1017,,2985,28,,,0
190015019,'1179919',1817,,2986,28,,,0
190015019,'1179920',917,,2987,28,,,0
190015019,'1179923',1447,,2988,28,,,0
190015019,'1179931',2117,,2989,28,,,0
190015019,'1179935',1717,,2991,28,,,0
190015019,'1179940',1147,,2992,28,,,0
190015019,'1179952',1217,,2993,28,,,0
190015019,'1179960',1317,,2994,28,,,0
190015019,'1179961',1517,,2995,28,,,0
190015019,'1179980',1047,,2997,28,,,0
190015019,'1179982',1747,,2998,28,,,0
190015019,'1179992',1547,,2999,28,,,0
190015019,'1179995',1117,,3000,28,,,0
190015019,'1179999',1247,,3001,28,,,0
190015019,'1180013',1917,,3002,28,,,0
190015019,'1180014',2017,,3003,28,,,0
190015019,'1180015',947,,3004,28,,,0
190015019,'1180016',2017,,3005,28,,,0
190015019,'1180026',1917,,3007,28,,,0
190015019,'1180029',1017,,3008,28,,,0
190015019,'1180044',1617,,3009,28,,,0
190015019,'1180058',1347,,3011,28,,,0
190015019,'1180059',1717,,3012,28,,,0
190015019,'1180068',1817,,3013,28,,,0
190015019,'1180070',1617,,3014,28,,,0
190015019,'1180075',917,,3015,28,,,0
190015019,'1180077',1317,,3016,28,,,0
190015019,'1180080',747,,3017,28,,,0
190015019,'1180081',1417,,3018,28,,,0
