120029,'1179032',1549,,2325,31,,,0
120029,'1179055',1349,,2326,31,,,0
120029,'1179056',1649,,2327,31,,,0
120029,'1179099',1802,,2328,31,,,0
120029,'1179153',949,,2329,31,,,0
120029,'1179222',1449,,2330,31,,,0
120029,'1179429',1149,,2331,31,,,0
120029,'1179447',1049,,2332,31,,,0
120029,'1179575',1249,,2333,31,,,0
140010019,'1178921',1521,,2634,41,,,0
140010019,'1178922',1021,,2635,42,,,0
140010019,'1178936',752,,2636,41,,,0
140010019,'1178979',1121,,2638,42,,,0
140010019,'1179012',822,,2639,42,,,0
140010019,'1179037',2022,,2640,41,,,0
140010019,'1179103',1622,,2641,42,,,0
140010019,'1179131',1221,,2643,41,,,0
140010019,'1179140',2222,,2644,41,,,0
140010019,'1179157',722,,2646,41,,,0
140010019,'1179167',1121,,2647,41,,,0
140010019,'1179178',1822,,2648,42,,,0
140010019,'1179180',2222,,2649,42,,,0
140010019,'1179188',1521,,2650,42,,,0
140010019,'1179217',2022,,2651,42,,,0
140010019,'1179251',1652,,2653,41,,,0
140010019,'1179253',852,,2654,41,,,0
140010019,'1179268',1752,,2655,41,,,0
140010019,'1179270',1722,,2656,42,,,0
140010019,'1179302',722,,2657,9,,,0
140010019,'1179336',922,,2658,41,,,0
140010019,'1179347',822,,2659,41,,,0
140010019,'1179361',2122,,2660,41,,,0
140010019,'1179396',2122,,2661,42,,,0
140010019,'1179415',1221,,2663,42,,,0
140010019,'1179445',1421,,2664,41,,,0
140010019,'1179452',1822,,2665,41,,,0
140010019,'1179453',1421,,2666,42,,,0
140010019,'1179479',1321,,2667,41,,,0
140010019,'1179494',1722,,2669,41,,,0
140010019,'1179496',1622,,2670,41,,,0
140010019,'1179544',1922,,2672,41,,,0
140010019,'1179613',1922,,2674,42,,,0
140010019,'1179620',922,,2675,42,,,0
140010019,'1179659',1321,,2677,42,,,0
140010019,'1179692',1021,,2678,41,,,0
