200029,'1178971',1032,,2451,6,,,0
200029,'1179034',1632,,2452,6,,,0
200029,'1179043',1232,,2453,6,,,0
200029,'1179091',1432,,2454,6,,,0
200029,'1179198',1132,,2456,6,,,0
200029,'1179229',1716,,2457,6,,,0
200029,'1179283',1332,,2458,6,,,0
200029,'1179383',1532,,2459,6,,,0
200029,'1179689',932,,2460,6,,,0
200029,'1179807',932,,2461,6,,,0
200029,'1179834',1332,,2462,6,,,0
200029,'1179867',1632,,2463,6,,,0
200029,'1179877',1132,,2464,6,,,0
200029,'1179888',1532,,2465,6,,,0
200029,'1179893',1232,,2466,6,,,0
200029,'1179998',1432,,2467,6,,,0
200029,'1180064',1032,,2469,6,,,0
140014019,'1178954',1626,,2725,34,,,0
140014019,'1178955',1156,,2726,34,,,0
140014019,'1178974',1026,,2727,34,,,0
140014019,'1179007',1825,,2728,34,,,0
140014019,'1179027',1526,,2729,34,,,0
140014019,'1179052',825,,2730,34,,,0
140014019,'1179079',756,,2731,34,,,0
140014019,'1179080',1525,,2732,34,,,0
140014019,'1179082',856,,2733,34,,,0
140014019,'1179084',726,,2734,34,,,0
140014019,'1179111',2226,,2735,34,,,0
140014019,'1179143',826,,2736,34,,,0
140014019,'1179200',1256,,2737,34,,,0
140014019,'1179207',1756,,2738,34,,,0
140014019,'1179221',1425,,2739,34,,,0
140014019,'1179271',1226,,2740,34,,,0
140014019,'1179298',1725,,2741,34,,,0
140014019,'1179320',1456,,2742,34,,,0
140014019,'1179323',1025,,2743,34,,,0
140014019,'1179337',625,,2744,6,,,0
140014019,'1179350',925,,2745,34,,,0
140014019,'1179353',1826,,2746,34,,,0
140014019,'1179366',2025,,2747,34,,,0
140014019,'1179392',1625,,2748,34,,,0
140014019,'1179403',1926,,2749,34,,,0
140014019,'1179417',725,,2750,13,,,0
140014019,'1179433',1426,,2751,34,,,0
140014019,'1179443',956,,2752,34,,,0
140014019,'1179446',1225,,2753,34,,,0
140014019,'1179449',1056,,2754,34,,,0
140014019,'1179493',1126,,2755,34,,,0
140014019,'1179513',626,,2756,6,,,0
140014019,'1179524',1726,,2757,34,,,0
140014019,'1179535',1356,,2758,34,,,0
140014019,'1179547',1325,,2759,34,,,0
140014019,'1179550',656,,2760,13,,,0
140014019,'1179561',1556,,2762,34,,,0
140014019,'1179577',1326,,2763,34,,,0
140014019,'1179598',2126,,2764,34,,,0
140014019,'1179600',2225,,2765,34,,,0
140014019,'1179608',1925,,2766,34,,,0
140014019,'1179636',1656,,2767,34,,,0
140014019,'1179638',926,,2768,34,,,0
140014019,'1179648',2026,,2769,34,,,0
140014019,'1179654',2125,,2770,34,,,0
140014019,'1179662',1125,,2771,34,,,0
