120029,'1179032',1527,,2325,18,,,0
120029,'1179055',1327,,2326,18,,,0
120029,'1179056',1627,,2327,18,,,0
120029,'1179099',1727,,2328,18,,,0
120029,'1179153',927,,2329,18,,,0
120029,'1179222',1427,,2330,18,,,0
120029,'1179429',1127,,2331,18,,,0
120029,'1179447',1027,,2332,18,,,0
120029,'1179575',1227,,2333,18,,,0
190017019,'1178932',923,,3019,19,,,0
190017019,'1179000',2153,,3021,19,0,8 21,0
190017019,'1179014',1823,,3022,19,0,8 21,0
190017019,'1179016',623,,3023,19,,,0
190017019,'1179092',653,,3025,19,,,0
190017019,'1179151',1853,,3026,19,,,0
190017019,'1179161',1723,,3027,19,,,0
190017019,'1179277',823,,3028,19,,,0
190017019,'1179427',1253,,3032,19,,,0
190017019,'1179455',1353,,3033,19,,,0
190017019,'1179519',1753,,3035,19,,,0
190017019,'1179529',2253,,3036,19,0,8 21,0
190017019,'1179533',723,,3037,19,,,0
190017019,'1179573',1153,,3039,19,,,0
190017019,'1179579',1053,,3040,19,,,0
190017019,'1179599',2053,,3041,19,,,0
190017019,'1179610',1953,,3042,19,,,0
190017019,'1179626',1623,,3043,19,,,0
190017019,'1179667',753,,3044,19,,,0
190017019,'1179680',1553,,3045,19,,,0
190017019,'1179683',853,,3046,19,,,0
190017019,'1179686',1453,,3047,19,,,0
190017019,'1179699',953,,3048,19,,,0
190017019,'1179710',1653,,3049,19,,,0
190017019,'1179790',1153,,3050,19,,,0
190017019,'1179796',1353,,3051,19,,,0
190017019,'1179813',2253,,3052,19,0,8 21,0
190017019,'1179821',1453,,3053,19,,,0
190017019,'1179824',623,,3054,19,,,0
190017019,'1179832',1053,,3055,19,,,0
190017019,'1179843',853,,3056,19,,,0
190017019,'1179845',2053,,3057,19,,,0
190017019,'1179847',2153,,3058,19,0,8 21,0
190017019,'1179859',1653,,3060,19,,,0
190017019,'1179863',953,,3061,19,,,0
190017019,'1179870',823,,3062,19,,,0
190017019,'1179874',1253,,3063,19,,,0
190017019,'1179876',1853,,3064,19,,,0
190017019,'1179884',1623,,3065,19,,,0
190017019,'1179891',1553,,3066,19,,,0
190017019,'1179895',1823,,3067,19,0,8 21,0
190017019,'1179896',753,,3068,19,,,0
190017019,'1179899',1553,,3069,19,,,0
190017019,'1179905',653,,3070,19,,,0
190017019,'1179912',2053,,3071,19,,,0
190017019,'1179917',1753,,3072,19,,,0
190017019,'1179922',1353,,3073,19,,,0
190017019,'1179924',1453,,3074,19,,,0
190017019,'1179953',2153,,3078,19,0,8 21,0
190017019,'1179955',853,,3079,19,,,0
190017019,'1179971',1253,,3080,19,,,0
190017019,'1179977',1853,,3081,19,,,0
190017019,'1179978',1053,,3082,19,,,0
190017019,'1179979',1723,,3083,19,,,0
190017019,'1179986',753,,3084,19,,,0
190017019,'1179987',953,,3085,19,,,0
190017019,'1179994',1653,,3086,19,,,0
190017019,'1180001',923,,3087,19,,,0
190017019,'1180005',653,,3089,19,,,0
190017019,'1180041',2253,,3091,19,0,8 21,0
190017019,'1180050',1953,,3092,19,,,0
190017019,'1180055',1153,,3093,19,,,0
190017019,'1180056',1753,,3094,19,,,0
190017019,'1180065',1953,,3095,19,,,0
190017019,'1180069',723,,3096,19,,,0
