110029,'1178926',1310,,2248,28,,,0
110029,'1179044',910,,2249,28,,,0
110029,'1179118',1110,,2250,28,,,0
110029,'1179173',1210,,2251,28,,,0
110029,'1179459',1710,,2252,28,,,0
110029,'1179534',1410,,2253,28,,,0
110029,'1179542',1610,,2254,28,,,0
110029,'1179690',1010,,2255,28,,,0
110029,'1179707',1510,,2256,28,,,0
200029,'1178971',1115,,2451,26,,,0
200029,'1179034',1715,,2452,26,,,0
200029,'1179043',1315,,2453,26,,,0
200029,'1179091',1515,,2454,26,,,0
200029,'1179144',915,,2455,16,,,0
200029,'1179198',1215,,2456,26,,,0
200029,'1179283',1415,,2458,26,,,0
200029,'1179383',1615,,2459,26,,,0
200029,'1179689',1015,,2460,26,,,0
200029,'1179807',1015,,2461,26,,,0
200029,'1179834',1415,,2462,26,,,0
200029,'1179867',1715,,2463,26,,,0
200029,'1179877',1215,,2464,26,,,0
200029,'1179888',1615,,2465,26,,,0
200029,'1179893',1315,,2466,26,,,0
200029,'1179998',1515,,2467,26,,,0
200029,'1180053',915,,2468,16,,,0
200029,'1180064',1115,,2469,26,,,0
190011019,'1178945',1603,,2848,28,,,0
190011019,'1178950',803,,2849,52,,,0
190011019,'1178970',1933,,2850,52,,,0
190011019,'1179040',2133,,2852,52,,,0
190011019,'1179064',1103,,2853,28,,,0
190011019,'1179145',933,,2854,52,,,0
190011019,'1179146',1203,,2855,28,,,0
190011019,'1179159',1833,,2856,52,,,0
190011019,'1179163',833,,2858,52,,,0
190011019,'1179248',733,,2859,52,,,0
190011019,'1179252',1833,,2860,52,,,0
190011019,'1179276',2033,,2861,52,,,0
190011019,'1179307',733,,2862,52,,,0
190011019,'1179317',1303,,2863,28,,,0
190011019,'1179332',1133,,2864,53,,,0
190011019,'1179340',933,,2865,52,,,0
190011019,'1179367',1803,,2866,52,,,0
190011019,'1179375',1503,,2867,28,,,0
190011019,'1179393',1703,,2868,28,,,0
190011019,'1179394',2233,,2869,52,,,0
190011019,'1179413',1333,,2871,53,,,0
190011019,'1179424',2233,,2872,52,,,0
190011019,'1179426',1433,,2873,53,,,0
190011019,'1179430',1633,,2874,53,,,0
190011019,'1179437',1133,,2875,53,,,0
190011019,'1179438',1633,,2876,53,,,0
190011019,'1179442',1933,,2877,52,,,0
190011019,'1179477',833,,2878,52,,,0
190011019,'1179521',1433,,2879,53,,,0
190011019,'1179528',1233,,2880,53,,,0
190011019,'1179530',703,,2881,28,,,0
190011019,'1179555',2033,,2882,52,,,0
190011019,'1179572',1233,,2883,53,,,0
190011019,'1179590',1533,,2884,53,,,0
190011019,'1179619',1733,,2885,52,,,0
190011019,'1179642',1033,,2886,52,,,0
190011019,'1179650',1333,,2887,53,,,0
190011019,'1179665',633,,2888,31,,,0
190011019,'1179666',903,,2889,52,,,0
190011019,'1179672',1403,,2890,28,,,0
190011019,'1179677',2133,,2891,52,,,0
190011019,'1179678',1003,,2892,52,,,0
190011019,'1179688',1733,,2893,52,,,0
190011019,'1179700',1533,,2894,53,,,0
190011019,'1179709',1033,,2895,52,,,0
190017019,'1178932',959,,3019,48,,,0
190017019,'1178967',1459,,3020,15,,,0
190017019,'1179016',659,,3023,48,,,0
190017019,'1179076',629,,3024,15,,,0
190017019,'1179092',729,,3025,48,,,0
190017019,'1179151',1929,,3026,48,,,0
190017019,'1179161',1759,,3027,48,,,0
190017019,'1179277',859,,3028,48,,,0
190017019,'1179309',1359,,3029,15,,,0
190017019,'1179377',1559,,3030,15,,,0
190017019,'1179384',1259,,3031,15,,,0
190017019,'1179427',1329,,3032,48,,,0
190017019,'1179455',1429,,3033,48,,,0
190017019,'1179492',1159,,3034,15,,,0
190017019,'1179519',1829,,3035,48,,,0
190017019,'1179533',759,,3037,48,,,0
190017019,'1179565',1059,,3038,15,,,0
190017019,'1179573',1229,,3039,48,,,0
190017019,'1179579',1129,,3040,48,,,0
190017019,'1179599',2129,,3041,48,,,0
190017019,'1179610',2029,,3042,48,,,0
190017019,'1179626',1659,,3043,48,,,0
190017019,'1179667',829,,3044,48,,,0
190017019,'1179680',1629,,3045,48,,,0
190017019,'1179683',929,,3046,48,,,0
190017019,'1179686',1529,,3047,48,,,0
190017019,'1179699',1029,,3048,48,,,0
190017019,'1179710',1729,,3049,48,,,0
190017019,'1179790',1229,,3050,47,,,0
190017019,'1179796',1429,,3051,47,,,0
190017019,'1179821',1529,,3053,47,,,0
190017019,'1179824',659,,3054,47,,,0
190017019,'1179832',1129,,3055,47,,,0
190017019,'1179843',929,,3056,47,,,0
190017019,'1179845',2129,,3057,47,,,0
190017019,'1179849',1159,,3059,15,,,0
190017019,'1179859',1729,,3060,47,,,0
190017019,'1179863',1029,,3061,47,,,0
190017019,'1179870',859,,3062,47,,,0
190017019,'1179874',1329,,3063,47,,,0
190017019,'1179876',1929,,3064,47,,,0
190017019,'1179884',1659,,3065,47,,,0
190017019,'1179891',1629,,3066,47,,,0
190017019,'1179896',829,,3068,47,,,0
190017019,'1179899',1629,,3069,47,,,0
190017019,'1179905',729,,3070,47,,,0
190017019,'1179912',2129,,3071,47,,,0
190017019,'1179917',1829,,3072,47,,,0
190017019,'1179922',1429,,3073,47,,,0
190017019,'1179924',1529,,3074,47,,,0
190017019,'1179925',1559,,3075,15,,,0
190017019,'1179941',1259,,3076,15,,,0
190017019,'1179949',629,,3077,15,,,0
190017019,'1179955',929,,3079,47,,,0
190017019,'1179971',1329,,3080,47,,,0
190017019,'1179977',1929,,3081,47,,,0
190017019,'1179978',1129,,3082,47,,,0
190017019,'1179979',1759,,3083,47,,,0
190017019,'1179986',829,,3084,47,,,0
190017019,'1179987',1029,,3085,47,,,0
190017019,'1179994',1729,,3086,47,,,0
190017019,'1180001',959,,3087,47,,,0
190017019,'1180002',1459,,3088,15,,,0
190017019,'1180005',729,,3089,47,,,0
190017019,'1180033',1359,,3090,15,,,0
190017019,'1180050',2029,,3092,47,,,0
190017019,'1180055',1229,,3093,47,,,0
190017019,'1180056',1829,,3094,47,,,0
190017019,'1180065',2029,,3095,47,,,0
190017019,'1180069',759,,3096,47,,,0
190017019,'1180074',1059,,3097,15,,,0
