110019,'1178947',937,,2239,7,,,0
110019,'1178964',1437,,2240,7,,,0
110019,'1178973',1737,,2241,7,,,0
110019,'1179028',1537,,2242,7,,,0
110019,'1179105',1637,,2243,7,,,0
110019,'1179114',1037,,2244,7,,,0
110019,'1179176',1237,,2245,7,,,0
110019,'1179184',1337,,2246,7,,,0
110019,'1179290',1137,,2247,7,,,0
140010019,'1178914',1117,,2633,9,0,8 21,0
140010019,'1178921',1447,,2634,9,,,0
140010019,'1178922',947,,2635,9,,,0
140010019,'1178936',717,,2636,9,,,0
140010019,'1178946',2247,,2637,9,0,8 21,0
140010019,'1178979',1047,,2638,9,,,0
140010019,'1179012',747,,2639,9,,,0
140010019,'1179037',1947,,2640,9,,,0
140010019,'1179103',1547,,2641,9,,,0
140010019,'1179122',1317,,2642,9,0,8 21,0
140010019,'1179131',1147,,2643,9,,,0
140010019,'1179140',2147,,2644,9,,,0
140010019,'1179147',917,,2645,9,0,8 21,0
140010019,'1179157',647,,2646,9,,,0
140010019,'1179167',1047,,2647,9,,,0
140010019,'1179178',1747,,2648,9,,,0
140010019,'1179180',2147,,2649,9,,,0
140010019,'1179188',1447,,2650,9,,,0
140010019,'1179217',1947,,2651,9,,,0
140010019,'1179232',1517,,2652,9,0,8 21,0
140010019,'1179251',1617,,2653,9,,,0
140010019,'1179253',817,,2654,9,,,0
140010019,'1179268',1717,,2655,9,,,0
140010019,'1179270',1647,,2656,9,,,0
140010019,'1179336',847,,2658,9,,,0
140010019,'1179347',747,,2659,9,,,0
140010019,'1179361',2047,,2660,9,,,0
140010019,'1179396',2047,,2661,9,,,0
140010019,'1179408',2247,,2662,9,0,8 21,0
140010019,'1179415',1147,,2663,9,,,0
140010019,'1179445',1347,,2664,9,,,0
140010019,'1179452',1747,,2665,9,,,0
140010019,'1179453',1347,,2666,9,,,0
140010019,'1179479',1247,,2667,9,,,0
140010019,'1179483',1217,,2668,9,0,8 21,0
140010019,'1179494',1647,,2669,9,,,0
140010019,'1179496',1547,,2670,9,,,0
140010019,'1179498',1417,,2671,9,0,8 21,0
140010019,'1179544',1847,,2672,9,,,0
140010019,'1179548',1017,,2673,9,0,8 21,0
140010019,'1179613',1847,,2674,9,,,0
140010019,'1179620',847,,2675,9,,,0
140010019,'1179629',1817,,2676,9,0,8 21,0
140010019,'1179659',1247,,2677,9,,,0
140010019,'1179692',947,,2678,9,,,0
