120019,'1178966',1320,,2316,1,,,0
120019,'1178998',1520,,2317,1,,,0
120019,'1179031',1620,,2318,1,,,0
120019,'1179149',1420,,2319,1,,,0
120019,'1179182',1120,,2320,1,,,0
120019,'1179282',920,,2321,1,,,0
120019,'1179296',1720,,2322,1,,,0
120019,'1179596',1020,,2323,1,,,0
120019,'1179628',1220,,2324,1,,,0
120029,'1179032',1606,,2325,47,4,,0
120029,'1179055',1406,,2326,47,4,,0
120029,'1179056',1706,,2327,47,4,,0
120029,'1179099',1819,,2328,47,4,,0
120029,'1179153',1006,,2329,47,4,,0
120029,'1179222',1506,,2330,47,4,,0
120029,'1179429',1206,,2331,47,4,,0
120029,'1179447',1106,,2332,47,4,,0
120029,'1179575',1306,,2333,47,4,,0
140012019,'1178913',1236,,2679,53,4,,0
140012019,'1178923',1236,,2680,53,4,,0
140012019,'1178934',1036,,2681,53,4,,0
140012019,'1178935',836,,2682,53,4,,0
140012019,'1178953',936,,2683,53,4,,0
140012019,'1178981',736,,2684,53,4,,0
140012019,'1178986',1506,,2685,53,4,,0
140012019,'1179006',1406,,2686,53,4,,0
140012019,'1179011',806,,2687,53,4,,0
140012019,'1179015',1936,,2688,53,4,,0
140012019,'1179046',936,,2689,53,4,,0
140012019,'1179102',1636,,2690,53,4,,0
140012019,'1179154',1436,,2691,53,4,,0
140012019,'1179183',2036,,2692,53,4,,0
140012019,'1179185',1006,,2693,53,4,,0
140012019,'1179230',1036,,2695,53,4,,0
140012019,'1179233',1636,,2696,53,4,,0
140012019,'1179236',836,,2697,53,4,,0
140012019,'1179238',1536,,2698,53,4,,0
140012019,'1179244',2136,,2699,53,4,,0
140012019,'1179245',1936,,2700,53,4,,0
140012019,'1179250',736,,2701,31,4,,0
140012019,'1179261',1136,,2703,53,4,,0
140012019,'1179316',2036,,2704,53,4,,0
140012019,'1179325',906,,2705,53,4,,0
140012019,'1179348',1336,,2706,53,4,,0
140012019,'1179359',1806,,2707,53,4,,0
140012019,'1179372',2236,,2708,53,4,,0
140012019,'1179387',1336,,2709,53,4,,0
140012019,'1179399',1206,,2710,53,4,,0
140012019,'1179425',2136,,2711,53,4,,0
140012019,'1179444',1706,,2712,53,4,,0
140012019,'1179495',1436,,2713,53,4,,0
140012019,'1179499',1606,,2714,53,4,,0
140012019,'1179510',1736,,2715,53,4,,0
140012019,'1179511',2236,,2716,53,4,,0
140012019,'1179526',1836,,2717,53,4,,0
140012019,'1179556',1136,,2718,53,4,,0
140012019,'1179567',1306,,2719,53,4,,0
140012019,'1179644',1836,,2721,53,4,,0
140012019,'1179693',1106,,2722,53,4,,0
140012019,'1179704',1536,,2723,53,4,,0
140012019,'1179715',1736,,2724,53,4,,0
190013019,'1178916',1611,,2896,1,,,0
190013019,'1178919',1941,,2897,1,,,0
190013019,'1178920',1111,,2898,1,,,0
190013019,'1178929',741,,2899,1,,,0
190013019,'1178930',1641,,2900,1,,,0
190013019,'1178972',1941,,2901,1,,,0
190013019,'1178983',1211,,2902,1,,,0
190013019,'1178994',2141,,2903,1,,,0
190013019,'1178997',1141,,2904,1,,,0
190013019,'1179048',1511,,2905,1,,,0
190013019,'1179062',1541,,2906,1,,,0
190013019,'1179074',1311,,2907,1,,,0
190013019,'1179087',1241,,2908,1,,,0
190013019,'1179104',1011,,2909,1,,,0
190013019,'1179171',1811,,2910,1,0,8 21,0
190013019,'1179187',841,,2911,1,,,0
190013019,'1179202',1041,,2912,1,,,0
190013019,'1179203',941,,2913,1,,,0
190013019,'1179212',1441,,2914,1,,,0
190013019,'1179219',1241,,2915,1,,,0
190013019,'1179243',741,,2916,1,,,0
190013019,'1179287',2141,,2917,1,,,0
190013019,'1179292',1041,,2918,1,,,0
190013019,'1179300',711,,2919,1,,,0
190013019,'1179373',941,,2921,1,,,0
190013019,'1179380',1341,,2922,1,,,0
190013019,'1179402',1341,,2923,1,,,0
190013019,'1179411',1411,,2924,1,,,0
190013019,'1179457',1841,,2925,1,,,0
190013019,'1179504',641,,2926,1,,,0
190013019,'1179507',911,,2927,1,,,0
190013019,'1179509',1141,,2928,1,,,0
190013019,'1179516',1541,,2929,1,,,0
190013019,'1179531',2041,,2930,1,,,0
190013019,'1179537',841,,2931,1,,,0
190013019,'1179539',1741,,2932,1,,,0
190013019,'1179546',641,,2933,1,,,0
190013019,'1179553',1841,,2934,1,,,0
190013019,'1179591',1641,,2936,1,,,0
190013019,'1179611',1711,,2937,1,,,0
190013019,'1179635',1441,,2938,1,,,0
190013019,'1179694',811,,2939,1,,,0
190013019,'1179701',2041,,2940,1,,,0
190013019,'1179717',1741,,2941,1,,,0
