120029,'1179032',1528,,2325,19,,,0
120029,'1179055',1328,,2326,19,,,0
120029,'1179056',1628,,2327,19,,,0
120029,'1179099',1728,,2328,19,,,0
120029,'1179153',928,,2329,19,,,0
120029,'1179222',1428,,2330,19,,,0
120029,'1179429',1128,,2331,19,,,0
120029,'1179447',1028,,2332,19,,,0
120029,'1179575',1228,,2333,19,,,0
190017019,'1178932',924,,3019,20,,,0
190017019,'1179000',2154,,3021,20,0,8 21,0
190017019,'1179014',1824,,3022,20,0,8 21,0
190017019,'1179016',624,,3023,20,,,0
190017019,'1179092',654,,3025,20,,,0
190017019,'1179151',1854,,3026,20,,,0
190017019,'1179161',1724,,3027,20,,,0
190017019,'1179277',824,,3028,20,,,0
190017019,'1179427',1254,,3032,20,,,0
190017019,'1179455',1354,,3033,20,,,0
190017019,'1179519',1754,,3035,20,,,0
190017019,'1179529',2254,,3036,20,0,8 21,0
190017019,'1179533',724,,3037,20,,,0
190017019,'1179573',1154,,3039,20,,,0
190017019,'1179579',1054,,3040,20,,,0
190017019,'1179599',2054,,3041,20,,,0
190017019,'1179610',1954,,3042,20,,,0
190017019,'1179626',1624,,3043,20,,,0
190017019,'1179667',754,,3044,20,,,0
190017019,'1179680',1554,,3045,20,,,0
190017019,'1179683',854,,3046,20,,,0
190017019,'1179686',1454,,3047,20,,,0
190017019,'1179699',954,,3048,20,,,0
190017019,'1179710',1654,,3049,20,,,0
