120029,'1179032',1603,,2325,44,,,0
120029,'1179055',1403,,2326,44,,,0
120029,'1179056',1703,,2327,44,,,0
120029,'1179099',1816,,2328,44,,,0
120029,'1179153',1003,,2329,44,,,0
120029,'1179222',1503,,2330,44,,,0
120029,'1179429',1203,,2331,44,,,0
120029,'1179447',1103,,2332,44,,,0
120029,'1179575',1303,,2333,44,,,0
140012019,'1178913',1233,,2679,49,,,0
140012019,'1178923',1233,,2680,49,,,0
140012019,'1178934',1033,,2681,49,,,0
140012019,'1178935',833,,2682,49,,,0
140012019,'1178953',933,,2683,49,,,0
140012019,'1178981',733,,2684,49,,,0
140012019,'1178986',1503,,2685,49,,,0
140012019,'1179006',1403,,2686,49,,,0
140012019,'1179011',803,,2687,49,,,0
140012019,'1179015',1933,,2688,49,,,0
140012019,'1179046',933,,2689,49,,,0
140012019,'1179102',1633,,2690,49,,,0
140012019,'1179154',1433,,2691,49,,,0
140012019,'1179183',2033,,2692,49,,,0
140012019,'1179185',1003,,2693,49,,,0
140012019,'1179230',1033,,2695,49,,,0
140012019,'1179233',1633,,2696,49,,,0
140012019,'1179236',833,,2697,49,,,0
140012019,'1179238',1533,,2698,49,,,0
140012019,'1179244',2133,,2699,49,,,0
140012019,'1179245',1933,,2700,49,,,0
140012019,'1179250',733,,2701,27,,,0
140012019,'1179261',1133,,2703,49,,,0
140012019,'1179316',2033,,2704,49,,,0
140012019,'1179325',903,,2705,49,,,0
140012019,'1179348',1333,,2706,49,,,0
140012019,'1179359',1803,,2707,49,,,0
140012019,'1179372',2233,,2708,49,,,0
140012019,'1179387',1333,,2709,49,,,0
140012019,'1179399',1203,,2710,49,,,0
140012019,'1179425',2133,,2711,49,,,0
140012019,'1179444',1703,,2712,49,,,0
140012019,'1179495',1433,,2713,49,,,0
140012019,'1179499',1603,,2714,49,,,0
140012019,'1179510',1733,,2715,49,,,0
140012019,'1179511',2233,,2716,49,,,0
140012019,'1179526',1833,,2717,49,,,0
140012019,'1179556',1133,,2718,49,,,0
140012019,'1179567',1303,,2719,49,,,0
140012019,'1179644',1833,,2721,49,,,0
140012019,'1179693',1103,,2722,49,,,0
140012019,'1179704',1533,,2723,49,,,0
140012019,'1179715',1733,,2724,49,,,0
