190011019,'1175757',2231,,1930,49,,,0
190011019,'1175788',1831,,1931,49,,,0
190011019,'1175797',1431,,1932,49,,,0
190011019,'1175800',1031,,1933,49,,,0
190011019,'1175811',1601,,1934,25,,,0
190011019,'1175846',1931,,1935,49,,,0
190011019,'1175854',1101,,1936,25,,,0
190011019,'1175866',1801,,1937,49,,,0
190011019,'1175889',1331,,1939,49,,,0
190011019,'1175960',1301,,1940,25,,,0
190011019,'1175990',1231,,1942,49,,,0
190011019,'1176025',631,,1943,28,,,0
190011019,'1176026',1331,,1944,49,,,0
190011019,'1176076',701,,1945,25,,,0
190011019,'1176086',1031,,1946,49,,,0
190011019,'1176114',931,,1947,49,,,0
190011019,'1176152',801,,1948,49,,,0
190011019,'1176229',2231,,1949,49,,,0
190011019,'1176246',831,,1950,49,,,0
190011019,'1176315',731,,1951,49,,,0
190011019,'1176316',1231,,1952,49,,,0
190011019,'1176317',1731,,1953,49,,,0
190011019,'1176322',1001,,1954,49,,,0
190011019,'1176337',2031,,1955,49,,,0
190011019,'1176344',1631,,1956,49,,,0
190011019,'1176353',1631,,1957,49,,,0
190011019,'1176386',731,,1958,49,,,0
190011019,'1176406',1501,,1959,25,,,0
190011019,'1176429',1401,,1960,25,,,0
190011019,'1176444',1931,,1961,49,,,0
190011019,'1176445',2131,,1962,49,,,0
190011019,'1176478',1831,,1963,49,,,0
190011019,'1176517',1531,,1965,49,,,0
190011019,'1176557',931,,1966,49,,,0
190011019,'1176559',2031,,1967,49,,,0
190011019,'1176563',901,,1968,49,,,0
190011019,'1176570',1531,,1969,49,,,0
190011019,'1176581',1201,,1970,25,,,0
190011019,'1176586',1701,,1971,25,,,0
190011019,'1176595',1731,,1972,49,,,0
190011019,'1176605',1131,,1973,49,,,0
190011019,'1176616',1131,,1974,49,,,0
190011019,'1176620',831,,1975,49,,,0
190011019,'1176668',2131,,1976,49,,,0
190011019,'1176674',1431,,1977,49,,,0
