216019,'1175813',1923,,1624,10,,,0
216019,'1175831',723,,1625,10,,,0
216019,'1175857',1653,,1626,10,,,0
216019,'1175869',1723,,1627,10,,,0
216019,'1175916',1553,,1628,10,,,0
216019,'1175929',1323,,1629,10,,,0
216019,'1175966',1723,,1630,10,,,0
216019,'1175997',2123,,1631,10,,,0
216019,'1175998',923,,1632,10,,,0
216019,'1176028',1023,,1633,10,,,0
216019,'1176037',1823,,1634,10,,,0
216019,'1176041',1823,,1635,10,,,0
216019,'1176046',723,,1636,10,,,0
216019,'1176054',1623,,1637,10,,,0
216019,'1176067',653,,1638,10,,,0
216019,'1176111',1123,,1639,10,,,0
216019,'1176200',1423,,1640,10,,,0
216019,'1176207',2123,,1641,10,,,0
216019,'1176218',1123,,1642,10,,,0
216019,'1176289',1023,,1643,10,,,0
216019,'1176352',1223,,1644,10,,,0
216019,'1176395',1923,,1645,10,,,0
216019,'1176414',2023,,1646,10,,,0
216019,'1176430',1753,,1647,10,,,0
216019,'1176454',1623,,1648,10,,,0
216019,'1176460',823,,1649,10,,,0
216019,'1176467',1523,,1650,10,,,0
216019,'1176534',623,,1651,10,,,0
216019,'1176553',1223,,1652,10,,,0
216019,'1176576',923,,1653,10,,,0
216019,'1176651',823,,1654,10,,,0
216019,'1176656',1523,,1655,10,,,0
216019,'1176659',1423,,1656,10,,,0
216019,'1176663',1323,,1657,10,,,0
216019,'1176665',853,,1658,10,,,0
216019,'1176686',2023,,1659,10,,,0
216019,'1176690',753,,1660,10,,,0
