140029,'1178990',1448,,2361,21,,,0
140029,'1179039',1148,,2362,21,,,0
140029,'1179106',1048,,2363,21,,,0
140029,'1179281',1348,,2364,21,,,0
140029,'1179335',1648,,2365,21,,,0
140029,'1179461',1801,,2366,21,,,0
140029,'1179478',1548,,2367,21,,,0
140029,'1179522',1248,,2368,21,,,0
140029,'1179651',948,,2369,21,,,0
140029,'1179802',1548,,2370,20,,,0
140029,'1179837',1348,,2371,20,,,0
140029,'1179865',1801,,2372,20,,,0
140029,'1179930',1248,,2373,20,,,0
140029,'1179947',1648,,2374,20,,,0
140029,'1179984',1448,,2375,20,,,0
140029,'1180047',948,,2376,20,,,0
140029,'1180060',1048,,2377,20,,,0
140029,'1180076',1148,,2378,20,,,0
140012019,'1178913',1220,,2679,31,,,0
140012019,'1178923',1220,,2680,31,,,0
140012019,'1178934',1020,,2681,31,,,0
140012019,'1178935',820,,2682,31,,,0
140012019,'1178953',920,,2683,31,,,0
140012019,'1178981',720,,2684,31,,,0
140012019,'1178986',1450,,2685,31,,,0
140012019,'1179006',1350,,2686,31,,,0
140012019,'1179011',750,,2687,31,,,0
140012019,'1179015',1920,,2688,31,,,0
140012019,'1179046',920,,2689,31,,,0
140012019,'1179102',1620,,2690,31,,,0
140012019,'1179154',1420,,2691,31,,,0
140012019,'1179183',2020,,2692,31,,,0
140012019,'1179185',950,,2693,31,,,0
140012019,'1179230',1020,,2695,31,,,0
140012019,'1179233',1620,,2696,31,,,0
140012019,'1179236',820,,2697,31,,,0
140012019,'1179238',1520,,2698,31,,,0
140012019,'1179244',2120,,2699,31,,,0
140012019,'1179245',1920,,2700,31,,,0
140012019,'1179250',720,,2701,9,,,0
140012019,'1179261',1120,,2703,31,,,0
140012019,'1179316',2020,,2704,31,,,0
140012019,'1179325',850,,2705,31,,,0
140012019,'1179348',1320,,2706,31,,,0
140012019,'1179359',1750,,2707,31,,,0
140012019,'1179372',2220,,2708,31,,,0
140012019,'1179387',1320,,2709,31,,,0
140012019,'1179399',1150,,2710,31,,,0
140012019,'1179425',2120,,2711,31,,,0
140012019,'1179444',1650,,2712,31,,,0
140012019,'1179495',1420,,2713,31,,,0
140012019,'1179499',1550,,2714,31,,,0
140012019,'1179510',1720,,2715,31,,,0
140012019,'1179511',2220,,2716,31,,,0
140012019,'1179526',1820,,2717,31,,,0
140012019,'1179556',1120,,2718,31,,,0
140012019,'1179567',1250,,2719,31,,,0
140012019,'1179644',1820,,2721,31,,,0
140012019,'1179693',1050,,2722,31,,,0
140012019,'1179704',1520,,2723,31,,,0
140012019,'1179715',1720,,2724,31,,,0
