120019,'1178966',1353,,2316,40,,,0
120019,'1178998',1553,,2317,40,,,0
120019,'1179031',1653,,2318,40,,,0
120019,'1179149',1453,,2319,40,,,0
120019,'1179182',1153,,2320,40,,,0
120019,'1179282',953,,2321,40,,,0
120019,'1179296',1806,,2322,40,,,0
120019,'1179596',1053,,2323,40,,,0
120019,'1179628',1253,,2324,40,,,0
140016019,'1178912',1728,,2772,41,,,0
140016019,'1178941',828,,2773,41,,,0
140016019,'1179063',728,,2776,21,,,0
140016019,'1179077',1758,,2777,41,,,0
140016019,'1179112',1928,,2778,41,,,0
140016019,'1179129',1228,,2779,41,,,0
140016019,'1179191',928,,2780,41,,,0
140016019,'1179256',858,,2783,41,,,0
140016019,'1179299',2228,,2785,41,,,0
140016019,'1179304',1328,,2786,41,,,0
140016019,'1179312',1628,,2787,41,,,0
140016019,'1179318',1828,,2788,41,,,0
140016019,'1179330',2028,,2789,41,,,0
140016019,'1179333',1428,,2790,41,,,0
140016019,'1179357',1128,,2792,41,,,0
140016019,'1179371',1528,,2793,41,,,0
140016019,'1179389',1658,,2794,41,,,0
140016019,'1179517',1558,,2797,41,,,0
140016019,'1179536',758,,2798,41,,,0
140016019,'1179538',728,,2799,41,,,0
140016019,'1179601',2128,,2802,41,,,0
140016019,'1179663',1028,,2803,41,,,0
140016019,'1179792',928,,2805,41,,,0
140016019,'1179800',1728,,2806,41,,,0
140016019,'1179808',1928,,2807,41,,,0
140016019,'1179822',1558,,2808,41,,,0
140016019,'1179827',858,,2809,41,,,0
140016019,'1179831',1628,,2810,41,,,0
140016019,'1179835',2228,,2811,41,,,0
140016019,'1179868',1658,,2815,41,,,0
140016019,'1179875',1128,,2816,41,,,0
140016019,'1179886',1428,,2818,41,,,0
140016019,'1179907',1728,,2821,41,,,0
140016019,'1179913',1758,,2822,41,,,0
140016019,'1179926',1328,,2823,41,,,0
140016019,'1179938',1528,,2824,41,,,0
140016019,'1179943',2128,,2825,41,,,0
140016019,'1179945',828,,2826,41,,,0
140016019,'1179958',1428,,2827,41,,,0
140016019,'1179963',1828,,2828,41,,,0
140016019,'1179974',1028,,2829,41,,,0
140016019,'1179976',728,,2830,41,,,0
140016019,'1179989',928,,2831,41,,,0
140016019,'1179991',1528,,2832,41,,,0
140016019,'1179997',1628,,2833,41,,,0
140016019,'1180006',1028,,2834,41,,,0
140016019,'1180012',1928,,2835,41,,,0
140016019,'1180018',1128,,2836,41,,,0
140016019,'1180019',2228,,2837,41,,,0
140016019,'1180020',2028,,2838,41,,,0
140016019,'1180023',1328,,2839,41,,,0
140016019,'1180024',758,,2840,41,,,0
140016019,'1180028',828,,2841,41,,,0
140016019,'1180031',2028,,2842,41,,,0
140016019,'1180048',2128,,2843,41,,,0
140016019,'1180057',1828,,2844,41,,,0
140016019,'1180072',1228,,2846,41,,,0
140016019,'1180078',1228,,2847,41,,,0
