140029,'1178990',1500,,2361,37,,,0
140029,'1179039',1200,,2362,37,,,0
140029,'1179106',1100,,2363,37,,,0
140029,'1179281',1400,,2364,37,,,0
140029,'1179335',1700,,2365,37,,,0
140029,'1179461',1813,,2366,37,,,0
140029,'1179478',1600,,2367,37,,,0
140029,'1179522',1300,,2368,37,,,0
140029,'1179651',1000,,2369,37,,,0
140029,'1179802',1600,,2370,36,,,0
140029,'1179837',1400,,2371,36,,,0
140029,'1179865',1813,,2372,36,,,0
140029,'1179930',1300,,2373,36,,,0
140029,'1179947',1700,,2374,36,,,0
140029,'1179984',1500,,2375,36,,,0
140029,'1180047',1000,,2376,36,,,0
140029,'1180060',1100,,2377,36,,,0
140029,'1180076',1200,,2378,36,,,0
140010019,'1178921',1526,,2634,52,,,0
140010019,'1178922',1029,,2635,53,,,0
140010019,'1178936',801,,2636,51,,,0
140010019,'1178979',1129,,2638,53,,,0
140010019,'1179012',831,,2639,52,,,0
140010019,'1179037',2031,,2640,51,,,0
140010019,'1179103',1631,,2641,52,,,0
140010019,'1179131',1226,,2643,52,,,0
140010019,'1179140',2231,,2644,51,,,0
140010019,'1179157',731,,2646,51,,,0
140010019,'1179167',1126,,2647,52,,,0
140010019,'1179178',1831,,2648,52,,,0
140010019,'1179180',2231,,2649,52,,,0
140010019,'1179188',1529,,2650,53,,,0
140010019,'1179217',2031,,2651,52,,,0
140010019,'1179251',1701,,2653,51,,,0
140010019,'1179253',901,,2654,51,,,0
140010019,'1179268',1801,,2655,51,,,0
140010019,'1179270',1731,,2656,52,,,0
140010019,'1179302',731,,2657,19,,,0
140010019,'1179336',931,,2658,51,,,0
140010019,'1179347',831,,2659,51,,,0
140010019,'1179361',2131,,2660,51,,,0
140010019,'1179396',2131,,2661,52,,,0
140010019,'1179415',1229,,2663,53,,,0
140010019,'1179445',1426,,2664,52,,,0
140010019,'1179452',1831,,2665,51,,,0
140010019,'1179453',1429,,2666,53,,,0
140010019,'1179479',1326,,2667,52,,,0
140010019,'1179494',1731,,2669,51,,,0
140010019,'1179496',1631,,2670,51,,,0
140010019,'1179544',1931,,2672,51,,,0
140010019,'1179613',1931,,2674,52,,,0
140010019,'1179620',931,,2675,52,,,0
140010019,'1179659',1329,,2677,53,,,0
140010019,'1179692',1026,,2678,52,,,0
