116019,'1178992',748,,2257,17,,,0
116019,'1179088',648,,2258,17,,,0
116019,'1179141',1448,,2259,17,,,0
116019,'1179172',1148,,2260,17,,,0
116019,'1179177',848,,2261,17,,,0
116019,'1179190',1618,,2262,17,,,0
116019,'1179215',1048,,2263,17,,,0
116019,'1179228',818,,2264,17,,,0
116019,'1179247',948,,2265,17,,,0
116019,'1179275',1548,,2266,17,,,0
116019,'1179278',1248,,2267,17,,,0
116019,'1179313',1748,,2268,17,,,0
116019,'1179314',2048,,2269,17,,,0
116019,'1179339',718,,2270,17,,,0
116019,'1179343',1948,,2271,17,,,0
116019,'1179381',1848,,2272,17,,,0
116019,'1179418',1648,,2273,17,,,0
116019,'1179432',1718,,2274,17,,,0
116019,'1179439',1348,,2275,17,,,0
116019,'1179515',918,,2276,17,,,0
116019,'1179606',1818,,2277,17,,,0
116019,'1179706',2148,,2278,17,,,0
116019,'1179803',1048,,2279,17,,,0
116019,'1179806',2148,,2280,17,,,0
116019,'1179811',1948,,2281,17,,,0
116019,'1179814',818,,2282,17,,,0
116019,'1179815',2148,,2283,17,,,0
116019,'1179816',2048,,2284,17,,,0
116019,'1179818',748,,2285,17,,,0
116019,'1179820',1618,,2286,17,,,0
116019,'1179826',748,,2287,17,,,0
116019,'1179838',848,,2288,17,,,0
116019,'1179860',1718,,2289,17,,,0
116019,'1179861',1648,,2290,17,,,0
116019,'1179871',1848,,2291,17,,,0
116019,'1179879',718,,2292,17,,,0
116019,'1179890',1848,,2293,17,,,0
116019,'1179910',1748,,2294,17,,,0
116019,'1179933',1448,,2295,17,,,0
116019,'1179936',1248,,2296,17,,,0
116019,'1179944',1548,,2297,17,,,0
116019,'1179946',1818,,2298,17,,,0
116019,'1179950',1548,,2299,17,,,0
116019,'1179954',948,,2300,17,,,0
116019,'1179959',2048,,2301,17,,,0
116019,'1179965',1648,,2302,17,,,0
116019,'1179966',848,,2303,17,,,0
116019,'1179975',1048,,2304,17,,,0
116019,'1179985',1748,,2305,17,,,0
116019,'1180003',1348,,2306,17,,,0
116019,'1180007',1148,,2307,17,,,0
116019,'1180008',1348,,2308,17,,,0
116019,'1180010',648,,2309,17,,,0
116019,'1180011',1948,,2310,17,,,0
116019,'1180027',918,,2311,17,,,0
116019,'1180032',1448,,2312,17,,,0
116019,'1180034',1148,,2313,17,,,0
116019,'1180036',948,,2314,17,,,0
116019,'1180063',1248,,2315,17,,,0
160019,'1178943',1539,,2406,17,,,0
160019,'1178949',939,,2407,17,,,0
160019,'1178951',1339,,2408,17,,,0
160019,'1179047',1439,,2409,17,,,0
160019,'1179060',1739,,2410,17,,,0
160019,'1179205',1139,,2411,17,,,0
160019,'1179319',1239,,2412,17,,,0
160019,'1179451',1639,,2413,17,,,0
160019,'1179697',1039,,2414,17,,,0
160019,'1179817',1039,,2415,17,,,0
160019,'1179829',1339,,2416,17,,,0
160019,'1179855',1539,,2417,17,,,0
160019,'1179873',1139,,2418,17,,,0
160019,'1179921',1739,,2419,17,,,0
160019,'1179929',1639,,2420,17,,,0
160019,'1180025',1439,,2421,17,,,0
160019,'1180042',939,,2422,17,,,0
160019,'1180067',1239,,2423,17,,,0
