140019,'1178969',1323,,2352,11,,,0
140019,'1178977',1523,,2353,11,,,0
140019,'1179164',1623,,2354,11,,,0
140019,'1179344',1423,,2355,11,,,0
140019,'1179352',923,,2356,11,,,0
140019,'1179462',1223,,2357,11,,,0
140019,'1179512',1123,,2358,11,,,0
140019,'1179518',1023,,2359,11,,,0
140019,'1179634',1723,,2360,11,,,0
190011019,'1178950',722,,2849,12,,,0
190011019,'1178970',1852,,2850,12,,,0
190011019,'1179009',1822,,2851,12,0,8 21,0
190011019,'1179040',2052,,2852,12,,,0
190011019,'1179145',852,,2854,12,,,0
190011019,'1179159',1752,,2856,12,,,0
190011019,'1179162',2247,,2857,12,0,12,0
190011019,'1179163',752,,2858,12,,,0
190011019,'1179248',652,,2859,12,,,0
190011019,'1179252',1752,,2860,12,,,0
190011019,'1179276',1952,,2861,12,,,0
190011019,'1179307',652,,2862,12,,,0
190011019,'1179332',1052,,2864,12,,,0
190011019,'1179340',852,,2865,12,,,0
190011019,'1179367',1722,,2866,12,,,0
190011019,'1179394',2152,,2869,12,,,0
190011019,'1179412',2247,,2870,12,0,12,0
190011019,'1179413',1252,,2871,12,,,0
190011019,'1179424',2152,,2872,12,,,0
190011019,'1179426',1352,,2873,12,,,0
190011019,'1179430',1552,,2874,12,,,0
190011019,'1179437',1052,,2875,12,,,0
190011019,'1179438',1552,,2876,12,,,0
190011019,'1179442',1852,,2877,12,,,0
190011019,'1179477',752,,2878,12,,,0
190011019,'1179521',1352,,2879,12,,,0
190011019,'1179528',1152,,2880,12,,,0
190011019,'1179555',1952,,2882,12,,,0
190011019,'1179572',1152,,2883,12,,,0
190011019,'1179590',1452,,2884,12,,,0
190011019,'1179619',1652,,2885,12,,,0
190011019,'1179642',952,,2886,12,,,0
190011019,'1179650',1252,,2887,12,,,0
190011019,'1179666',822,,2889,12,,,0
190011019,'1179677',2052,,2891,12,,,0
190011019,'1179678',922,,2892,12,,,0
190011019,'1179688',1652,,2893,12,,,0
190011019,'1179700',1452,,2894,12,,,0
190011019,'1179709',952,,2895,12,,,0
