130029,'1178925',1459,,2343,8,,,0
130029,'1178989',1359,,2344,8,,,0
130029,'1179023',1559,,2345,8,,,0
130029,'1179120',1659,,2346,8,,,0
130029,'1179168',1259,,2347,8,,,0
130029,'1179423',859,,2348,8,,,0
130029,'1179469',1159,,2349,8,,,0
130029,'1179639',959,,2350,8,,,0
130029,'1179657',1059,,2351,8,,,0
300019,'1180121',652,,3098,4,0,23 24 2 25,0
300019,'1180125',722,,3102,4,0,23 24 2 25,0
300019,'1180126',1422,,3103,5,0,23 24 2 25,0
300019,'1180130',922,,3107,5,0,23 24 2 25,0
300019,'1180131',1222,,3108,5,0,23 24 2 25,0
300019,'1180132',1122,,3109,5,0,23 24 2 25,0
300019,'1180133',2122,,3110,5,0,23 24 2 25,0
300019,'1180134',1552,,3111,5,0,23 24 2 25,0
300019,'1180136',822,,3113,5,0,23 24 2 25,0
300019,'1180138',1122,,3115,5,0,23 24 2 25,0
300019,'1180139',1322,,3116,5,0,23 24 2 25,0
300019,'1180140',1622,,3117,5,0,23 24 2 25,0
300019,'1180143',1752,,3120,5,0,23 24 2 25,0
300019,'1180145',1422,,3122,5,0,23 24 2 25,0
300019,'1180150',852,,3127,5,0,23 24 2 25,0
300019,'1180151',2022,,3128,5,0,23 24 2 25,0
300019,'1180152',822,,3129,5,0,23 24 2 25,0
300019,'1180156',922,,3133,5,0,23 24 2 25,0
300019,'1180159',952,,3136,5,0,23 24 2 25,0
300019,'1180161',1722,,3138,5,0,23 24 2 25,0
300019,'1180164',1022,,3141,5,0,23 24 2 25,0
300019,'1180166',1522,,3143,5,0,23 24 2 25,0
300019,'1180167',1222,,3144,5,0,23 24 2 25,0
300019,'1180168',1922,,3145,5,0,23 24 2 25,0
300019,'1180169',1722,,3146,5,0,23 24 2 25,0
300019,'1180175',722,,3152,5,0,23 24 2 25,0
300019,'1180176',1022,,3153,5,0,23 24 2 25,0
300019,'1180177',1652,,3154,5,0,23 24 2 25,0
300019,'1180178',1622,,3155,5,0,23 24 2 25,0
300019,'1180179',1522,,3156,5,0,23 24 2 25,0
300019,'1180181',2122,,3158,5,0,23 24 2 25,0
300019,'1180182',1822,,3159,5,0,23 24 2 25,0
300019,'1180183',752,,3160,5,0,23 24 2 25,0
300019,'1180188',2022,,3165,5,0,23 24 2 25,0
300019,'1180189',1922,,3166,5,0,23 24 2 25,0
300019,'1180191',1822,,3168,5,0,23 24 2 25,0
300019,'1180194',1322,,3171,5,0,23 24 2 25,0
190013019,'1178916',1650,,2896,40,,,0
190013019,'1178919',2020,,2897,40,,,0
190013019,'1178920',1150,,2898,40,,,0
190013019,'1178929',820,,2899,40,,,0
190013019,'1178930',1720,,2900,40,,,0
190013019,'1178972',2020,,2901,40,,,0
190013019,'1178983',1250,,2902,40,,,0
190013019,'1178994',2220,,2903,40,,,0
190013019,'1178997',1220,,2904,40,,,0
190013019,'1179048',1550,,2905,40,,,0
190013019,'1179062',1620,,2906,40,,,0
190013019,'1179074',1350,,2907,40,,,0
190013019,'1179087',1320,,2908,40,,,0
190013019,'1179104',1050,,2909,40,,,0
190013019,'1179187',920,,2911,40,,,0
190013019,'1179202',1120,,2912,40,,,0
190013019,'1179203',1020,,2913,40,,,0
190013019,'1179212',1520,,2914,40,,,0
190013019,'1179219',1320,,2915,40,,,0
190013019,'1179243',820,,2916,40,,,0
190013019,'1179287',2220,,2917,40,,,0
190013019,'1179292',1120,,2918,40,,,0
190013019,'1179300',750,,2919,40,,,0
190013019,'1179354',620,,2920,8,,,0
190013019,'1179373',1020,,2921,40,,,0
190013019,'1179380',1420,,2922,40,,,0
190013019,'1179402',1420,,2923,40,,,0
190013019,'1179411',1450,,2924,40,,,0
190013019,'1179457',1920,,2925,40,,,0
190013019,'1179504',720,,2926,40,,,0
190013019,'1179507',950,,2927,40,,,0
190013019,'1179509',1220,,2928,40,,,0
190013019,'1179516',1620,,2929,40,,,0
190013019,'1179531',2120,,2930,40,,,0
190013019,'1179537',920,,2931,40,,,0
190013019,'1179539',1820,,2932,40,,,0
190013019,'1179546',720,,2933,40,,,0
190013019,'1179553',1920,,2934,40,,,0
190013019,'1179581',650,,2935,8,,,0
190013019,'1179591',1720,,2936,40,,,0
190013019,'1179611',1750,,2937,40,,,0
190013019,'1179635',1520,,2938,40,,,0
190013019,'1179694',850,,2939,40,,,0
190013019,'1179701',2120,,2940,40,,,0
190013019,'1179717',1820,,2941,40,,,0
