200019,'1179798',1336,,2442,5,,,0
200019,'1179810',1536,,2443,5,,,0
200019,'1179901',1136,,2444,5,,,0
200019,'1179903',1736,,2445,5,,,0
200019,'1179911',1436,,2446,5,,,0
200019,'1179939',1036,,2447,5,,,0
200019,'1179968',1636,,2448,5,,,0
200019,'1179973',936,,2449,5,,,0
200019,'1180054',1236,,2450,5,,,0
200029,'1179807',1013,,2461,24,,,0
200029,'1179834',1413,,2462,24,,,0
200029,'1179867',1713,,2463,24,,,0
200029,'1179877',1213,,2464,24,,,0
200029,'1179888',1613,,2465,24,,,0
200029,'1179893',1313,,2466,24,,,0
200029,'1179998',1513,,2467,24,,,0
200029,'1180053',913,,2468,14,,,0
200029,'1180064',1113,,2469,24,,,0
300019,'1180121',729,,3098,22,0,23 24 2 25,0
300019,'1180122',930,,3099,3,0,23 24 2 26,0
300019,'1180123',930,,3100,3,0,23 24 2 26,0
300019,'1180124',1530,,3101,3,0,23 24 2 26,0
300019,'1180125',759,,3102,22,0,23 24 2 25,0
300019,'1180126',1459,,3103,23,0,23 24 2 25,0
300019,'1180127',700,,3104,3,0,23 24 2 26,0
300019,'1180128',1130,,3105,3,0,23 24 2 26,0
300019,'1180129',1730,,3106,3,0,23 24 2 26,0
300019,'1180130',959,,3107,23,0,23 24 2 25,0
300019,'1180131',1259,,3108,23,0,23 24 2 25,0
300019,'1180132',1159,,3109,23,0,23 24 2 25,0
300019,'1180133',2159,,3110,23,0,23 24 2 25,0
300019,'1180134',1629,,3111,23,0,23 24 2 25,0
300019,'1180135',1700,,3112,3,0,23 24 2 26,0
300019,'1180136',859,,3113,23,0,23 24 2 25,0
300019,'1180137',730,,3114,3,0,23 24 2 26,0
300019,'1180138',1159,,3115,23,0,23 24 2 25,0
300019,'1180139',1359,,3116,23,0,23 24 2 25,0
300019,'1180140',1659,,3117,23,0,23 24 2 25,0
300019,'1180141',830,,3118,3,0,23 24 2 26,0
300019,'1180142',1430,,3119,3,0,23 24 2 26,0
300019,'1180143',1829,,3120,23,0,23 24 2 25,0
300019,'1180144',1930,,3121,3,0,23 24 2 26,0
300019,'1180145',1459,,3122,23,0,23 24 2 25,0
300019,'1180146',1930,,3123,3,0,23 24 2 26,0
300019,'1180147',2130,,3124,3,0,8 9 2 26,0
300019,'1180148',1530,,3125,3,0,23 24 2 26,0
300019,'1180149',1430,,3126,3,0,23 24 2 26,0
300019,'1180150',929,,3127,23,0,23 24 2 25,0
300019,'1180151',2059,,3128,23,0,23 24 2 25,0
300019,'1180152',859,,3129,23,0,23 24 2 25,0
300019,'1180153',1030,,3130,3,0,23 24 2 26,0
300019,'1180154',1030,,3131,3,0,23 24 2 26,0
300019,'1180155',1330,,3132,3,0,23 24 2 26,0
300019,'1180156',959,,3133,23,0,23 24 2 25,0
300019,'1180157',2030,,3134,3,0,23 24 2 26,0
300019,'1180158',1800,,3135,3,0,8 9 2 26,0
300019,'1180159',1029,,3136,23,0,23 24 2 25,0
300019,'1180160',1630,,3137,3,0,23 24 2 26,0
300019,'1180161',1759,,3138,23,0,23 24 2 25,0
300019,'1180162',2130,,3139,3,0,8 9 2 26,0
300019,'1180163',1230,,3140,3,0,23 24 2 26,0
300019,'1180164',1059,,3141,23,0,23 24 2 25,0
300019,'1180165',1330,,3142,3,0,23 24 2 26,0
300019,'1180166',1559,,3143,23,0,23 24 2 25,0
300019,'1180167',1259,,3144,23,0,23 24 2 25,0
300019,'1180168',1959,,3145,23,0,23 24 2 25,0
300019,'1180169',1759,,3146,23,0,23 24 2 25,0
300019,'1180170',900,,3147,3,0,23 24 2 26,0
300019,'1180171',730,,3148,3,0,23 24 2 26,0
300019,'1180172',1130,,3149,3,0,23 24 2 26,0
300019,'1180173',1830,,3150,3,0,23 24 2 26,0
300019,'1180174',1230,,3151,3,0,23 24 2 26,0
300019,'1180175',759,,3152,23,0,23 24 2 25,0
300019,'1180176',1059,,3153,23,0,23 24 2 25,0
300019,'1180177',1729,,3154,23,0,23 24 2 25,0
300019,'1180178',1659,,3155,23,0,23 24 2 25,0
300019,'1180179',1559,,3156,23,0,23 24 2 25,0
300019,'1180180',1600,,3157,3,0,23 24 2 26,0
300019,'1180181',2159,,3158,23,0,23 24 2 25,0
300019,'1180182',1859,,3159,23,0,23 24 2 25,0
300019,'1180183',829,,3160,23,0,23 24 2 25,0
300019,'1180184',1630,,3161,3,0,23 24 2 26,0
300019,'1180185',1730,,3162,3,0,23 24 2 26,0
300019,'1180186',800,,3163,3,0,23 24 2 26,0
300019,'1180187',1000,,3164,3,0,8 9 2 26,0
300019,'1180188',2059,,3165,23,0,23 24 2 25,0
300019,'1180189',1959,,3166,23,0,23 24 2 25,0
300019,'1180190',2030,,3167,3,0,23 24 2 26,0
300019,'1180191',1859,,3168,23,0,23 24 2 25,0
300019,'1180192',1830,,3169,3,0,23 24 2 26,0
300019,'1180193',830,,3170,3,0,23 24 2 26,0
300019,'1180194',1359,,3171,23,0,23 24 2 25,0
140016019,'1179792',850,,2805,7,,,0
140016019,'1179800',1650,,2806,7,,,0
140016019,'1179808',1850,,2807,7,,,0
140016019,'1179822',1520,,2808,7,,,0
140016019,'1179827',820,,2809,7,,,0
140016019,'1179831',1550,,2810,7,,,0
140016019,'1179835',2150,,2811,7,,,0
140016019,'1179839',1320,,2812,7,0,8 21,0
140016019,'1179842',1120,,2813,7,0,8 21,0
140016019,'1179862',920,,2814,7,0,8 21,0
140016019,'1179868',1620,,2815,7,,,0
140016019,'1179875',1050,,2816,7,,,0
140016019,'1179881',1820,,2817,7,0,8 21,0
140016019,'1179886',1350,,2818,7,,,0
140016019,'1179897',1020,,2819,7,0,8 21,0
140016019,'1179904',1220,,2820,7,0,8 21,0
140016019,'1179907',1650,,2821,7,,,0
140016019,'1179913',1720,,2822,7,,,0
140016019,'1179926',1250,,2823,7,,,0
140016019,'1179938',1450,,2824,7,,,0
140016019,'1179943',2050,,2825,7,,,0
140016019,'1179945',750,,2826,7,,,0
140016019,'1179958',1350,,2827,7,,,0
140016019,'1179963',1750,,2828,7,,,0
140016019,'1179974',950,,2829,7,,,0
140016019,'1179976',650,,2830,7,,,0
140016019,'1179989',850,,2831,7,,,0
140016019,'1179991',1450,,2832,7,,,0
140016019,'1179997',1550,,2833,7,,,0
140016019,'1180006',950,,2834,7,,,0
140016019,'1180012',1850,,2835,7,,,0
140016019,'1180018',1050,,2836,7,,,0
140016019,'1180019',2150,,2837,7,,,0
140016019,'1180020',1950,,2838,7,,,0
140016019,'1180023',1250,,2839,7,,,0
140016019,'1180024',720,,2840,7,,,0
140016019,'1180028',750,,2841,7,,,0
140016019,'1180031',1950,,2842,7,,,0
140016019,'1180048',2050,,2843,7,,,0
140016019,'1180057',1750,,2844,7,,,0
140016019,'1180062',1420,,2845,7,0,8 21,0
140016019,'1180072',1150,,2846,7,,,0
140016019,'1180078',1150,,2847,7,,,0
190017019,'1179790',1226,,3050,45,,,0
190017019,'1179796',1426,,3051,45,,,0
190017019,'1179821',1526,,3053,45,,,0
190017019,'1179824',656,,3054,45,,,0
190017019,'1179832',1126,,3055,45,,,0
190017019,'1179843',926,,3056,45,,,0
190017019,'1179845',2126,,3057,45,,,0
190017019,'1179849',1156,,3059,13,,,0
190017019,'1179859',1726,,3060,45,,,0
190017019,'1179863',1026,,3061,45,,,0
190017019,'1179870',856,,3062,45,,,0
190017019,'1179874',1326,,3063,45,,,0
190017019,'1179876',1926,,3064,45,,,0
190017019,'1179884',1656,,3065,45,,,0
190017019,'1179891',1626,,3066,45,,,0
190017019,'1179896',826,,3068,45,,,0
190017019,'1179899',1626,,3069,45,,,0
190017019,'1179905',726,,3070,45,,,0
190017019,'1179912',2126,,3071,45,,,0
190017019,'1179917',1826,,3072,45,,,0
190017019,'1179922',1426,,3073,45,,,0
190017019,'1179924',1526,,3074,45,,,0
190017019,'1179925',1556,,3075,13,,,0
190017019,'1179941',1256,,3076,13,,,0
190017019,'1179949',626,,3077,13,,,0
190017019,'1179955',926,,3079,45,,,0
190017019,'1179971',1326,,3080,45,,,0
190017019,'1179977',1926,,3081,45,,,0
190017019,'1179978',1126,,3082,45,,,0
190017019,'1179979',1756,,3083,45,,,0
190017019,'1179986',826,,3084,45,,,0
190017019,'1179987',1026,,3085,45,,,0
190017019,'1179994',1726,,3086,45,,,0
190017019,'1180001',956,,3087,45,,,0
190017019,'1180002',1456,,3088,13,,,0
190017019,'1180005',726,,3089,45,,,0
190017019,'1180033',1356,,3090,13,,,0
190017019,'1180050',2026,,3092,45,,,0
190017019,'1180055',1226,,3093,45,,,0
190017019,'1180056',1826,,3094,45,,,0
190017019,'1180065',2026,,3095,45,,,0
190017019,'1180069',756,,3096,45,,,0
190017019,'1180074',1056,,3097,13,,,0
