140019,'1178969',1355,,2352,38,,,0
140019,'1178977',1555,,2353,38,,,0
140019,'1179164',1655,,2354,38,,,0
140019,'1179344',1455,,2355,38,,,0
140019,'1179352',955,,2356,38,,,0
140019,'1179462',1255,,2357,38,,,0
140019,'1179512',1155,,2358,38,,,0
140019,'1179518',1055,,2359,38,,,0
140019,'1179634',1808,,2360,38,,,0
140014019,'1178954',1636,,2725,45,,,0
140014019,'1178955',1206,,2726,45,,,0
140014019,'1178974',1036,,2727,45,,,0
140014019,'1179007',1834,,2728,45,,,0
140014019,'1179027',1536,,2729,45,,,0
140014019,'1179052',834,,2730,45,,,0
140014019,'1179079',806,,2731,45,,,0
140014019,'1179080',1534,,2732,45,,,0
140014019,'1179082',906,,2733,45,,,0
140014019,'1179084',736,,2734,45,,,0
140014019,'1179111',2236,,2735,45,,,0
140014019,'1179143',836,,2736,45,,,0
140014019,'1179200',1306,,2737,45,,,0
140014019,'1179207',1806,,2738,45,,,0
140014019,'1179221',1434,,2739,45,,,0
140014019,'1179271',1236,,2740,45,,,0
140014019,'1179298',1734,,2741,45,,,0
140014019,'1179320',1506,,2742,45,,,0
140014019,'1179323',1034,,2743,45,,,0
140014019,'1179337',634,,2744,17,,,0
140014019,'1179350',934,,2745,45,,,0
140014019,'1179353',1836,,2746,45,,,0
140014019,'1179366',2034,,2747,45,,,0
140014019,'1179392',1634,,2748,45,,,0
140014019,'1179403',1936,,2749,45,,,0
140014019,'1179417',734,,2750,24,,,0
140014019,'1179433',1436,,2751,45,,,0
140014019,'1179443',1006,,2752,45,,,0
140014019,'1179446',1234,,2753,45,,,0
140014019,'1179449',1106,,2754,45,,,0
140014019,'1179493',1136,,2755,45,,,0
140014019,'1179513',636,,2756,17,,,0
140014019,'1179524',1736,,2757,45,,,0
140014019,'1179535',1406,,2758,45,,,0
140014019,'1179547',1334,,2759,45,,,0
140014019,'1179550',706,,2760,24,,,0
140014019,'1179561',1606,,2762,45,,,0
140014019,'1179577',1336,,2763,45,,,0
140014019,'1179598',2136,,2764,45,,,0
140014019,'1179600',2234,,2765,45,,,0
140014019,'1179608',1934,,2766,45,,,0
140014019,'1179636',1706,,2767,45,,,0
140014019,'1179638',936,,2768,45,,,0
140014019,'1179648',2036,,2769,45,,,0
140014019,'1179654',2134,,2770,45,,,0
140014019,'1179662',1134,,2771,45,,,0
