200019,'1179038',1435,,2433,4,,,0
200019,'1179081',1635,,2434,4,,,0
200019,'1179174',935,,2435,4,,,0
200019,'1179259',1135,,2436,4,,,0
200019,'1179289',1535,,2437,4,,,0
200019,'1179460',1735,,2438,4,,,0
200019,'1179585',1035,,2439,4,,,0
200019,'1179594',1335,,2440,4,,,0
200019,'1179655',1235,,2441,4,,,0
200019,'1179798',1335,,2442,4,,,0
200019,'1179810',1535,,2443,4,,,0
200019,'1179901',1135,,2444,4,,,0
200019,'1179903',1735,,2445,4,,,0
200019,'1179911',1435,,2446,4,,,0
200019,'1179939',1035,,2447,4,,,0
200019,'1179968',1635,,2448,4,,,0
200019,'1179973',935,,2449,4,,,0
200019,'1180054',1235,,2450,4,,,0
140016019,'1178912',1650,,2772,6,,,0
140016019,'1178941',750,,2773,6,,,0
140016019,'1179017',1220,,2775,6,0,8 21,0
140016019,'1179077',1720,,2777,6,,,0
140016019,'1179112',1850,,2778,6,,,0
140016019,'1179129',1150,,2779,6,,,0
140016019,'1179191',850,,2780,6,,,0
140016019,'1179254',1120,,2782,6,0,8 21,0
140016019,'1179256',820,,2783,6,,,0
140016019,'1179299',2150,,2785,6,,,0
140016019,'1179304',1250,,2786,6,,,0
140016019,'1179312',1550,,2787,6,,,0
140016019,'1179318',1750,,2788,6,,,0
140016019,'1179330',1950,,2789,6,,,0
140016019,'1179333',1350,,2790,6,,,0
140016019,'1179351',920,,2791,6,0,8 21,0
140016019,'1179357',1050,,2792,6,,,0
140016019,'1179371',1450,,2793,6,,,0
140016019,'1179389',1620,,2794,6,,,0
140016019,'1179503',1420,,2796,6,0,8 21,0
140016019,'1179517',1520,,2797,6,,,0
140016019,'1179536',720,,2798,6,,,0
140016019,'1179538',650,,2799,6,,,0
140016019,'1179562',1320,,2800,6,0,8 21,0
140016019,'1179569',1820,,2801,6,0,8 21,0
140016019,'1179601',2050,,2802,6,,,0
140016019,'1179663',950,,2803,6,,,0
140016019,'1179681',1020,,2804,6,0,8 21,0
140016019,'1179792',850,,2805,6,,,0
140016019,'1179800',1650,,2806,6,,,0
140016019,'1179808',1850,,2807,6,,,0
140016019,'1179822',1520,,2808,6,,,0
140016019,'1179827',820,,2809,6,,,0
140016019,'1179831',1550,,2810,6,,,0
140016019,'1179835',2150,,2811,6,,,0
140016019,'1179839',1320,,2812,6,0,8 21,0
140016019,'1179842',1120,,2813,6,0,8 21,0
140016019,'1179862',920,,2814,6,0,8 21,0
140016019,'1179868',1620,,2815,6,,,0
140016019,'1179875',1050,,2816,6,,,0
140016019,'1179881',1820,,2817,6,0,8 21,0
140016019,'1179886',1350,,2818,6,,,0
140016019,'1179897',1020,,2819,6,0,8 21,0
140016019,'1179904',1220,,2820,6,0,8 21,0
140016019,'1179907',1650,,2821,6,,,0
140016019,'1179913',1720,,2822,6,,,0
140016019,'1179926',1250,,2823,6,,,0
140016019,'1179938',1450,,2824,6,,,0
140016019,'1179943',2050,,2825,6,,,0
140016019,'1179945',750,,2826,6,,,0
140016019,'1179958',1350,,2827,6,,,0
140016019,'1179963',1750,,2828,6,,,0
140016019,'1179974',950,,2829,6,,,0
140016019,'1179976',650,,2830,6,,,0
140016019,'1179989',850,,2831,6,,,0
140016019,'1179991',1450,,2832,6,,,0
140016019,'1179997',1550,,2833,6,,,0
140016019,'1180006',950,,2834,6,,,0
140016019,'1180012',1850,,2835,6,,,0
140016019,'1180018',1050,,2836,6,,,0
140016019,'1180019',2150,,2837,6,,,0
140016019,'1180020',1950,,2838,6,,,0
140016019,'1180023',1250,,2839,6,,,0
140016019,'1180024',720,,2840,6,,,0
140016019,'1180028',750,,2841,6,,,0
140016019,'1180031',1950,,2842,6,,,0
140016019,'1180048',2050,,2843,6,,,0
140016019,'1180057',1750,,2844,6,,,0
140016019,'1180062',1420,,2845,6,0,8 21,0
140016019,'1180072',1150,,2846,6,,,0
140016019,'1180078',1150,,2847,6,,,0
