120019,'1178966',1402,,2316,50,,,0
120019,'1178998',1602,,2317,50,,,0
120019,'1179031',1702,,2318,50,,,0
120019,'1179149',1502,,2319,50,,,0
120019,'1179182',1202,,2320,50,,,0
120019,'1179282',1002,,2321,50,,,0
120019,'1179296',1815,,2322,50,,,0
120019,'1179596',1102,,2323,50,,,0
120019,'1179628',1302,,2324,50,,,0
140016019,'1178912',1736,,2772,51,,,0
140016019,'1178941',836,,2773,51,,,0
140016019,'1179005',636,,2774,8,,,0
140016019,'1179063',736,,2776,31,,,0
140016019,'1179077',1806,,2777,51,,,0
140016019,'1179112',1936,,2778,51,,,0
140016019,'1179129',1236,,2779,51,,,0
140016019,'1179191',936,,2780,51,,,0
140016019,'1179225',706,,2781,8,,,0
140016019,'1179256',906,,2783,51,,,0
140016019,'1179286',609,,2784,8,,,0
140016019,'1179299',2236,,2785,51,,,0
140016019,'1179304',1336,,2786,51,,,0
140016019,'1179312',1636,,2787,51,,,0
140016019,'1179318',1836,,2788,51,,,0
140016019,'1179330',2036,,2789,51,,,0
140016019,'1179333',1436,,2790,51,,,0
140016019,'1179357',1136,,2792,51,,,0
140016019,'1179371',1536,,2793,51,,,0
140016019,'1179389',1706,,2794,51,,,0
140016019,'1179440',636,,2795,8,,,0
140016019,'1179517',1606,,2797,51,,,0
140016019,'1179536',806,,2798,51,,,0
140016019,'1179538',736,,2799,51,,,0
140016019,'1179601',2136,,2802,51,,,0
140016019,'1179663',1036,,2803,51,,,0
140016019,'1179792',936,,2805,51,,,0
140016019,'1179800',1736,,2806,51,,,0
140016019,'1179808',1936,,2807,51,,,0
140016019,'1179822',1606,,2808,51,,,0
140016019,'1179827',906,,2809,51,,,0
140016019,'1179831',1636,,2810,51,,,0
140016019,'1179835',2236,,2811,51,,,0
140016019,'1179868',1706,,2815,51,,,0
140016019,'1179875',1136,,2816,51,,,0
140016019,'1179886',1436,,2818,51,,,0
140016019,'1179907',1736,,2821,51,,,0
140016019,'1179913',1806,,2822,51,,,0
140016019,'1179926',1336,,2823,51,,,0
140016019,'1179938',1536,,2824,51,,,0
140016019,'1179943',2136,,2825,51,,,0
140016019,'1179945',836,,2826,51,,,0
140016019,'1179958',1436,,2827,51,,,0
140016019,'1179963',1836,,2828,51,,,0
140016019,'1179974',1036,,2829,51,,,0
140016019,'1179976',736,,2830,51,,,0
140016019,'1179989',936,,2831,51,,,0
140016019,'1179991',1536,,2832,51,,,0
140016019,'1179997',1636,,2833,51,,,0
140016019,'1180006',1036,,2834,51,,,0
140016019,'1180012',1936,,2835,51,,,0
140016019,'1180018',1136,,2836,51,,,0
140016019,'1180019',2236,,2837,51,,,0
140016019,'1180020',2036,,2838,51,,,0
140016019,'1180023',1336,,2839,51,,,0
140016019,'1180024',806,,2840,51,,,0
140016019,'1180028',836,,2841,51,,,0
140016019,'1180031',2036,,2842,51,,,0
140016019,'1180048',2136,,2843,51,,,0
140016019,'1180057',1836,,2844,51,,,0
140016019,'1180072',1236,,2846,51,,,0
140016019,'1180078',1236,,2847,51,,,0
