110019,'1178947',934,,2239,3,,,0
110019,'1178964',1434,,2240,3,,,0
110019,'1178973',1734,,2241,3,,,0
110019,'1179028',1534,,2242,3,,,0
110019,'1179105',1634,,2243,3,,,0
110019,'1179114',1034,,2244,3,,,0
110019,'1179176',1234,,2245,3,,,0
110019,'1179184',1334,,2246,3,,,0
110019,'1179290',1134,,2247,3,,,0
150019,'1178942',1737,,2379,3,,,0
150019,'1178956',1337,,2380,3,,,0
150019,'1178976',1637,,2381,3,,,0
150019,'1179117',1237,,2382,3,,,0
150019,'1179150',1537,,2383,3,,,0
150019,'1179341',937,,2384,3,,,0
150019,'1179473',1137,,2385,3,,,0
150019,'1179559',1437,,2386,3,,,0
150019,'1179673',1037,,2387,3,,,0
200019,'1179798',1334,,2442,3,,,0
200019,'1179810',1534,,2443,3,,,0
200019,'1179901',1134,,2444,3,,,0
200019,'1179903',1734,,2445,3,,,0
200019,'1179911',1434,,2446,3,,,0
200019,'1179939',1034,,2447,3,,,0
200019,'1179968',1634,,2448,3,,,0
200019,'1179973',934,,2449,3,,,0
200019,'1180054',1234,,2450,3,,,0
140010019,'1178914',1114,,2633,5,0,8 21,0
140010019,'1178921',1444,,2634,5,,,0
140010019,'1178922',944,,2635,5,,,0
140010019,'1178936',714,,2636,5,,,0
140010019,'1178946',2244,,2637,5,0,8 21,0
140010019,'1178979',1044,,2638,5,,,0
140010019,'1179012',744,,2639,5,,,0
140010019,'1179037',1944,,2640,5,,,0
140010019,'1179103',1544,,2641,5,,,0
140010019,'1179122',1314,,2642,5,0,8 21,0
140010019,'1179131',1144,,2643,5,,,0
140010019,'1179140',2144,,2644,5,,,0
140010019,'1179147',914,,2645,5,0,8 21,0
140010019,'1179157',644,,2646,5,,,0
140010019,'1179167',1044,,2647,5,,,0
140010019,'1179178',1744,,2648,5,,,0
140010019,'1179180',2144,,2649,5,,,0
140010019,'1179188',1444,,2650,5,,,0
140010019,'1179217',1944,,2651,5,,,0
140010019,'1179232',1514,,2652,5,0,8 21,0
140010019,'1179251',1614,,2653,5,,,0
140010019,'1179253',814,,2654,5,,,0
140010019,'1179268',1714,,2655,5,,,0
140010019,'1179270',1644,,2656,5,,,0
140010019,'1179336',844,,2658,5,,,0
140010019,'1179347',744,,2659,5,,,0
140010019,'1179361',2044,,2660,5,,,0
140010019,'1179396',2044,,2661,5,,,0
140010019,'1179408',2244,,2662,5,0,8 21,0
140010019,'1179415',1144,,2663,5,,,0
140010019,'1179445',1344,,2664,5,,,0
140010019,'1179452',1744,,2665,5,,,0
140010019,'1179453',1344,,2666,5,,,0
140010019,'1179479',1244,,2667,5,,,0
140010019,'1179483',1214,,2668,5,0,8 21,0
140010019,'1179494',1644,,2669,5,,,0
140010019,'1179496',1544,,2670,5,,,0
140010019,'1179498',1414,,2671,5,0,8 21,0
140010019,'1179544',1844,,2672,5,,,0
140010019,'1179548',1014,,2673,5,0,8 21,0
140010019,'1179613',1844,,2674,5,,,0
140010019,'1179620',844,,2675,5,,,0
140010019,'1179629',1814,,2676,5,0,8 21,0
140010019,'1179659',1244,,2677,5,,,0
140010019,'1179692',944,,2678,5,,,0
140016019,'1179792',849,,2805,5,,,0
140016019,'1179800',1649,,2806,5,,,0
140016019,'1179808',1849,,2807,5,,,0
140016019,'1179822',1519,,2808,5,,,0
140016019,'1179827',819,,2809,5,,,0
140016019,'1179831',1549,,2810,5,,,0
140016019,'1179835',2149,,2811,5,,,0
140016019,'1179839',1319,,2812,5,0,8 21,0
140016019,'1179842',1119,,2813,5,0,8 21,0
140016019,'1179862',919,,2814,5,0,8 21,0
140016019,'1179868',1619,,2815,5,,,0
140016019,'1179875',1049,,2816,5,,,0
140016019,'1179881',1819,,2817,5,0,8 21,0
140016019,'1179886',1349,,2818,5,,,0
140016019,'1179897',1019,,2819,5,0,8 21,0
140016019,'1179904',1219,,2820,5,0,8 21,0
140016019,'1179907',1649,,2821,5,,,0
140016019,'1179913',1719,,2822,5,,,0
140016019,'1179926',1249,,2823,5,,,0
140016019,'1179938',1449,,2824,5,,,0
140016019,'1179943',2049,,2825,5,,,0
140016019,'1179945',749,,2826,5,,,0
140016019,'1179958',1349,,2827,5,,,0
140016019,'1179963',1749,,2828,5,,,0
140016019,'1179974',949,,2829,5,,,0
140016019,'1179976',649,,2830,5,,,0
140016019,'1179989',849,,2831,5,,,0
140016019,'1179991',1449,,2832,5,,,0
140016019,'1179997',1549,,2833,5,,,0
140016019,'1180006',949,,2834,5,,,0
140016019,'1180012',1849,,2835,5,,,0
140016019,'1180018',1049,,2836,5,,,0
140016019,'1180019',2149,,2837,5,,,0
140016019,'1180020',1949,,2838,5,,,0
140016019,'1180023',1249,,2839,5,,,0
140016019,'1180024',719,,2840,5,,,0
140016019,'1180028',749,,2841,5,,,0
140016019,'1180031',1949,,2842,5,,,0
140016019,'1180048',2049,,2843,5,,,0
140016019,'1180057',1749,,2844,5,,,0
140016019,'1180062',1419,,2845,5,0,8 21,0
140016019,'1180072',1149,,2846,5,,,0
140016019,'1180078',1149,,2847,5,,,0
