160029,'1178957',905,,2424,14,,,0
160029,'1179098',1405,,2425,14,,,0
160029,'1179137',1605,,2426,14,,,0
160029,'1179301',1205,,2427,14,,,0
160029,'1179398',1305,,2428,14,,,0
160029,'1179410',1705,,2429,14,,,0
160029,'1179543',1105,,2430,14,,,0
160029,'1179558',1005,,2431,14,,,0
160029,'1179623',1505,,2432,14,,,0
216019,'1178924',755,,2470,14,,,0
216019,'1178948',625,,2471,14,,,0
216019,'1178963',2125,,2472,14,,,0
216019,'1178968',1225,,2473,14,,,0
216019,'1179019',1755,,2474,14,,,0
216019,'1179021',1555,,2475,14,,,0
216019,'1179029',1425,,2476,14,,,0
216019,'1179050',1525,,2477,14,,,0
216019,'1179070',1425,,2478,14,,,0
216019,'1179075',1825,,2479,14,,,0
216019,'1179116',725,,2480,14,,,0
216019,'1179123',1325,,2481,14,,,0
216019,'1179160',1725,,2482,14,,,0
216019,'1179179',2025,,2483,14,,,0
216019,'1179181',1125,,2484,14,,,0
216019,'1179199',925,,2485,14,,,0
216019,'1179206',1525,,2486,14,,,0
216019,'1179328',1025,,2487,14,,,0
216019,'1179338',1225,,2488,14,,,0
216019,'1179345',825,,2489,14,,,0
216019,'1179368',1655,,2490,14,,,0
216019,'1179369',1025,,2491,14,,,0
216019,'1179374',1625,,2492,14,,,0
216019,'1179421',1825,,2493,14,,,0
216019,'1179431',1125,,2494,14,,,0
216019,'1179458',1925,,2495,14,,,0
216019,'1179488',725,,2496,14,,,0
216019,'1179523',1325,,2497,14,,,0
216019,'1179574',2025,,2498,14,,,0
216019,'1179582',1925,,2499,14,,,0
216019,'1179605',855,,2500,14,,,0
216019,'1179647',1725,,2501,14,,,0
216019,'1179669',825,,2502,14,,,0
216019,'1179695',2125,,2503,14,,,0
216019,'1179712',655,,2504,14,,,0
216019,'1179714',925,,2505,14,,,0
216019,'1179719',1625,,2506,14,,,0
