140019,'1178969',1324,,2352,12,,,0
140019,'1178977',1524,,2353,12,,,0
140019,'1179164',1624,,2354,12,,,0
140019,'1179344',1424,,2355,12,,,0
140019,'1179352',924,,2356,12,,,0
140019,'1179462',1224,,2357,12,,,0
140019,'1179512',1124,,2358,12,,,0
140019,'1179518',1024,,2359,12,,,0
140019,'1179634',1724,,2360,12,,,0
190011019,'1178950',723,,2849,13,,,0
190011019,'1178970',1853,,2850,13,,,0
190011019,'1179009',1823,,2851,13,0,8 21,0
190011019,'1179040',2053,,2852,13,,,0
190011019,'1179145',853,,2854,13,,,0
190011019,'1179159',1753,,2856,13,,,0
190011019,'1179162',2248,,2857,13,0,12,0
190011019,'1179163',753,,2858,13,,,0
190011019,'1179248',653,,2859,13,,,0
190011019,'1179252',1753,,2860,13,,,0
190011019,'1179276',1953,,2861,13,,,0
190011019,'1179307',653,,2862,13,,,0
190011019,'1179332',1052,,2864,13,,,0
190011019,'1179340',853,,2865,13,,,0
190011019,'1179367',1723,,2866,13,,,0
190011019,'1179394',2153,,2869,13,,,0
190011019,'1179412',2248,,2870,13,0,12,0
190011019,'1179413',1252,,2871,13,,,0
190011019,'1179424',2153,,2872,13,,,0
190011019,'1179426',1352,,2873,13,,,0
190011019,'1179430',1552,,2874,13,,,0
190011019,'1179437',1052,,2875,13,,,0
190011019,'1179438',1552,,2876,13,,,0
190011019,'1179442',1853,,2877,13,,,0
190011019,'1179477',753,,2878,13,,,0
190011019,'1179521',1352,,2879,13,,,0
190011019,'1179528',1152,,2880,13,,,0
190011019,'1179555',1953,,2882,13,,,0
190011019,'1179572',1152,,2883,13,,,0
190011019,'1179590',1452,,2884,13,,,0
190011019,'1179619',1653,,2885,13,,,0
190011019,'1179642',953,,2886,13,,,0
190011019,'1179650',1252,,2887,13,,,0
190011019,'1179666',823,,2889,13,,,0
190011019,'1179677',2053,,2891,13,,,0
190011019,'1179678',923,,2892,13,,,0
190011019,'1179688',1653,,2893,13,,,0
190011019,'1179700',1452,,2894,13,,,0
190011019,'1179709',953,,2895,13,,,0
