300019,'1180121',656,,3098,7,0,23 24 2 25,0
300019,'1180125',726,,3102,7,0,23 24 2 25,0
300019,'1180126',1426,,3103,8,0,23 24 2 25,0
300019,'1180130',926,,3107,8,0,23 24 2 25,0
300019,'1180131',1226,,3108,8,0,23 24 2 25,0
300019,'1180132',1126,,3109,8,0,23 24 2 25,0
300019,'1180133',2126,,3110,8,0,23 24 2 25,0
300019,'1180134',1556,,3111,8,0,23 24 2 25,0
300019,'1180136',826,,3113,8,0,23 24 2 25,0
300019,'1180138',1126,,3115,8,0,23 24 2 25,0
300019,'1180139',1326,,3116,8,0,23 24 2 25,0
300019,'1180140',1626,,3117,8,0,23 24 2 25,0
300019,'1180143',1756,,3120,8,0,23 24 2 25,0
300019,'1180145',1426,,3122,8,0,23 24 2 25,0
300019,'1180150',856,,3127,8,0,23 24 2 25,0
300019,'1180151',2026,,3128,8,0,23 24 2 25,0
300019,'1180152',826,,3129,8,0,23 24 2 25,0
300019,'1180156',926,,3133,8,0,23 24 2 25,0
300019,'1180159',956,,3136,8,0,23 24 2 25,0
300019,'1180161',1726,,3138,8,0,23 24 2 25,0
300019,'1180164',1026,,3141,8,0,23 24 2 25,0
300019,'1180166',1526,,3143,8,0,23 24 2 25,0
300019,'1180167',1226,,3144,8,0,23 24 2 25,0
300019,'1180168',1926,,3145,8,0,23 24 2 25,0
300019,'1180169',1726,,3146,8,0,23 24 2 25,0
300019,'1180175',726,,3152,8,0,23 24 2 25,0
300019,'1180176',1026,,3153,8,0,23 24 2 25,0
300019,'1180177',1656,,3154,8,0,23 24 2 25,0
300019,'1180178',1626,,3155,8,0,23 24 2 25,0
300019,'1180179',1526,,3156,8,0,23 24 2 25,0
300019,'1180181',2126,,3158,8,0,23 24 2 25,0
300019,'1180182',1826,,3159,8,0,23 24 2 25,0
300019,'1180183',756,,3160,8,0,23 24 2 25,0
300019,'1180188',2026,,3165,8,0,23 24 2 25,0
300019,'1180189',1926,,3166,8,0,23 24 2 25,0
300019,'1180191',1826,,3168,8,0,23 24 2 25,0
300019,'1180194',1326,,3171,8,0,23 24 2 25,0
