116019,'1178927',1043,,2202,10,,,0
116019,'1178944',1443,,2203,10,,,0
116019,'1178984',2043,,2204,10,,,0
116019,'1178985',1543,,2205,10,,,0
116019,'1178993',1713,,2206,10,,,0
116019,'1179002',2043,,2207,10,,,0
116019,'1179004',843,,2208,10,,,0
116019,'1179020',1643,,2209,10,,,0
116019,'1179022',1643,,2210,10,,,0
116019,'1179025',1343,,2211,10,,,0
116019,'1179035',943,,2212,10,,,0
116019,'1179036',713,,2213,10,,,0
116019,'1179045',1943,,2214,10,,,0
116019,'1179090',2143,,2215,10,,,0
116019,'1179113',743,,2216,10,,,0
116019,'1179119',643,,2217,10,,,0
116019,'1179186',2143,,2218,10,,,0
116019,'1179192',1843,,2219,10,,,0
116019,'1179204',1843,,2220,10,,,0
116019,'1179214',913,,2221,10,,,0
116019,'1179218',1943,,2222,10,,,0
116019,'1179231',1343,,2223,10,,,0
116019,'1179239',843,,2224,10,,,0
116019,'1179249',1443,,2225,10,,,0
116019,'1179326',1143,,2226,10,,,0
116019,'1179334',1243,,2227,10,,,0
116019,'1179487',1743,,2228,10,,,0
116019,'1179497',1243,,2229,10,,,0
116019,'1179505',1613,,2230,10,,,0
116019,'1179506',1143,,2231,10,,,0
116019,'1179514',1813,,2232,10,,,0
116019,'1179540',1543,,2233,10,,,0
116019,'1179564',1043,,2234,10,,,0
116019,'1179589',943,,2235,10,,,0
116019,'1179630',1743,,2236,10,,,0
116019,'1179645',743,,2237,10,,,0
116019,'1179711',813,,2238,10,,,0
