120029,'1179032',1525,,2325,13,,,0
120029,'1179055',1325,,2326,13,,,0
120029,'1179056',1625,,2327,13,,,0
120029,'1179099',1725,,2328,13,,,0
120029,'1179153',925,,2329,13,,,0
120029,'1179222',1425,,2330,13,,,0
120029,'1179429',1125,,2331,13,,,0
120029,'1179447',1025,,2332,13,,,0
120029,'1179575',1225,,2333,13,,,0
190017019,'1179790',1149,,3050,13,,,0
190017019,'1179796',1349,,3051,13,,,0
190017019,'1179813',2249,,3052,13,0,8 21,0
190017019,'1179821',1449,,3053,13,,,0
190017019,'1179824',619,,3054,13,,,0
190017019,'1179832',1049,,3055,13,,,0
190017019,'1179843',849,,3056,13,,,0
190017019,'1179845',2049,,3057,13,,,0
190017019,'1179847',2149,,3058,13,0,8 21,0
190017019,'1179859',1649,,3060,13,,,0
190017019,'1179863',949,,3061,13,,,0
190017019,'1179870',819,,3062,13,,,0
190017019,'1179874',1249,,3063,13,,,0
190017019,'1179876',1849,,3064,13,,,0
190017019,'1179884',1619,,3065,13,,,0
190017019,'1179891',1549,,3066,13,,,0
190017019,'1179895',1819,,3067,13,0,8 21,0
190017019,'1179896',749,,3068,13,,,0
190017019,'1179899',1549,,3069,13,,,0
190017019,'1179905',649,,3070,13,,,0
190017019,'1179912',2049,,3071,13,,,0
190017019,'1179917',1749,,3072,13,,,0
190017019,'1179922',1349,,3073,13,,,0
190017019,'1179924',1449,,3074,13,,,0
190017019,'1179953',2149,,3078,13,0,8 21,0
190017019,'1179955',849,,3079,13,,,0
190017019,'1179971',1249,,3080,13,,,0
190017019,'1179977',1849,,3081,13,,,0
190017019,'1179978',1049,,3082,13,,,0
190017019,'1179979',1719,,3083,13,,,0
190017019,'1179986',749,,3084,13,,,0
190017019,'1179987',949,,3085,13,,,0
190017019,'1179994',1649,,3086,13,,,0
190017019,'1180001',919,,3087,13,,,0
190017019,'1180005',649,,3089,13,,,0
190017019,'1180041',2249,,3091,13,0,8 21,0
190017019,'1180050',1949,,3092,13,,,0
190017019,'1180055',1149,,3093,13,,,0
190017019,'1180056',1749,,3094,13,,,0
190017019,'1180065',1949,,3095,13,,,0
190017019,'1180069',719,,3096,13,,,0
