110029,'1175720',1206,,1460,20,,,0
110029,'1175910',906,,1463,20,,,0
110029,'1175948',1706,,1464,20,,,0
110029,'1176063',1506,,1465,20,,,0
110029,'1176079',1406,,1466,20,,,0
110029,'1176108',1006,,1467,20,,,0
110029,'1176321',1106,,1471,20,,,0
110029,'1176658',1606,,1476,20,,,0
110029,'1176675',1306,,1477,20,,,0
190011019,'1175757',2228,,1930,44,,,0
190011019,'1175788',1828,,1931,44,,,0
190011019,'1175797',1428,,1932,44,,,0
190011019,'1175800',1028,,1933,44,,,0
190011019,'1175811',1558,,1934,20,,,0
190011019,'1175846',1928,,1935,44,,,0
190011019,'1175854',1058,,1936,20,,,0
190011019,'1175866',1758,,1937,44,,,0
190011019,'1175889',1328,,1939,44,,,0
190011019,'1175960',1258,,1940,20,,,0
190011019,'1175990',1228,,1942,44,,,0
190011019,'1176025',628,,1943,23,,,0
190011019,'1176026',1328,,1944,44,,,0
190011019,'1176076',658,,1945,20,,,0
190011019,'1176086',1028,,1946,44,,,0
190011019,'1176114',928,,1947,44,,,0
190011019,'1176152',758,,1948,44,,,0
190011019,'1176229',2228,,1949,44,,,0
190011019,'1176246',828,,1950,44,,,0
190011019,'1176315',728,,1951,44,,,0
190011019,'1176316',1228,,1952,44,,,0
190011019,'1176317',1728,,1953,44,,,0
190011019,'1176322',958,,1954,44,,,0
190011019,'1176337',2028,,1955,44,,,0
190011019,'1176344',1628,,1956,44,,,0
190011019,'1176353',1628,,1957,44,,,0
190011019,'1176386',728,,1958,44,,,0
190011019,'1176406',1458,,1959,20,,,0
190011019,'1176429',1358,,1960,20,,,0
190011019,'1176444',1928,,1961,44,,,0
190011019,'1176445',2128,,1962,44,,,0
190011019,'1176478',1828,,1963,44,,,0
190011019,'1176517',1528,,1965,44,,,0
190011019,'1176557',928,,1966,44,,,0
190011019,'1176559',2028,,1967,44,,,0
190011019,'1176563',858,,1968,44,,,0
190011019,'1176570',1528,,1969,44,,,0
190011019,'1176581',1158,,1970,20,,,0
190011019,'1176586',1658,,1971,20,,,0
190011019,'1176595',1728,,1972,44,,,0
190011019,'1176605',1128,,1973,44,,,0
190011019,'1176616',1128,,1974,44,,,0
190011019,'1176620',828,,1975,44,,,0
190011019,'1176668',2128,,1976,44,,,0
190011019,'1176674',1428,,1977,44,,,0
