216019,'1175813',1924,,1624,11,,,0
216019,'1175831',724,,1625,11,,,0
216019,'1175857',1654,,1626,11,,,0
216019,'1175869',1724,,1627,11,,,0
216019,'1175916',1554,,1628,11,,,0
216019,'1175929',1324,,1629,11,,,0
216019,'1175966',1724,,1630,11,,,0
216019,'1175997',2124,,1631,11,,,0
216019,'1175998',924,,1632,11,,,0
216019,'1176028',1024,,1633,11,,,0
216019,'1176037',1824,,1634,11,,,0
216019,'1176041',1824,,1635,11,,,0
216019,'1176046',724,,1636,11,,,0
216019,'1176054',1624,,1637,11,,,0
216019,'1176067',654,,1638,11,,,0
216019,'1176111',1124,,1639,11,,,0
216019,'1176200',1424,,1640,11,,,0
216019,'1176207',2124,,1641,11,,,0
216019,'1176218',1124,,1642,11,,,0
216019,'1176289',1024,,1643,11,,,0
216019,'1176352',1224,,1644,11,,,0
216019,'1176395',1924,,1645,11,,,0
216019,'1176414',2024,,1646,11,,,0
216019,'1176430',1754,,1647,11,,,0
216019,'1176454',1624,,1648,11,,,0
216019,'1176460',824,,1649,11,,,0
216019,'1176467',1524,,1650,11,,,0
216019,'1176534',624,,1651,11,,,0
216019,'1176553',1224,,1652,11,,,0
216019,'1176576',924,,1653,11,,,0
216019,'1176651',824,,1654,11,,,0
216019,'1176656',1524,,1655,11,,,0
216019,'1176659',1424,,1656,11,,,0
216019,'1176663',1324,,1657,11,,,0
216019,'1176665',854,,1658,11,,,0
216019,'1176686',2024,,1659,11,,,0
216019,'1176690',754,,1660,11,,,0
