190015019,'1179791',2059,,2973,22,,,0
190015019,'1179793',659,,2974,22,,,0
190015019,'1179804',659,,2975,22,,,0
190015019,'1179812',1059,,2976,22,,,0
190015019,'1179819',759,,2977,22,,,0
190015019,'1179825',1159,,2978,22,,,0
190015019,'1179846',2159,,2979,22,0,12,0
190015019,'1179856',829,,2980,22,,,0
190015019,'1179872',759,,2981,22,,,0
190015019,'1179885',1629,,2982,22,,,0
190015019,'1179887',1359,,2983,22,,,0
190015019,'1179898',1459,,2984,22,,,0
190015019,'1179909',959,,2985,22,,,0
190015019,'1179919',1759,,2986,22,,,0
190015019,'1179920',859,,2987,22,,,0
190015019,'1179923',1429,,2988,22,,,0
190015019,'1179931',2059,,2989,22,,,0
190015019,'1179934',1829,,2990,22,0,12,0
190015019,'1179935',1659,,2991,22,,,0
190015019,'1179940',1129,,2992,22,,,0
190015019,'1179952',1159,,2993,22,,,0
190015019,'1179960',1259,,2994,22,,,0
190015019,'1179961',1459,,2995,22,,,0
190015019,'1179972',2259,,2996,22,0,12,0
190015019,'1179980',1029,,2997,22,,,0
190015019,'1179982',1729,,2998,22,,,0
190015019,'1179992',1529,,2999,22,,,0
190015019,'1179995',1059,,3000,22,,,0
190015019,'1179999',1229,,3001,22,,,0
190015019,'1180013',1859,,3002,22,,,0
190015019,'1180014',1959,,3003,22,,,0
190015019,'1180015',929,,3004,22,,,0
190015019,'1180016',1959,,3005,22,,,0
190015019,'1180021',2259,,3006,22,0,12,0
190015019,'1180026',1859,,3007,22,,,0
190015019,'1180029',959,,3008,22,,,0
190015019,'1180044',1559,,3009,22,,,0
190015019,'1180045',2159,,3010,22,0,12,0
190015019,'1180058',1329,,3011,22,,,0
190015019,'1180059',1659,,3012,22,,,0
190015019,'1180068',1759,,3013,22,,,0
190015019,'1180070',1559,,3014,22,,,0
190015019,'1180075',859,,3015,22,,,0
190015019,'1180077',1259,,3016,22,,,0
190015019,'1180080',729,,3017,22,,,0
190015019,'1180081',1359,,3018,22,,,0
