130029,'1178925',1458,,2343,7,,,0
130029,'1178989',1358,,2344,7,,,0
130029,'1179023',1558,,2345,7,,,0
130029,'1179120',1658,,2346,7,,,0
130029,'1179168',1258,,2347,7,,,0
130029,'1179423',858,,2348,7,,,0
130029,'1179469',1158,,2349,7,,,0
130029,'1179639',958,,2350,7,,,0
130029,'1179657',1058,,2351,7,,,0
300019,'1179789',651,,2559,3,0,23 24 2 25,0
300019,'1179794',1921,,2560,4,0,23 24 2 25,0
300019,'1179797',1721,,2562,4,0,23 24 2 25,0
300019,'1179830',821,,2568,4,0,23 24 2 25,0
300019,'1179848',2021,,2574,4,0,23 24 2 25,0
300019,'1179857',1751,,2580,4,0,23 24 2 25,0
300019,'1179880',921,,2586,4,0,23 24 2 25,0
300019,'1179889',951,,2589,4,0,23 24 2 25,0
300019,'1179892',1221,,2590,4,0,23 24 2 25,0
300019,'1179900',1651,,2592,4,0,23 24 2 25,0
300019,'1179916',1021,,2597,4,0,23 24 2 25,0
300019,'1179927',1821,,2599,4,0,23 24 2 25,0
300019,'1179928',751,,2600,4,0,23 24 2 25,0
300019,'1179937',2121,,2601,4,0,23 24 2 25,0
300019,'1179962',1521,,2606,4,0,23 24 2 25,0
300019,'1179990',1421,,2613,4,0,23 24 2 25,0
300019,'1179993',1621,,2614,4,0,23 24 2 25,0
300019,'1180030',721,,2619,4,0,23 24 2 25,0
300019,'1180038',1321,,2622,4,0,23 24 2 25,0
300019,'1180039',1551,,2623,4,0,23 24 2 25,0
300019,'1180051',1121,,2627,4,0,23 24 2 25,0
300019,'1180066',851,,2630,4,0,23 24 2 25,0
300019,'1180121',651,,3098,3,0,23 24 2 25,0
300019,'1180125',721,,3102,3,0,23 24 2 25,0
300019,'1180126',1421,,3103,4,0,23 24 2 25,0
300019,'1180130',921,,3107,4,0,23 24 2 25,0
300019,'1180131',1221,,3108,4,0,23 24 2 25,0
300019,'1180132',1121,,3109,4,0,23 24 2 25,0
300019,'1180133',2121,,3110,4,0,23 24 2 25,0
300019,'1180134',1551,,3111,4,0,23 24 2 25,0
300019,'1180136',821,,3113,4,0,23 24 2 25,0
300019,'1180138',1121,,3115,4,0,23 24 2 25,0
300019,'1180139',1321,,3116,4,0,23 24 2 25,0
300019,'1180140',1621,,3117,4,0,23 24 2 25,0
300019,'1180143',1751,,3120,4,0,23 24 2 25,0
300019,'1180145',1421,,3122,4,0,23 24 2 25,0
300019,'1180150',851,,3127,4,0,23 24 2 25,0
300019,'1180151',2021,,3128,4,0,23 24 2 25,0
300019,'1180152',821,,3129,4,0,23 24 2 25,0
300019,'1180156',921,,3133,4,0,23 24 2 25,0
300019,'1180159',951,,3136,4,0,23 24 2 25,0
300019,'1180161',1721,,3138,4,0,23 24 2 25,0
300019,'1180164',1021,,3141,4,0,23 24 2 25,0
300019,'1180166',1521,,3143,4,0,23 24 2 25,0
300019,'1180167',1221,,3144,4,0,23 24 2 25,0
300019,'1180168',1921,,3145,4,0,23 24 2 25,0
300019,'1180169',1721,,3146,4,0,23 24 2 25,0
300019,'1180175',721,,3152,4,0,23 24 2 25,0
300019,'1180176',1021,,3153,4,0,23 24 2 25,0
300019,'1180177',1651,,3154,4,0,23 24 2 25,0
300019,'1180178',1621,,3155,4,0,23 24 2 25,0
300019,'1180179',1521,,3156,4,0,23 24 2 25,0
300019,'1180181',2121,,3158,4,0,23 24 2 25,0
300019,'1180182',1821,,3159,4,0,23 24 2 25,0
300019,'1180183',751,,3160,4,0,23 24 2 25,0
300019,'1180188',2021,,3165,4,0,23 24 2 25,0
300019,'1180189',1921,,3166,4,0,23 24 2 25,0
300019,'1180191',1821,,3168,4,0,23 24 2 25,0
300019,'1180194',1321,,3171,4,0,23 24 2 25,0
190013019,'1178916',1649,,2896,39,,,0
190013019,'1178919',2019,,2897,39,,,0
190013019,'1178920',1149,,2898,39,,,0
190013019,'1178929',819,,2899,39,,,0
190013019,'1178930',1719,,2900,39,,,0
190013019,'1178972',2019,,2901,39,,,0
190013019,'1178983',1249,,2902,39,,,0
190013019,'1178994',2219,,2903,39,,,0
190013019,'1178997',1219,,2904,39,,,0
190013019,'1179048',1549,,2905,39,,,0
190013019,'1179062',1619,,2906,39,,,0
190013019,'1179074',1349,,2907,39,,,0
190013019,'1179087',1319,,2908,39,,,0
190013019,'1179104',1049,,2909,39,,,0
190013019,'1179187',919,,2911,39,,,0
190013019,'1179202',1119,,2912,39,,,0
190013019,'1179203',1019,,2913,39,,,0
190013019,'1179212',1519,,2914,39,,,0
190013019,'1179219',1319,,2915,39,,,0
190013019,'1179243',819,,2916,39,,,0
190013019,'1179287',2219,,2917,39,,,0
190013019,'1179292',1119,,2918,39,,,0
190013019,'1179300',749,,2919,39,,,0
190013019,'1179354',619,,2920,7,,,0
190013019,'1179373',1019,,2921,39,,,0
190013019,'1179380',1419,,2922,39,,,0
190013019,'1179402',1419,,2923,39,,,0
190013019,'1179411',1449,,2924,39,,,0
190013019,'1179457',1919,,2925,39,,,0
190013019,'1179504',719,,2926,39,,,0
190013019,'1179507',949,,2927,39,,,0
190013019,'1179509',1219,,2928,39,,,0
190013019,'1179516',1619,,2929,39,,,0
190013019,'1179531',2119,,2930,39,,,0
190013019,'1179537',919,,2931,39,,,0
190013019,'1179539',1819,,2932,39,,,0
190013019,'1179546',719,,2933,39,,,0
190013019,'1179553',1919,,2934,39,,,0
190013019,'1179581',649,,2935,7,,,0
190013019,'1179591',1719,,2936,39,,,0
190013019,'1179611',1749,,2937,39,,,0
190013019,'1179635',1519,,2938,39,,,0
190013019,'1179694',849,,2939,39,,,0
190013019,'1179701',2119,,2940,39,,,0
190013019,'1179717',1819,,2941,39,,,0
