140019,'1178969',1322,,2352,10,,,0
140019,'1178977',1522,,2353,10,,,0
140019,'1179164',1622,,2354,10,,,0
140019,'1179344',1422,,2355,10,,,0
140019,'1179352',922,,2356,10,,,0
140019,'1179462',1222,,2357,10,,,0
140019,'1179512',1122,,2358,10,,,0
140019,'1179518',1022,,2359,10,,,0
140019,'1179634',1722,,2360,10,,,0
190011019,'1178950',722,,2849,11,,,0
190011019,'1178970',1852,,2850,11,,,0
190011019,'1179009',1822,,2851,11,0,8 21,0
190011019,'1179040',2052,,2852,11,,,0
190011019,'1179145',852,,2854,11,,,0
190011019,'1179159',1752,,2856,11,,,0
190011019,'1179162',2247,,2857,11,0,12,0
190011019,'1179163',752,,2858,11,,,0
190011019,'1179248',652,,2859,11,,,0
190011019,'1179252',1752,,2860,11,,,0
190011019,'1179276',1952,,2861,11,,,0
190011019,'1179307',652,,2862,11,,,0
190011019,'1179332',1051,,2864,11,,,0
190011019,'1179340',852,,2865,11,,,0
190011019,'1179367',1722,,2866,11,,,0
190011019,'1179394',2152,,2869,11,,,0
190011019,'1179412',2247,,2870,11,0,12,0
190011019,'1179413',1251,,2871,11,,,0
190011019,'1179424',2152,,2872,11,,,0
190011019,'1179426',1351,,2873,11,,,0
190011019,'1179430',1551,,2874,11,,,0
190011019,'1179437',1051,,2875,11,,,0
190011019,'1179438',1551,,2876,11,,,0
190011019,'1179442',1852,,2877,11,,,0
190011019,'1179477',752,,2878,11,,,0
190011019,'1179521',1351,,2879,11,,,0
190011019,'1179528',1151,,2880,11,,,0
190011019,'1179555',1952,,2882,11,,,0
190011019,'1179572',1151,,2883,11,,,0
190011019,'1179590',1451,,2884,11,,,0
190011019,'1179619',1652,,2885,11,,,0
190011019,'1179642',952,,2886,11,,,0
190011019,'1179650',1251,,2887,11,,,0
190011019,'1179666',822,,2889,11,,,0
190011019,'1179677',2052,,2891,11,,,0
190011019,'1179678',922,,2892,11,,,0
190011019,'1179688',1652,,2893,11,,,0
190011019,'1179700',1451,,2894,11,,,0
190011019,'1179709',952,,2895,11,,,0
