140029,'1178990',1425,,2361,5,,,0
140029,'1179039',1125,,2362,5,,,0
140029,'1179106',1025,,2363,5,,,0
140029,'1179281',1325,,2364,5,,,0
140029,'1179335',1625,,2365,5,,,0
140029,'1179461',1725,,2366,5,,,0
140029,'1179478',1525,,2367,5,,,0
140029,'1179522',1225,,2368,5,,,0
140029,'1179651',925,,2369,5,,,0
140029,'1179802',1525,,2370,4,,,0
140029,'1179837',1325,,2371,4,,,0
140029,'1179865',1725,,2372,4,,,0
140029,'1179930',1225,,2373,4,,,0
140029,'1179947',1625,,2374,4,,,0
140029,'1179984',1425,,2375,4,,,0
140029,'1180047',925,,2376,4,,,0
140029,'1180060',1025,,2377,4,,,0
140029,'1180076',1125,,2378,4,,,0
190015019,'1178937',1116,,2942,4,,,0
190015019,'1178938',2246,,2943,4,0,12,0
190015019,'1178958',946,,2944,4,,,0
190015019,'1179073',1316,,2945,4,,,0
190015019,'1179089',1146,,2947,4,,,0
190015019,'1179095',1646,,2948,4,,,0
190015019,'1179152',916,,2949,4,,,0
190015019,'1179165',2146,,2950,4,0,12,0
190015019,'1179170',746,,2951,4,,,0
190015019,'1179226',1746,,2952,4,,,0
190015019,'1179241',1816,,2953,4,0,12,0
190015019,'1179329',1616,,2954,4,,,0
190015019,'1179378',1946,,2955,4,,,0
190015019,'1179382',1716,,2956,4,,,0
190015019,'1179414',1446,,2957,4,,,0
190015019,'1179456',1516,,2958,4,,,0
190015019,'1179465',1546,,2959,4,,,0
190015019,'1179480',1246,,2960,4,,,0
190015019,'1179489',1216,,2961,4,,,0
190015019,'1179491',1046,,2962,4,,,0
190015019,'1179501',1016,,2963,4,,,0
190015019,'1179560',2046,,2964,4,,,0
190015019,'1179563',1346,,2965,4,,,0
190015019,'1179576',1846,,2966,4,,,0
190015019,'1179602',816,,2967,4,,,0
190015019,'1179633',716,,2968,4,,,0
190015019,'1179652',846,,2970,4,,,0
190015019,'1179679',1416,,2971,4,,,0
190015019,'1179716',646,,2972,4,,,0
190015019,'1179791',2046,,2973,4,,,0
190015019,'1179793',646,,2974,4,,,0
190015019,'1179804',646,,2975,4,,,0
190015019,'1179812',1046,,2976,4,,,0
190015019,'1179819',746,,2977,4,,,0
190015019,'1179825',1146,,2978,4,,,0
190015019,'1179846',2146,,2979,4,0,12,0
190015019,'1179856',816,,2980,4,,,0
190015019,'1179872',746,,2981,4,,,0
190015019,'1179885',1616,,2982,4,,,0
190015019,'1179887',1346,,2983,4,,,0
190015019,'1179898',1446,,2984,4,,,0
190015019,'1179909',946,,2985,4,,,0
190015019,'1179919',1746,,2986,4,,,0
190015019,'1179920',846,,2987,4,,,0
190015019,'1179923',1416,,2988,4,,,0
190015019,'1179931',2046,,2989,4,,,0
190015019,'1179934',1816,,2990,4,0,12,0
190015019,'1179935',1646,,2991,4,,,0
190015019,'1179940',1116,,2992,4,,,0
190015019,'1179952',1146,,2993,4,,,0
190015019,'1179960',1246,,2994,4,,,0
190015019,'1179961',1446,,2995,4,,,0
190015019,'1179972',2246,,2996,4,0,12,0
190015019,'1179980',1016,,2997,4,,,0
190015019,'1179982',1716,,2998,4,,,0
190015019,'1179992',1516,,2999,4,,,0
190015019,'1179995',1046,,3000,4,,,0
190015019,'1179999',1216,,3001,4,,,0
190015019,'1180013',1846,,3002,4,,,0
190015019,'1180014',1946,,3003,4,,,0
190015019,'1180015',916,,3004,4,,,0
190015019,'1180016',1946,,3005,4,,,0
190015019,'1180021',2246,,3006,4,0,12,0
190015019,'1180026',1846,,3007,4,,,0
190015019,'1180029',946,,3008,4,,,0
190015019,'1180044',1546,,3009,4,,,0
190015019,'1180045',2146,,3010,4,0,12,0
190015019,'1180058',1316,,3011,4,,,0
190015019,'1180059',1646,,3012,4,,,0
190015019,'1180068',1746,,3013,4,,,0
190015019,'1180070',1546,,3014,4,,,0
190015019,'1180075',846,,3015,4,,,0
190015019,'1180077',1246,,3016,4,,,0
190015019,'1180080',716,,3017,4,,,0
190015019,'1180081',1346,,3018,4,,,0
