140019,'1178969',1318,,2352,6,,,0
140019,'1178977',1518,,2353,6,,,0
140019,'1179164',1618,,2354,6,,,0
140019,'1179344',1418,,2355,6,,,0
140019,'1179352',918,,2356,6,,,0
140019,'1179462',1218,,2357,6,,,0
140019,'1179512',1118,,2358,6,,,0
140019,'1179518',1018,,2359,6,,,0
140019,'1179634',1718,,2360,6,,,0
190011019,'1178950',718,,2849,6,,,0
190011019,'1178970',1848,,2850,6,,,0
190011019,'1179009',1818,,2851,6,0,8 21,0
190011019,'1179040',2048,,2852,6,,,0
190011019,'1179145',848,,2854,6,,,0
190011019,'1179159',1748,,2856,6,,,0
190011019,'1179162',2243,,2857,6,0,12,0
190011019,'1179163',748,,2858,6,,,0
190011019,'1179248',648,,2859,6,,,0
190011019,'1179252',1748,,2860,6,,,0
190011019,'1179276',1948,,2861,6,,,0
190011019,'1179307',648,,2862,6,,,0
190011019,'1179332',1048,,2864,6,,,0
190011019,'1179340',848,,2865,6,,,0
190011019,'1179367',1718,,2866,6,,,0
190011019,'1179394',2148,,2869,6,,,0
190011019,'1179412',2243,,2870,6,0,12,0
190011019,'1179413',1248,,2871,6,,,0
190011019,'1179424',2148,,2872,6,,,0
190011019,'1179426',1348,,2873,6,,,0
190011019,'1179430',1548,,2874,6,,,0
190011019,'1179437',1048,,2875,6,,,0
190011019,'1179438',1548,,2876,6,,,0
190011019,'1179442',1848,,2877,6,,,0
190011019,'1179477',748,,2878,6,,,0
190011019,'1179521',1348,,2879,6,,,0
190011019,'1179528',1148,,2880,6,,,0
190011019,'1179555',1948,,2882,6,,,0
190011019,'1179572',1148,,2883,6,,,0
190011019,'1179590',1448,,2884,6,,,0
190011019,'1179619',1648,,2885,6,,,0
190011019,'1179642',948,,2886,6,,,0
190011019,'1179650',1248,,2887,6,,,0
190011019,'1179666',818,,2889,6,,,0
190011019,'1179677',2048,,2891,6,,,0
190011019,'1179678',918,,2892,6,,,0
190011019,'1179688',1648,,2893,6,,,0
190011019,'1179700',1448,,2894,6,,,0
190011019,'1179709',948,,2895,6,,,0
