116019,'1179803',1040,,2279,5,,,0
116019,'1179806',2140,,2280,5,,,0
116019,'1179811',1940,,2281,5,,,0
116019,'1179814',810,,2282,5,,,0
116019,'1179815',2140,,2283,5,,,0
116019,'1179816',2040,,2284,5,,,0
116019,'1179818',740,,2285,5,,,0
116019,'1179820',1610,,2286,5,,,0
116019,'1179826',740,,2287,5,,,0
116019,'1179838',840,,2288,5,,,0
116019,'1179860',1710,,2289,5,,,0
116019,'1179861',1640,,2290,5,,,0
116019,'1179871',1840,,2291,5,,,0
116019,'1179879',710,,2292,5,,,0
116019,'1179890',1840,,2293,5,,,0
116019,'1179910',1740,,2294,5,,,0
116019,'1179933',1440,,2295,5,,,0
116019,'1179936',1240,,2296,5,,,0
116019,'1179944',1540,,2297,5,,,0
116019,'1179946',1810,,2298,5,,,0
116019,'1179950',1540,,2299,5,,,0
116019,'1179954',940,,2300,5,,,0
116019,'1179959',2040,,2301,5,,,0
116019,'1179965',1640,,2302,5,,,0
116019,'1179966',840,,2303,5,,,0
116019,'1179975',1040,,2304,5,,,0
116019,'1179985',1740,,2305,5,,,0
116019,'1180003',1340,,2306,5,,,0
116019,'1180007',1140,,2307,5,,,0
116019,'1180008',1340,,2308,5,,,0
116019,'1180010',640,,2309,5,,,0
116019,'1180011',1940,,2310,5,,,0
116019,'1180027',910,,2311,5,,,0
116019,'1180032',1440,,2312,5,,,0
116019,'1180034',1140,,2313,5,,,0
116019,'1180036',940,,2314,5,,,0
116019,'1180063',1240,,2315,5,,,0
160019,'1179817',1032,,2415,5,,,0
160019,'1179829',1332,,2416,5,,,0
160019,'1179855',1532,,2417,5,,,0
160019,'1179873',1132,,2418,5,,,0
160019,'1179921',1732,,2419,5,,,0
160019,'1179929',1632,,2420,5,,,0
160019,'1180025',1432,,2421,5,,,0
160019,'1180042',932,,2422,5,,,0
160019,'1180067',1232,,2423,5,,,0
