110019,'1178947',949,,2239,29,,,0
110019,'1178964',1449,,2240,29,,,0
110019,'1178973',1749,,2241,29,,,0
110019,'1179028',1549,,2242,29,,,0
110019,'1179105',1649,,2243,29,,,0
110019,'1179114',1049,,2244,29,,,0
110019,'1179176',1249,,2245,29,,,0
110019,'1179184',1349,,2246,29,,,0
110019,'1179290',1149,,2247,29,,,0
200019,'1179798',1347,,2442,17,,,0
200019,'1179810',1547,,2443,17,,,0
200019,'1179901',1147,,2444,17,,,0
200019,'1179903',1747,,2445,17,,,0
200019,'1179911',1447,,2446,17,,,0
200019,'1179939',1047,,2447,17,,,0
200019,'1179968',1647,,2448,17,,,0
200019,'1179973',947,,2449,17,,,0
200019,'1180054',1247,,2450,17,,,0
140010019,'1178914',1129,,2633,31,0,8 21,0
140010019,'1178921',1459,,2634,31,,,0
140010019,'1178922',959,,2635,32,,,0
140010019,'1178936',729,,2636,31,,,0
140010019,'1178946',2259,,2637,31,0,8 21,0
140010019,'1178979',1059,,2638,32,,,0
140010019,'1179012',759,,2639,32,,,0
140010019,'1179037',1959,,2640,31,,,0
140010019,'1179103',1559,,2641,32,,,0
140010019,'1179122',1329,,2642,31,0,8 21,0
140010019,'1179131',1159,,2643,31,,,0
140010019,'1179140',2159,,2644,31,,,0
140010019,'1179147',929,,2645,31,0,8 21,0
140010019,'1179157',659,,2646,31,,,0
140010019,'1179167',1059,,2647,31,,,0
140010019,'1179178',1759,,2648,32,,,0
140010019,'1179180',2159,,2649,32,,,0
140010019,'1179188',1459,,2650,32,,,0
140010019,'1179217',1959,,2651,32,,,0
140010019,'1179232',1529,,2652,31,0,8 21,0
140010019,'1179251',1629,,2653,31,,,0
140010019,'1179253',829,,2654,31,,,0
140010019,'1179268',1729,,2655,31,,,0
140010019,'1179270',1659,,2656,32,,,0
140010019,'1179336',859,,2658,31,,,0
140010019,'1179347',759,,2659,31,,,0
140010019,'1179361',2059,,2660,31,,,0
140010019,'1179396',2059,,2661,32,,,0
140010019,'1179408',2259,,2662,32,0,8 21,0
140010019,'1179415',1159,,2663,32,,,0
140010019,'1179445',1359,,2664,31,,,0
140010019,'1179452',1759,,2665,31,,,0
140010019,'1179453',1359,,2666,32,,,0
140010019,'1179479',1259,,2667,31,,,0
140010019,'1179483',1229,,2668,31,0,8 21,0
140010019,'1179494',1659,,2669,31,,,0
140010019,'1179496',1559,,2670,31,,,0
140010019,'1179498',1429,,2671,31,0,8 21,0
140010019,'1179544',1859,,2672,31,,,0
140010019,'1179548',1029,,2673,31,0,8 21,0
140010019,'1179613',1859,,2674,32,,,0
140010019,'1179620',859,,2675,32,,,0
140010019,'1179629',1829,,2676,31,0,8 21,0
140010019,'1179659',1259,,2677,32,,,0
140010019,'1179692',959,,2678,31,,,0
140016019,'1179792',902,,2805,19,,,0
140016019,'1179800',1702,,2806,19,,,0
140016019,'1179808',1902,,2807,19,,,0
140016019,'1179822',1532,,2808,19,,,0
140016019,'1179827',832,,2809,19,,,0
140016019,'1179831',1602,,2810,19,,,0
140016019,'1179835',2202,,2811,19,,,0
140016019,'1179839',1332,,2812,19,0,8 21,0
140016019,'1179842',1132,,2813,19,0,8 21,0
140016019,'1179862',932,,2814,19,0,8 21,0
140016019,'1179868',1632,,2815,19,,,0
140016019,'1179875',1102,,2816,19,,,0
140016019,'1179881',1832,,2817,19,0,8 21,0
140016019,'1179886',1402,,2818,19,,,0
140016019,'1179897',1032,,2819,19,0,8 21,0
140016019,'1179904',1232,,2820,19,0,8 21,0
140016019,'1179907',1702,,2821,19,,,0
140016019,'1179913',1732,,2822,19,,,0
140016019,'1179926',1302,,2823,19,,,0
140016019,'1179938',1502,,2824,19,,,0
140016019,'1179943',2102,,2825,19,,,0
140016019,'1179945',802,,2826,19,,,0
140016019,'1179958',1402,,2827,19,,,0
140016019,'1179963',1802,,2828,19,,,0
140016019,'1179974',1002,,2829,19,,,0
140016019,'1179976',702,,2830,19,,,0
140016019,'1179989',902,,2831,19,,,0
140016019,'1179991',1502,,2832,19,,,0
140016019,'1179997',1602,,2833,19,,,0
140016019,'1180006',1002,,2834,19,,,0
140016019,'1180012',1902,,2835,19,,,0
140016019,'1180018',1102,,2836,19,,,0
140016019,'1180019',2202,,2837,19,,,0
140016019,'1180020',2002,,2838,19,,,0
140016019,'1180023',1302,,2839,19,,,0
140016019,'1180024',732,,2840,19,,,0
140016019,'1180028',802,,2841,19,,,0
140016019,'1180031',2002,,2842,19,,,0
140016019,'1180048',2102,,2843,19,,,0
140016019,'1180057',1802,,2844,19,,,0
140016019,'1180062',1432,,2845,19,0,8 21,0
140016019,'1180072',1202,,2846,19,,,0
140016019,'1180078',1202,,2847,19,,,0
