116019,'1178927',1044,,2202,11,,,0
116019,'1178944',1444,,2203,11,,,0
116019,'1178984',2044,,2204,11,,,0
116019,'1178985',1544,,2205,11,,,0
116019,'1178993',1714,,2206,11,,,0
116019,'1179002',2044,,2207,11,,,0
116019,'1179004',844,,2208,11,,,0
116019,'1179020',1644,,2209,11,,,0
116019,'1179022',1644,,2210,11,,,0
116019,'1179025',1344,,2211,11,,,0
116019,'1179035',944,,2212,11,,,0
116019,'1179036',714,,2213,11,,,0
116019,'1179045',1944,,2214,11,,,0
116019,'1179090',2144,,2215,11,,,0
116019,'1179113',744,,2216,11,,,0
116019,'1179119',644,,2217,11,,,0
116019,'1179186',2144,,2218,11,,,0
116019,'1179192',1844,,2219,11,,,0
116019,'1179204',1844,,2220,11,,,0
116019,'1179214',914,,2221,11,,,0
116019,'1179218',1944,,2222,11,,,0
116019,'1179231',1344,,2223,11,,,0
116019,'1179239',844,,2224,11,,,0
116019,'1179249',1444,,2225,11,,,0
116019,'1179326',1144,,2226,11,,,0
116019,'1179334',1244,,2227,11,,,0
116019,'1179487',1744,,2228,11,,,0
116019,'1179497',1244,,2229,11,,,0
116019,'1179505',1614,,2230,11,,,0
116019,'1179506',1144,,2231,11,,,0
116019,'1179514',1814,,2232,11,,,0
116019,'1179540',1544,,2233,11,,,0
116019,'1179564',1044,,2234,11,,,0
116019,'1179589',944,,2235,11,,,0
116019,'1179630',1744,,2236,11,,,0
116019,'1179645',744,,2237,11,,,0
116019,'1179711',814,,2238,11,,,0
