120019,'1178966',1400,,2316,46,,,0
120019,'1178998',1600,,2317,46,,,0
120019,'1179031',1700,,2318,46,,,0
120019,'1179149',1500,,2319,46,,,0
120019,'1179182',1200,,2320,46,,,0
120019,'1179282',1000,,2321,46,,,0
120019,'1179296',1813,,2322,46,,,0
120019,'1179596',1100,,2323,46,,,0
120019,'1179628',1300,,2324,46,,,0
140016019,'1179005',634,,2774,4,,,0
140016019,'1179063',734,,2776,27,,,0
140016019,'1179225',704,,2781,4,,,0
140016019,'1179286',607,,2784,4,,,0
140016019,'1179440',634,,2795,4,,,0
140016019,'1179792',934,,2805,47,,,0
140016019,'1179800',1734,,2806,47,,,0
140016019,'1179808',1934,,2807,47,,,0
140016019,'1179822',1604,,2808,47,,,0
140016019,'1179827',904,,2809,47,,,0
140016019,'1179831',1634,,2810,47,,,0
140016019,'1179835',2234,,2811,47,,,0
140016019,'1179868',1704,,2815,47,,,0
140016019,'1179875',1134,,2816,47,,,0
140016019,'1179886',1434,,2818,47,,,0
140016019,'1179907',1734,,2821,47,,,0
140016019,'1179913',1804,,2822,47,,,0
140016019,'1179926',1334,,2823,47,,,0
140016019,'1179938',1534,,2824,47,,,0
140016019,'1179943',2134,,2825,47,,,0
140016019,'1179945',834,,2826,47,,,0
140016019,'1179958',1434,,2827,47,,,0
140016019,'1179963',1834,,2828,47,,,0
140016019,'1179974',1034,,2829,47,,,0
140016019,'1179976',734,,2830,47,,,0
140016019,'1179989',934,,2831,47,,,0
140016019,'1179991',1534,,2832,47,,,0
140016019,'1179997',1634,,2833,47,,,0
140016019,'1180006',1034,,2834,47,,,0
140016019,'1180012',1934,,2835,47,,,0
140016019,'1180018',1134,,2836,47,,,0
140016019,'1180019',2234,,2837,47,,,0
140016019,'1180020',2034,,2838,47,,,0
140016019,'1180023',1334,,2839,47,,,0
140016019,'1180024',804,,2840,47,,,0
140016019,'1180028',834,,2841,47,,,0
140016019,'1180031',2034,,2842,47,,,0
140016019,'1180048',2134,,2843,47,,,0
140016019,'1180057',1834,,2844,47,,,0
140016019,'1180072',1234,,2846,47,,,0
140016019,'1180078',1234,,2847,47,,,0
