140019,'1178969',1327,,2352,19,,,0
140019,'1178977',1527,,2353,19,,,0
140019,'1179164',1627,,2354,19,,,0
140019,'1179344',1427,,2355,19,,,0
140019,'1179352',927,,2356,19,,,0
140019,'1179462',1227,,2357,19,,,0
140019,'1179512',1127,,2358,19,,,0
140019,'1179518',1027,,2359,19,,,0
140019,'1179634',1727,,2360,19,,,0
190013019,'1178916',1626,,2896,23,,,0
190013019,'1178919',1956,,2897,23,,,0
190013019,'1178920',1126,,2898,23,,,0
190013019,'1178929',756,,2899,23,,,0
190013019,'1178930',1656,,2900,23,,,0
190013019,'1178972',1956,,2901,23,,,0
190013019,'1178983',1226,,2902,23,,,0
190013019,'1178994',2156,,2903,23,,,0
190013019,'1178997',1156,,2904,23,,,0
190013019,'1179048',1526,,2905,23,,,0
190013019,'1179062',1556,,2906,23,,,0
190013019,'1179074',1326,,2907,23,,,0
190013019,'1179087',1256,,2908,23,,,0
190013019,'1179104',1026,,2909,23,,,0
190013019,'1179171',1826,,2910,23,0,8 21,0
190013019,'1179187',856,,2911,23,,,0
190013019,'1179202',1056,,2912,23,,,0
190013019,'1179203',956,,2913,23,,,0
190013019,'1179212',1456,,2914,23,,,0
190013019,'1179219',1256,,2915,23,,,0
190013019,'1179243',756,,2916,23,,,0
190013019,'1179287',2156,,2917,23,,,0
190013019,'1179292',1056,,2918,23,,,0
190013019,'1179300',726,,2919,23,,,0
190013019,'1179373',956,,2921,23,,,0
190013019,'1179380',1356,,2922,23,,,0
190013019,'1179402',1356,,2923,23,,,0
190013019,'1179411',1426,,2924,23,,,0
190013019,'1179457',1856,,2925,23,,,0
190013019,'1179504',656,,2926,23,,,0
190013019,'1179507',926,,2927,23,,,0
190013019,'1179509',1156,,2928,23,,,0
190013019,'1179516',1556,,2929,23,,,0
190013019,'1179531',2056,,2930,23,,,0
190013019,'1179537',856,,2931,23,,,0
190013019,'1179539',1756,,2932,23,,,0
190013019,'1179546',656,,2933,23,,,0
190013019,'1179553',1856,,2934,23,,,0
190013019,'1179591',1656,,2936,23,,,0
190013019,'1179611',1726,,2937,23,,,0
190013019,'1179635',1456,,2938,23,,,0
190013019,'1179694',826,,2939,23,,,0
190013019,'1179701',2056,,2940,23,,,0
190013019,'1179717',1756,,2941,23,,,0
