120029,'1179032',1521,,2325,8,,,0
120029,'1179055',1321,,2326,8,,,0
120029,'1179056',1621,,2327,8,,,0
120029,'1179099',1721,,2328,8,,,0
120029,'1179153',921,,2329,8,,,0
120029,'1179222',1421,,2330,8,,,0
120029,'1179429',1121,,2331,8,,,0
120029,'1179447',1021,,2332,8,,,0
120029,'1179575',1221,,2333,8,,,0
190017019,'1179790',1146,,3050,8,,,0
190017019,'1179796',1346,,3051,8,,,0
190017019,'1179813',2246,,3052,8,0,8 21,0
190017019,'1179821',1446,,3053,8,,,0
190017019,'1179824',616,,3054,8,,,0
190017019,'1179832',1046,,3055,8,,,0
190017019,'1179843',846,,3056,8,,,0
190017019,'1179845',2046,,3057,8,,,0
190017019,'1179847',2146,,3058,8,0,8 21,0
190017019,'1179859',1646,,3060,8,,,0
190017019,'1179863',946,,3061,8,,,0
190017019,'1179870',816,,3062,8,,,0
190017019,'1179874',1246,,3063,8,,,0
190017019,'1179876',1846,,3064,8,,,0
190017019,'1179884',1616,,3065,8,,,0
190017019,'1179891',1546,,3066,8,,,0
190017019,'1179895',1816,,3067,8,0,8 21,0
190017019,'1179896',746,,3068,8,,,0
190017019,'1179899',1546,,3069,8,,,0
190017019,'1179905',646,,3070,8,,,0
190017019,'1179912',2046,,3071,8,,,0
190017019,'1179917',1746,,3072,8,,,0
190017019,'1179922',1346,,3073,8,,,0
190017019,'1179924',1446,,3074,8,,,0
190017019,'1179953',2146,,3078,8,0,8 21,0
190017019,'1179955',846,,3079,8,,,0
190017019,'1179971',1246,,3080,8,,,0
190017019,'1179977',1846,,3081,8,,,0
190017019,'1179978',1046,,3082,8,,,0
190017019,'1179979',1716,,3083,8,,,0
190017019,'1179986',746,,3084,8,,,0
190017019,'1179987',946,,3085,8,,,0
190017019,'1179994',1646,,3086,8,,,0
190017019,'1180001',916,,3087,8,,,0
190017019,'1180005',646,,3089,8,,,0
190017019,'1180041',2246,,3091,8,0,8 21,0
190017019,'1180050',1946,,3092,8,,,0
190017019,'1180055',1146,,3093,8,,,0
190017019,'1180056',1746,,3094,8,,,0
190017019,'1180065',1946,,3095,8,,,0
190017019,'1180069',716,,3096,8,,,0
