120019,'1178966',1351,,2316,35,,,0
120019,'1178998',1551,,2317,35,,,0
120019,'1179031',1651,,2318,35,,,0
120019,'1179149',1451,,2319,35,,,0
120019,'1179182',1151,,2320,35,,,0
120019,'1179282',951,,2321,35,,,0
120019,'1179296',1804,,2322,35,,,0
120019,'1179596',1051,,2323,35,,,0
120019,'1179628',1251,,2324,35,,,0
140016019,'1179063',725,,2776,16,,,0
140016019,'1179792',925,,2805,36,,,0
140016019,'1179800',1725,,2806,36,,,0
140016019,'1179808',1925,,2807,36,,,0
140016019,'1179822',1555,,2808,36,,,0
140016019,'1179827',855,,2809,36,,,0
140016019,'1179831',1625,,2810,36,,,0
140016019,'1179835',2225,,2811,36,,,0
140016019,'1179868',1655,,2815,36,,,0
140016019,'1179875',1125,,2816,36,,,0
140016019,'1179886',1425,,2818,36,,,0
140016019,'1179907',1725,,2821,36,,,0
140016019,'1179913',1755,,2822,36,,,0
140016019,'1179926',1325,,2823,36,,,0
140016019,'1179938',1525,,2824,36,,,0
140016019,'1179943',2125,,2825,36,,,0
140016019,'1179945',825,,2826,36,,,0
140016019,'1179958',1425,,2827,36,,,0
140016019,'1179963',1825,,2828,36,,,0
140016019,'1179974',1025,,2829,36,,,0
140016019,'1179976',725,,2830,36,,,0
140016019,'1179989',925,,2831,36,,,0
140016019,'1179991',1525,,2832,36,,,0
140016019,'1179997',1625,,2833,36,,,0
140016019,'1180006',1025,,2834,36,,,0
140016019,'1180012',1925,,2835,36,,,0
140016019,'1180018',1125,,2836,36,,,0
140016019,'1180019',2225,,2837,36,,,0
140016019,'1180020',2025,,2838,36,,,0
140016019,'1180023',1325,,2839,36,,,0
140016019,'1180024',755,,2840,36,,,0
140016019,'1180028',825,,2841,36,,,0
140016019,'1180031',2025,,2842,36,,,0
140016019,'1180048',2125,,2843,36,,,0
140016019,'1180057',1825,,2844,36,,,0
140016019,'1180072',1225,,2846,36,,,0
140016019,'1180078',1225,,2847,36,,,0
