150029,'1178980',1123,,2388,27,,,0
150029,'1179059',923,,2389,27,,,0
150029,'1179210',1323,,2390,27,,,0
150029,'1179274',1723,,2391,27,,,0
150029,'1179311',1023,,2392,27,,,0
150029,'1179362',1623,,2393,27,,,0
150029,'1179450',1423,,2394,27,,,0
150029,'1179616',1223,,2395,27,,,0
150029,'1179674',1523,,2396,27,,,0
150029,'1179828',1023,,2397,26,,,0
150029,'1179915',1223,,2398,26,,,0
150029,'1179932',923,,2399,26,,,0
150029,'1179948',1523,,2400,26,,,0
150029,'1179983',1323,,2401,26,,,0
150029,'1180009',1123,,2402,26,,,0
150029,'1180017',1723,,2403,26,,,0
150029,'1180040',1623,,2404,26,,,0
150029,'1180079',1423,,2405,26,,,0
140014019,'1178954',1547,,2725,3,,,0
140014019,'1178955',1117,,2726,3,,,0
140014019,'1178974',947,,2727,3,,,0
140014019,'1179007',1747,,2728,3,,,0
140014019,'1179027',1447,,2729,3,,,0
140014019,'1179052',747,,2730,3,,,0
140014019,'1179079',717,,2731,3,,,0
140014019,'1179080',1447,,2732,3,,,0
140014019,'1179082',817,,2733,3,,,0
140014019,'1179084',647,,2734,3,,,0
140014019,'1179111',2147,,2735,3,,,0
140014019,'1179143',747,,2736,3,,,0
140014019,'1179200',1217,,2737,3,,,0
140014019,'1179207',1717,,2738,3,,,0
140014019,'1179221',1347,,2739,3,,,0
140014019,'1179271',1147,,2740,3,,,0
140014019,'1179298',1647,,2741,3,,,0
140014019,'1179320',1417,,2742,3,,,0
140014019,'1179323',947,,2743,3,,,0
140014019,'1179350',847,,2745,3,,,0
140014019,'1179353',1747,,2746,3,,,0
140014019,'1179366',1947,,2747,3,,,0
140014019,'1179392',1547,,2748,3,,,0
140014019,'1179403',1847,,2749,3,,,0
140014019,'1179433',1347,,2751,3,,,0
140014019,'1179443',917,,2752,3,,,0
140014019,'1179446',1147,,2753,3,,,0
140014019,'1179449',1017,,2754,3,,,0
140014019,'1179493',1047,,2755,3,,,0
140014019,'1179524',1647,,2757,3,,,0
140014019,'1179535',1317,,2758,3,,,0
140014019,'1179547',1247,,2759,3,,,0
140014019,'1179557',1817,,2761,3,0,8 21,0
140014019,'1179561',1517,,2762,3,,,0
140014019,'1179577',1247,,2763,3,,,0
140014019,'1179598',2047,,2764,3,,,0
140014019,'1179600',2147,,2765,3,,,0
140014019,'1179608',1847,,2766,3,,,0
140014019,'1179636',1617,,2767,3,,,0
140014019,'1179638',847,,2768,3,,,0
140014019,'1179648',1947,,2769,3,,,0
140014019,'1179654',2047,,2770,3,,,0
140014019,'1179662',1047,,2771,3,,,0
