130019,'1179053',1723,,2334,3,,,0
130019,'1179067',1323,,2335,3,,,0
130019,'1179069',1023,,2336,3,,,0
130019,'1179093',1123,,2337,3,,,0
130019,'1179108',1223,,2338,3,,,0
130019,'1179294',1523,,2339,3,,,0
130019,'1179386',1623,,2340,3,,,0
130019,'1179541',923,,2341,3,,,0
130019,'1179675',1423,,2342,3,,,0
300019,'1179799',1021,,2563,6,0,8 9 2 26,0
300019,'1179823',1851,,2567,6,0,23 24 2 26,0
300019,'1179833',951,,2569,6,0,23 24 2 26,0
300019,'1179836',921,,2570,6,0,23 24 2 26,0
300019,'1179840',1451,,2571,6,0,23 24 2 26,0
300019,'1179841',2051,,2572,6,0,23 24 2 26,0
300019,'1179850',751,,2575,6,0,23 24 2 26,0
300019,'1179894',1551,,2591,6,0,23 24 2 26,0
300019,'1179906',1251,,2594,6,0,23 24 2 26,0
300019,'1179908',721,,2595,6,0,23 24 2 26,0
300019,'1179942',2151,,2602,6,0,8 9 2 26,0
300019,'1179957',1051,,2605,6,0,23 24 2 26,0
300019,'1179970',1951,,2610,6,0,23 24 2 26,0
300019,'1179981',1651,,2611,6,0,23 24 2 26,0
300019,'1179988',821,,2612,6,0,23 24 2 26,0
300019,'1179996',1621,,2615,6,0,23 24 2 26,0
300019,'1180000',1351,,2616,6,0,23 24 2 26,0
300019,'1180022',1721,,2618,6,0,23 24 2 26,0
300019,'1180035',851,,2620,6,0,23 24 2 26,0
300019,'1180043',1151,,2624,6,0,23 24 2 26,0
300019,'1180046',1821,,2625,6,0,8 9 2 26,0
300019,'1180061',1751,,2629,6,0,23 24 2 26,0
300019,'1180122',951,,3099,7,0,23 24 2 26,0
300019,'1180123',951,,3100,7,0,23 24 2 26,0
300019,'1180124',1551,,3101,7,0,23 24 2 26,0
300019,'1180127',721,,3104,7,0,23 24 2 26,0
300019,'1180128',1151,,3105,7,0,23 24 2 26,0
300019,'1180129',1751,,3106,7,0,23 24 2 26,0
300019,'1180135',1721,,3112,7,0,23 24 2 26,0
300019,'1180137',751,,3114,7,0,23 24 2 26,0
300019,'1180141',851,,3118,7,0,23 24 2 26,0
300019,'1180142',1451,,3119,7,0,23 24 2 26,0
300019,'1180144',1951,,3121,7,0,23 24 2 26,0
300019,'1180146',1951,,3123,7,0,23 24 2 26,0
300019,'1180147',2151,,3124,7,0,8 9 2 26,0
300019,'1180148',1551,,3125,7,0,23 24 2 26,0
300019,'1180149',1451,,3126,7,0,23 24 2 26,0
300019,'1180153',1051,,3130,7,0,23 24 2 26,0
300019,'1180154',1051,,3131,7,0,23 24 2 26,0
300019,'1180155',1351,,3132,7,0,23 24 2 26,0
300019,'1180157',2051,,3134,7,0,23 24 2 26,0
300019,'1180158',1821,,3135,7,0,8 9 2 26,0
300019,'1180160',1651,,3137,7,0,23 24 2 26,0
300019,'1180162',2151,,3139,7,0,8 9 2 26,0
300019,'1180163',1251,,3140,7,0,23 24 2 26,0
300019,'1180165',1351,,3142,7,0,23 24 2 26,0
300019,'1180170',921,,3147,7,0,23 24 2 26,0
300019,'1180171',751,,3148,7,0,23 24 2 26,0
300019,'1180172',1151,,3149,7,0,23 24 2 26,0
300019,'1180173',1851,,3150,7,0,23 24 2 26,0
300019,'1180174',1251,,3151,7,0,23 24 2 26,0
300019,'1180180',1621,,3157,7,0,23 24 2 26,0
300019,'1180184',1651,,3161,7,0,23 24 2 26,0
300019,'1180185',1751,,3162,7,0,23 24 2 26,0
300019,'1180186',821,,3163,7,0,23 24 2 26,0
300019,'1180187',1021,,3164,7,0,8 9 2 26,0
300019,'1180190',2051,,3167,7,0,23 24 2 26,0
300019,'1180192',1851,,3169,7,0,23 24 2 26,0
300019,'1180193',851,,3170,7,0,23 24 2 26,0
140012019,'1178913',1146,,2679,3,,,0
140012019,'1178923',1146,,2680,3,,,0
140012019,'1178934',946,,2681,3,,,0
140012019,'1178935',746,,2682,3,,,0
140012019,'1178953',846,,2683,3,,,0
140012019,'1178981',646,,2684,3,,,0
140012019,'1178986',1416,,2685,3,,,0
140012019,'1179006',1316,,2686,3,,,0
140012019,'1179011',716,,2687,3,,,0
140012019,'1179015',1846,,2688,3,,,0
140012019,'1179046',846,,2689,3,,,0
140012019,'1179102',1546,,2690,3,,,0
140012019,'1179154',1346,,2691,3,,,0
140012019,'1179183',1946,,2692,3,,,0
140012019,'1179185',916,,2693,3,,,0
140012019,'1179216',2246,,2694,3,0,8 21,0
140012019,'1179230',946,,2695,3,,,0
140012019,'1179233',1546,,2696,3,,,0
140012019,'1179236',746,,2697,3,,,0
140012019,'1179238',1446,,2698,3,,,0
140012019,'1179244',2046,,2699,3,,,0
140012019,'1179245',1846,,2700,3,,,0
140012019,'1179255',1816,,2702,3,0,8 21,0
140012019,'1179261',1046,,2703,3,,,0
140012019,'1179316',1946,,2704,3,,,0
140012019,'1179325',816,,2705,3,,,0
140012019,'1179348',1246,,2706,3,,,0
140012019,'1179359',1716,,2707,3,,,0
140012019,'1179372',2146,,2708,3,,,0
140012019,'1179387',1246,,2709,3,,,0
140012019,'1179399',1116,,2710,3,,,0
140012019,'1179425',2046,,2711,3,,,0
140012019,'1179444',1616,,2712,3,,,0
140012019,'1179495',1346,,2713,3,,,0
140012019,'1179499',1516,,2714,3,,,0
140012019,'1179510',1646,,2715,3,,,0
140012019,'1179511',2146,,2716,3,,,0
140012019,'1179526',1746,,2717,3,,,0
140012019,'1179556',1046,,2718,3,,,0
140012019,'1179567',1216,,2719,3,,,0
140012019,'1179578',2246,,2720,3,0,8 21,0
140012019,'1179644',1746,,2721,3,,,0
140012019,'1179693',1016,,2722,3,,,0
140012019,'1179704',1446,,2723,3,,,0
140012019,'1179715',1646,,2724,3,,,0
