110019,'1178947',939,,2239,14,,,0
110019,'1178964',1439,,2240,14,,,0
110019,'1178973',1739,,2241,14,,,0
110019,'1179028',1539,,2242,14,,,0
110019,'1179105',1639,,2243,14,,,0
110019,'1179114',1039,,2244,14,,,0
110019,'1179176',1239,,2245,14,,,0
110019,'1179184',1339,,2246,14,,,0
110019,'1179290',1139,,2247,14,,,0
140010019,'1178914',1120,,2633,16,0,8 21,0
140010019,'1178921',1450,,2634,16,,,0
140010019,'1178922',950,,2635,16,,,0
140010019,'1178936',720,,2636,16,,,0
140010019,'1178946',2250,,2637,16,0,8 21,0
140010019,'1178979',1050,,2638,16,,,0
140010019,'1179012',750,,2639,16,,,0
140010019,'1179037',1950,,2640,16,,,0
140010019,'1179103',1550,,2641,16,,,0
140010019,'1179122',1320,,2642,16,0,8 21,0
140010019,'1179131',1150,,2643,16,,,0
140010019,'1179140',2150,,2644,16,,,0
140010019,'1179147',920,,2645,16,0,8 21,0
140010019,'1179157',650,,2646,16,,,0
140010019,'1179167',1050,,2647,16,,,0
140010019,'1179178',1750,,2648,16,,,0
140010019,'1179180',2150,,2649,16,,,0
140010019,'1179188',1450,,2650,16,,,0
140010019,'1179217',1950,,2651,16,,,0
140010019,'1179232',1520,,2652,16,0,8 21,0
140010019,'1179251',1620,,2653,16,,,0
140010019,'1179253',820,,2654,16,,,0
140010019,'1179268',1720,,2655,16,,,0
140010019,'1179270',1650,,2656,16,,,0
140010019,'1179336',850,,2658,16,,,0
140010019,'1179347',750,,2659,16,,,0
140010019,'1179361',2050,,2660,16,,,0
140010019,'1179396',2050,,2661,16,,,0
140010019,'1179408',2250,,2662,16,0,8 21,0
140010019,'1179415',1150,,2663,16,,,0
140010019,'1179445',1350,,2664,16,,,0
140010019,'1179452',1750,,2665,16,,,0
140010019,'1179453',1350,,2666,16,,,0
140010019,'1179479',1250,,2667,16,,,0
140010019,'1179483',1220,,2668,16,0,8 21,0
140010019,'1179494',1650,,2669,16,,,0
140010019,'1179496',1550,,2670,16,,,0
140010019,'1179498',1420,,2671,16,0,8 21,0
140010019,'1179544',1850,,2672,16,,,0
140010019,'1179548',1020,,2673,16,0,8 21,0
140010019,'1179613',1850,,2674,16,,,0
140010019,'1179620',850,,2675,16,,,0
140010019,'1179629',1820,,2676,16,0,8 21,0
140010019,'1179659',1250,,2677,16,,,0
140010019,'1179692',950,,2678,16,,,0
