130029,'1178925',1456,,2343,4,,,0
130029,'1178989',1356,,2344,4,,,0
130029,'1179023',1556,,2345,4,,,0
130029,'1179120',1656,,2346,4,,,0
130029,'1179168',1256,,2347,4,,,0
130029,'1179423',856,,2348,4,,,0
130029,'1179469',1156,,2349,4,,,0
130029,'1179639',956,,2350,4,,,0
130029,'1179657',1056,,2351,4,,,0
190011019,'1178950',737,,2849,23,,,0
190011019,'1178970',1907,,2850,23,,,0
190011019,'1179009',1837,,2851,23,0,8 21,0
190011019,'1179040',2107,,2852,23,,,0
190011019,'1179145',907,,2854,23,,,0
190011019,'1179159',1807,,2856,23,,,0
190011019,'1179163',807,,2858,23,,,0
190011019,'1179248',707,,2859,23,,,0
190011019,'1179252',1807,,2860,23,,,0
190011019,'1179276',2007,,2861,23,,,0
190011019,'1179307',707,,2862,23,,,0
190011019,'1179332',1106,,2864,24,,,0
190011019,'1179340',907,,2865,23,,,0
190011019,'1179367',1737,,2866,23,,,0
190011019,'1179394',2207,,2869,23,,,0
190011019,'1179413',1306,,2871,24,,,0
190011019,'1179424',2207,,2872,23,,,0
190011019,'1179426',1406,,2873,24,,,0
190011019,'1179430',1606,,2874,24,,,0
190011019,'1179437',1106,,2875,24,,,0
190011019,'1179438',1606,,2876,24,,,0
190011019,'1179442',1907,,2877,23,,,0
190011019,'1179477',807,,2878,23,,,0
190011019,'1179521',1406,,2879,24,,,0
190011019,'1179528',1206,,2880,24,,,0
190011019,'1179555',2007,,2882,23,,,0
190011019,'1179572',1206,,2883,24,,,0
190011019,'1179590',1506,,2884,24,,,0
190011019,'1179619',1707,,2885,23,,,0
190011019,'1179642',1007,,2886,23,,,0
190011019,'1179650',1306,,2887,24,,,0
190011019,'1179665',611,,2888,2,,,0
190011019,'1179666',837,,2889,23,,,0
190011019,'1179677',2107,,2891,23,,,0
190011019,'1179678',937,,2892,23,,,0
190011019,'1179688',1707,,2893,23,,,0
190011019,'1179700',1506,,2894,24,,,0
190011019,'1179709',1007,,2895,23,,,0
190013019,'1178916',1637,,2896,31,,,0,10,,2896,36,,,0
190013019,'1178919',2007,,2897,31,,,0,10,,2897,36,,,0
190013019,'1178920',1137,,2898,31,,,0,10,,2898,36,,,0
190013019,'1178929',807,,2899,31,,,0,10,,2899,36,,,0
190013019,'1178930',1707,,2900,31,,,0,10,,2900,36,,,0
190013019,'1178972',2007,,2901,31,,,0,10,,2901,36,,,0
190013019,'1178983',1237,,2902,31,,,0,10,,2902,36,,,0
190013019,'1178994',2207,,2903,31,,,0,10,,2903,36,,,0
190013019,'1178997',1207,,2904,31,,,0,10,,2904,36,,,0
190013019,'1179048',1537,,2905,31,,,0,10,,2905,36,,,0
190013019,'1179062',1607,,2906,31,,,0,10,,2906,36,,,0
190013019,'1179074',1337,,2907,31,,,0,10,,2907,36,,,0
190013019,'1179087',1307,,2908,31,,,0,10,,2908,36,,,0
190013019,'1179104',1037,,2909,31,,,0,10,,2909,36,,,0
190013019,'1179171',1837,,2910,31,0,8 21,0
190013019,'1179187',907,,2911,31,,,0,10,,2911,36,,,0
190013019,'1179202',1107,,2912,31,,,0,10,,2912,36,,,0
190013019,'1179203',1007,,2913,31,,,0,10,,2913,36,,,0
190013019,'1179212',1507,,2914,31,,,0,10,,2914,36,,,0
190013019,'1179219',1307,,2915,31,,,0,10,,2915,36,,,0
190013019,'1179243',807,,2916,31,,,0,10,,2916,36,,,0
190013019,'1179287',2207,,2917,31,,,0,10,,2917,36,,,0
190013019,'1179292',1107,,2918,31,,,0,10,,2918,36,,,0
190013019,'1179300',737,,2919,31,,,0,10,,2919,36,,,0
190013019,'1179354',617,,2920,4,,,0
190013019,'1179373',1007,,2921,31,,,0,10,,2921,36,,,0
190013019,'1179380',1407,,2922,31,,,0,10,,2922,36,,,0
190013019,'1179402',1407,,2923,31,,,0,10,,2923,36,,,0
190013019,'1179411',1437,,2924,31,,,0,10,,2924,36,,,0
190013019,'1179457',1907,,2925,31,,,0,10,,2925,36,,,0
190013019,'1179504',707,,2926,31,,,0,10,,2926,36,,,0
190013019,'1179507',937,,2927,31,,,0,10,,2927,36,,,0
190013019,'1179509',1207,,2928,31,,,0,10,,2928,36,,,0
190013019,'1179516',1607,,2929,31,,,0,10,,2929,36,,,0
190013019,'1179531',2107,,2930,31,,,0,10,,2930,36,,,0
190013019,'1179537',907,,2931,31,,,0,10,,2931,36,,,0
190013019,'1179539',1807,,2932,31,,,0,10,,2932,36,,,0
190013019,'1179546',707,,2933,31,,,0,10,,2933,36,,,0
190013019,'1179553',1907,,2934,31,,,0,10,,2934,36,,,0
190013019,'1179581',647,,2935,4,,,0
190013019,'1179591',1707,,2936,31,,,0,10,,2936,36,,,0
190013019,'1179611',1737,,2937,31,,,0,10,,2937,36,,,0
190013019,'1179635',1507,,2938,31,,,0,10,,2938,36,,,0
190013019,'1179694',837,,2939,31,,,0,10,,2939,36,,,0
190013019,'1179701',2107,,2940,31,,,0,10,,2940,36,,,0
190013019,'1179717',1807,,2941,31,,,0,10,,2941,36,,,0
190015019,'1179791',2104,,2973,24,,,0
190015019,'1179793',704,,2974,24,,,0
190015019,'1179804',704,,2975,24,,,0
190015019,'1179812',1104,,2976,24,,,0
190015019,'1179819',804,,2977,24,,,0
190015019,'1179825',1204,,2978,24,,,0
190015019,'1179856',834,,2980,24,,,0
190015019,'1179872',804,,2981,24,,,0
190015019,'1179885',1634,,2982,24,,,0
190015019,'1179887',1404,,2983,24,,,0
190015019,'1179898',1504,,2984,24,,,0
190015019,'1179909',1004,,2985,24,,,0
190015019,'1179919',1804,,2986,24,,,0
190015019,'1179920',904,,2987,24,,,0
190015019,'1179923',1434,,2988,24,,,0
190015019,'1179931',2104,,2989,24,,,0
190015019,'1179934',1834,,2990,24,0,12,0
190015019,'1179935',1704,,2991,24,,,0
190015019,'1179940',1134,,2992,24,,,0
190015019,'1179952',1204,,2993,24,,,0
190015019,'1179960',1304,,2994,24,,,0
190015019,'1179961',1504,,2995,24,,,0
190015019,'1179980',1034,,2997,24,,,0
190015019,'1179982',1734,,2998,24,,,0
190015019,'1179992',1534,,2999,24,,,0
190015019,'1179995',1104,,3000,24,,,0
190015019,'1179999',1234,,3001,24,,,0
190015019,'1180013',1904,,3002,24,,,0
190015019,'1180014',2004,,3003,24,,,0
190015019,'1180015',934,,3004,24,,,0
190015019,'1180016',2004,,3005,24,,,0
190015019,'1180026',1904,,3007,24,,,0
190015019,'1180029',1004,,3008,24,,,0
190015019,'1180044',1604,,3009,24,,,0
190015019,'1180058',1334,,3011,24,,,0
190015019,'1180059',1704,,3012,24,,,0
190015019,'1180068',1804,,3013,24,,,0
190015019,'1180070',1604,,3014,24,,,0
190015019,'1180075',904,,3015,24,,,0
190015019,'1180077',1304,,3016,24,,,0
190015019,'1180080',734,,3017,24,,,0
190015019,'1180081',1404,,3018,24,,,0
190017019,'1179790',1204,,3050,31,,,0
190017019,'1179796',1404,,3051,31,,,0
190017019,'1179813',2304,,3052,31,0,8 21,0
190017019,'1179821',1504,,3053,31,,,0
190017019,'1179824',634,,3054,31,,,0
190017019,'1179832',1104,,3055,31,,,0
190017019,'1179843',904,,3056,31,,,0
190017019,'1179845',2104,,3057,31,,,0
190017019,'1179847',2204,,3058,31,0,8 21,0
190017019,'1179859',1704,,3060,31,,,0
190017019,'1179863',1004,,3061,31,,,0
190017019,'1179870',834,,3062,31,,,0
190017019,'1179874',1304,,3063,31,,,0
190017019,'1179876',1904,,3064,31,,,0
190017019,'1179884',1634,,3065,31,,,0
190017019,'1179891',1604,,3066,31,,,0
190017019,'1179895',1834,,3067,31,0,8 21,0
190017019,'1179896',804,,3068,31,,,0
190017019,'1179899',1604,,3069,31,,,0
190017019,'1179905',704,,3070,31,,,0
190017019,'1179912',2104,,3071,31,,,0
190017019,'1179917',1804,,3072,31,,,0
190017019,'1179922',1404,,3073,31,,,0
190017019,'1179924',1504,,3074,31,,,0
190017019,'1179953',2204,,3078,31,0,8 21,0
190017019,'1179955',904,,3079,31,,,0
190017019,'1179971',1304,,3080,31,,,0
190017019,'1179977',1904,,3081,31,,,0
190017019,'1179978',1104,,3082,31,,,0
190017019,'1179979',1734,,3083,31,,,0
190017019,'1179986',804,,3084,31,,,0
190017019,'1179987',1004,,3085,31,,,0
190017019,'1179994',1704,,3086,31,,,0
190017019,'1180001',934,,3087,31,,,0
190017019,'1180005',704,,3089,31,,,0
190017019,'1180041',2304,,3091,31,0,8 21,0
190017019,'1180050',2004,,3092,31,,,0
190017019,'1180055',1204,,3093,31,,,0
190017019,'1180056',1804,,3094,31,,,0
190017019,'1180065',2004,,3095,31,,,0
190017019,'1180069',734,,3096,31,,,0
