130019,'1179053',1737,,2334,19,,,0
130019,'1179067',1337,,2335,19,,,0
130019,'1179069',1037,,2336,19,,,0
130019,'1179093',1137,,2337,19,,,0
130019,'1179108',1237,,2338,19,,,0
130019,'1179294',1537,,2339,19,,,0
130019,'1179386',1637,,2340,19,,,0
130019,'1179541',937,,2341,19,,,0
130019,'1179675',1437,,2342,19,,,0
300019,'1179799',1039,,2563,19,0,8 9 2 26,0
300019,'1179823',1909,,2567,19,0,23 24 2 26,0
300019,'1179833',1009,,2569,19,0,23 24 2 26,0
300019,'1179836',939,,2570,19,0,23 24 2 26,0
300019,'1179840',1509,,2571,19,0,23 24 2 26,0
300019,'1179841',2109,,2572,19,0,23 24 2 26,0
300019,'1179850',809,,2575,19,0,23 24 2 26,0
300019,'1179894',1609,,2591,19,0,23 24 2 26,0
300019,'1179906',1309,,2594,19,0,23 24 2 26,0
300019,'1179908',739,,2595,19,0,23 24 2 26,0
300019,'1179942',2209,,2602,19,0,8 9 2 26,0
300019,'1179957',1109,,2605,19,0,23 24 2 26,0
300019,'1179970',2009,,2610,19,0,23 24 2 26,0
300019,'1179981',1709,,2611,19,0,23 24 2 26,0
300019,'1179988',839,,2612,19,0,23 24 2 26,0
300019,'1179996',1639,,2615,19,0,23 24 2 26,0
300019,'1180000',1409,,2616,19,0,23 24 2 26,0
300019,'1180022',1739,,2618,19,0,23 24 2 26,0
300019,'1180035',909,,2620,19,0,23 24 2 26,0
300019,'1180043',1209,,2624,19,0,23 24 2 26,0
300019,'1180046',1839,,2625,19,0,8 9 2 26,0
300019,'1180061',1809,,2629,19,0,23 24 2 26,0
300019,'1180122',1009,,3099,20,0,23 24 2 26,0
300019,'1180123',1009,,3100,20,0,23 24 2 26,0
300019,'1180124',1609,,3101,20,0,23 24 2 26,0
300019,'1180127',739,,3104,20,0,23 24 2 26,0
300019,'1180128',1209,,3105,20,0,23 24 2 26,0
300019,'1180129',1809,,3106,20,0,23 24 2 26,0
300019,'1180135',1739,,3112,20,0,23 24 2 26,0
300019,'1180137',809,,3114,20,0,23 24 2 26,0
300019,'1180141',909,,3118,20,0,23 24 2 26,0
300019,'1180142',1509,,3119,20,0,23 24 2 26,0
300019,'1180144',2009,,3121,20,0,23 24 2 26,0
300019,'1180146',2009,,3123,20,0,23 24 2 26,0
300019,'1180147',2209,,3124,20,0,8 9 2 26,0
300019,'1180148',1609,,3125,20,0,23 24 2 26,0
300019,'1180149',1509,,3126,20,0,23 24 2 26,0
300019,'1180153',1109,,3130,20,0,23 24 2 26,0
300019,'1180154',1109,,3131,20,0,23 24 2 26,0
300019,'1180155',1409,,3132,20,0,23 24 2 26,0
300019,'1180157',2109,,3134,20,0,23 24 2 26,0
300019,'1180158',1839,,3135,20,0,8 9 2 26,0
300019,'1180160',1709,,3137,20,0,23 24 2 26,0
300019,'1180162',2209,,3139,20,0,8 9 2 26,0
300019,'1180163',1309,,3140,20,0,23 24 2 26,0
300019,'1180165',1409,,3142,20,0,23 24 2 26,0
300019,'1180170',939,,3147,20,0,23 24 2 26,0
300019,'1180171',809,,3148,20,0,23 24 2 26,0
300019,'1180172',1209,,3149,20,0,23 24 2 26,0
300019,'1180173',1909,,3150,20,0,23 24 2 26,0
300019,'1180174',1309,,3151,20,0,23 24 2 26,0
300019,'1180180',1639,,3157,20,0,23 24 2 26,0
300019,'1180184',1709,,3161,20,0,23 24 2 26,0
300019,'1180185',1809,,3162,20,0,23 24 2 26,0
300019,'1180186',839,,3163,20,0,23 24 2 26,0
300019,'1180187',1039,,3164,20,0,8 9 2 26,0
300019,'1180190',2109,,3167,20,0,23 24 2 26,0
300019,'1180192',1909,,3169,20,0,23 24 2 26,0
300019,'1180193',909,,3170,20,0,23 24 2 26,0
140012019,'1178913',1159,,2679,19,,,0
140012019,'1178923',1159,,2680,19,,,0
140012019,'1178934',959,,2681,19,,,0
140012019,'1178935',759,,2682,19,,,0
140012019,'1178953',859,,2683,19,,,0
140012019,'1178981',659,,2684,19,,,0
140012019,'1178986',1429,,2685,19,,,0
140012019,'1179006',1329,,2686,19,,,0
140012019,'1179011',729,,2687,19,,,0
140012019,'1179015',1859,,2688,19,,,0
140012019,'1179046',859,,2689,19,,,0
140012019,'1179102',1559,,2690,19,,,0
140012019,'1179154',1359,,2691,19,,,0
140012019,'1179183',1959,,2692,19,,,0
140012019,'1179185',929,,2693,19,,,0
140012019,'1179216',2259,,2694,19,0,8 21,0
140012019,'1179230',959,,2695,19,,,0
140012019,'1179233',1559,,2696,19,,,0
140012019,'1179236',759,,2697,19,,,0
140012019,'1179238',1459,,2698,19,,,0
140012019,'1179244',2059,,2699,19,,,0
140012019,'1179245',1859,,2700,19,,,0
140012019,'1179255',1829,,2702,19,0,8 21,0
140012019,'1179261',1059,,2703,19,,,0
140012019,'1179316',1959,,2704,19,,,0
140012019,'1179325',829,,2705,19,,,0
140012019,'1179348',1259,,2706,19,,,0
140012019,'1179359',1729,,2707,19,,,0
140012019,'1179372',2159,,2708,19,,,0
140012019,'1179387',1259,,2709,19,,,0
140012019,'1179399',1129,,2710,19,,,0
140012019,'1179425',2059,,2711,19,,,0
140012019,'1179444',1629,,2712,19,,,0
140012019,'1179495',1359,,2713,19,,,0
140012019,'1179499',1529,,2714,19,,,0
140012019,'1179510',1659,,2715,19,,,0
140012019,'1179511',2159,,2716,19,,,0
140012019,'1179526',1759,,2717,19,,,0
140012019,'1179556',1059,,2718,19,,,0
140012019,'1179567',1229,,2719,19,,,0
140012019,'1179578',2259,,2720,19,0,8 21,0
140012019,'1179644',1759,,2721,19,,,0
140012019,'1179693',1029,,2722,19,,,0
140012019,'1179704',1459,,2723,19,,,0
140012019,'1179715',1659,,2724,19,,,0
