140019,'1175812',1726,,1554,15,,,0
140019,'1175822',1026,,1555,15,,,0
140019,'1175823',1626,,1556,15,,,0
140019,'1175927',1326,,1558,15,,,0
140019,'1176135',926,,1559,15,,,0
140019,'1176326',1126,,1562,15,,,0
140019,'1176364',1426,,1563,15,,,0
140019,'1176520',1526,,1565,15,,,0
140019,'1176678',1226,,1568,15,,,0
190013019,'1175728',824,,1978,19,,,0
190013019,'1175734',1454,,1979,19,,,0
190013019,'1175770',1954,,1980,19,,,0
190013019,'1175814',1824,,1981,19,0,8 21,0
190013019,'1175816',1754,,1982,19,,,0
190013019,'1175833',1654,,1983,19,,,0
190013019,'1175860',1324,,1984,19,,,0
190013019,'1175862',1054,,1985,19,,,0
190013019,'1175891',1124,,1986,19,,,0
190013019,'1175892',924,,1987,19,,,0
190013019,'1175994',854,,1989,19,,,0
190013019,'1176023',754,,1990,19,,,0
190013019,'1176034',1054,,1991,19,,,0
190013019,'1176044',1354,,1992,19,,,0
190013019,'1176064',1024,,1993,19,,,0
190013019,'1176125',1654,,1994,19,,,0
190013019,'1176139',1154,,1995,19,,,0
190013019,'1176167',2154,,1996,19,,,0
190013019,'1176182',1254,,1997,19,,,0
190013019,'1176185',724,,1998,19,,,0
190013019,'1176187',1254,,1999,19,,,0
190013019,'1176196',1154,,2000,19,,,0
190013019,'1176261',954,,2001,19,,,0
190013019,'1176277',2054,,2002,19,,,0
190013019,'1176318',1354,,2003,19,,,0
190013019,'1176331',1954,,2004,19,,,0
190013019,'1176338',1854,,2005,19,,,0
190013019,'1176348',1524,,2006,19,,,0
190013019,'1176367',1554,,2007,19,,,0
190013019,'1176387',2154,,2008,19,,,0
190013019,'1176389',754,,2009,19,,,0
190013019,'1176392',654,,2010,19,,,0
190013019,'1176394',1554,,2011,19,,,0
190013019,'1176446',1754,,2012,19,,,0
190013019,'1176462',2054,,2013,19,,,0
190013019,'1176473',1854,,2014,19,,,0
190013019,'1176527',954,,2015,19,,,0
190013019,'1176539',1624,,2016,19,,,0
190013019,'1176543',1424,,2017,19,,,0
190013019,'1176567',854,,2019,19,,,0
190013019,'1176597',1454,,2020,19,,,0
190013019,'1176614',1224,,2021,19,,,0
190013019,'1176638',1724,,2022,19,,,0
190013019,'1176660',654,,2023,19,,,0
