140029,'1178990',1429,,2361,9,,,0
140029,'1179039',1129,,2362,9,,,0
140029,'1179106',1029,,2363,9,,,0
140029,'1179281',1329,,2364,9,,,0
140029,'1179335',1629,,2365,9,,,0
140029,'1179461',1729,,2366,9,,,0
140029,'1179478',1529,,2367,9,,,0
140029,'1179522',1229,,2368,9,,,0
140029,'1179651',929,,2369,9,,,0
140029,'1179802',1529,,2370,8,,,0
140029,'1179837',1329,,2371,8,,,0
140029,'1179865',1729,,2372,8,,,0
140029,'1179930',1229,,2373,8,,,0
140029,'1179947',1629,,2374,8,,,0
140029,'1179984',1429,,2375,8,,,0
140029,'1180047',929,,2376,8,,,0
140029,'1180060',1029,,2377,8,,,0
140029,'1180076',1129,,2378,8,,,0
190015019,'1178937',1119,,2942,8,,,0
190015019,'1178938',2249,,2943,8,0,12,0
190015019,'1178958',949,,2944,8,,,0
190015019,'1179073',1319,,2945,8,,,0
190015019,'1179089',1149,,2947,8,,,0
190015019,'1179095',1649,,2948,8,,,0
190015019,'1179152',919,,2949,8,,,0
190015019,'1179165',2149,,2950,8,0,12,0
190015019,'1179170',749,,2951,8,,,0
190015019,'1179226',1749,,2952,8,,,0
190015019,'1179241',1819,,2953,8,0,12,0
190015019,'1179329',1619,,2954,8,,,0
190015019,'1179378',1949,,2955,8,,,0
190015019,'1179382',1719,,2956,8,,,0
190015019,'1179414',1449,,2957,8,,,0
190015019,'1179456',1519,,2958,8,,,0
190015019,'1179465',1549,,2959,8,,,0
190015019,'1179480',1249,,2960,8,,,0
190015019,'1179489',1219,,2961,8,,,0
190015019,'1179491',1049,,2962,8,,,0
190015019,'1179501',1019,,2963,8,,,0
190015019,'1179560',2049,,2964,8,,,0
190015019,'1179563',1349,,2965,8,,,0
190015019,'1179576',1849,,2966,8,,,0
190015019,'1179602',819,,2967,8,,,0
190015019,'1179633',719,,2968,8,,,0
190015019,'1179652',849,,2970,8,,,0
190015019,'1179679',1419,,2971,8,,,0
190015019,'1179716',649,,2972,8,,,0
190015019,'1179791',2049,,2973,8,,,0
190015019,'1179793',649,,2974,8,,,0
190015019,'1179804',649,,2975,8,,,0
190015019,'1179812',1049,,2976,8,,,0
190015019,'1179819',749,,2977,8,,,0
190015019,'1179825',1149,,2978,8,,,0
190015019,'1179846',2149,,2979,8,0,12,0
190015019,'1179856',819,,2980,8,,,0
190015019,'1179872',749,,2981,8,,,0
190015019,'1179885',1619,,2982,8,,,0
190015019,'1179887',1349,,2983,8,,,0
190015019,'1179898',1449,,2984,8,,,0
190015019,'1179909',949,,2985,8,,,0
190015019,'1179919',1749,,2986,8,,,0
190015019,'1179920',849,,2987,8,,,0
190015019,'1179923',1419,,2988,8,,,0
190015019,'1179931',2049,,2989,8,,,0
190015019,'1179934',1819,,2990,8,0,12,0
190015019,'1179935',1649,,2991,8,,,0
190015019,'1179940',1119,,2992,8,,,0
190015019,'1179952',1149,,2993,8,,,0
190015019,'1179960',1249,,2994,8,,,0
190015019,'1179961',1449,,2995,8,,,0
190015019,'1179972',2249,,2996,8,0,12,0
190015019,'1179980',1019,,2997,8,,,0
190015019,'1179982',1719,,2998,8,,,0
190015019,'1179992',1519,,2999,8,,,0
190015019,'1179995',1049,,3000,8,,,0
190015019,'1179999',1219,,3001,8,,,0
190015019,'1180013',1849,,3002,8,,,0
190015019,'1180014',1949,,3003,8,,,0
190015019,'1180015',919,,3004,8,,,0
190015019,'1180016',1949,,3005,8,,,0
190015019,'1180021',2249,,3006,8,0,12,0
190015019,'1180026',1849,,3007,8,,,0
190015019,'1180029',949,,3008,8,,,0
190015019,'1180044',1549,,3009,8,,,0
190015019,'1180045',2149,,3010,8,0,12,0
190015019,'1180058',1319,,3011,8,,,0
190015019,'1180059',1649,,3012,8,,,0
190015019,'1180068',1749,,3013,8,,,0
190015019,'1180070',1549,,3014,8,,,0
190015019,'1180075',849,,3015,8,,,0
190015019,'1180077',1249,,3016,8,,,0
190015019,'1180080',719,,3017,8,,,0
190015019,'1180081',1349,,3018,8,,,0
