130019,'1179053',1738,,2334,20,,,0
130019,'1179067',1338,,2335,20,,,0
130019,'1179069',1038,,2336,20,,,0
130019,'1179093',1138,,2337,20,,,0
130019,'1179108',1238,,2338,20,,,0
130019,'1179294',1538,,2339,20,,,0
130019,'1179386',1638,,2340,20,,,0
130019,'1179541',938,,2341,20,,,0
130019,'1179675',1438,,2342,20,,,0
300019,'1180122',1010,,3099,21,0,23 24 2 26,0
300019,'1180123',1010,,3100,21,0,23 24 2 26,0
300019,'1180124',1610,,3101,21,0,23 24 2 26,0
300019,'1180127',740,,3104,21,0,23 24 2 26,0
300019,'1180128',1210,,3105,21,0,23 24 2 26,0
300019,'1180129',1810,,3106,21,0,23 24 2 26,0
300019,'1180135',1740,,3112,21,0,23 24 2 26,0
300019,'1180137',810,,3114,21,0,23 24 2 26,0
300019,'1180141',910,,3118,21,0,23 24 2 26,0
300019,'1180142',1510,,3119,21,0,23 24 2 26,0
300019,'1180144',2010,,3121,21,0,23 24 2 26,0
300019,'1180146',2010,,3123,21,0,23 24 2 26,0
300019,'1180147',2210,,3124,21,0,8 9 2 26,0
300019,'1180148',1610,,3125,21,0,23 24 2 26,0
300019,'1180149',1510,,3126,21,0,23 24 2 26,0
300019,'1180153',1110,,3130,21,0,23 24 2 26,0
300019,'1180154',1110,,3131,21,0,23 24 2 26,0
300019,'1180155',1410,,3132,21,0,23 24 2 26,0
300019,'1180157',2110,,3134,21,0,23 24 2 26,0
300019,'1180158',1840,,3135,21,0,8 9 2 26,0
300019,'1180160',1710,,3137,21,0,23 24 2 26,0
300019,'1180162',2210,,3139,21,0,8 9 2 26,0
300019,'1180163',1310,,3140,21,0,23 24 2 26,0
300019,'1180165',1410,,3142,21,0,23 24 2 26,0
300019,'1180170',940,,3147,21,0,23 24 2 26,0
300019,'1180171',810,,3148,21,0,23 24 2 26,0
300019,'1180172',1210,,3149,21,0,23 24 2 26,0
300019,'1180173',1910,,3150,21,0,23 24 2 26,0
300019,'1180174',1310,,3151,21,0,23 24 2 26,0
300019,'1180180',1640,,3157,21,0,23 24 2 26,0
300019,'1180184',1710,,3161,21,0,23 24 2 26,0
300019,'1180185',1810,,3162,21,0,23 24 2 26,0
300019,'1180186',840,,3163,21,0,23 24 2 26,0
300019,'1180187',1040,,3164,21,0,8 9 2 26,0
300019,'1180190',2110,,3167,21,0,23 24 2 26,0
300019,'1180192',1910,,3169,21,0,23 24 2 26,0
300019,'1180193',910,,3170,21,0,23 24 2 26,0
140012019,'1178913',1200,,2679,20,,,0
140012019,'1178923',1200,,2680,20,,,0
140012019,'1178934',1000,,2681,20,,,0
140012019,'1178935',800,,2682,20,,,0
140012019,'1178953',900,,2683,20,,,0
140012019,'1178981',700,,2684,20,,,0
140012019,'1178986',1430,,2685,20,,,0
140012019,'1179006',1330,,2686,20,,,0
140012019,'1179011',730,,2687,20,,,0
140012019,'1179015',1900,,2688,20,,,0
140012019,'1179046',900,,2689,20,,,0
140012019,'1179102',1600,,2690,20,,,0
140012019,'1179154',1400,,2691,20,,,0
140012019,'1179183',2000,,2692,20,,,0
140012019,'1179185',930,,2693,20,,,0
140012019,'1179216',2300,,2694,20,0,8 21,0
140012019,'1179230',1000,,2695,20,,,0
140012019,'1179233',1600,,2696,20,,,0
140012019,'1179236',800,,2697,20,,,0
140012019,'1179238',1500,,2698,20,,,0
140012019,'1179244',2100,,2699,20,,,0
140012019,'1179245',1900,,2700,20,,,0
140012019,'1179255',1830,,2702,20,0,8 21,0
140012019,'1179261',1100,,2703,20,,,0
140012019,'1179316',2000,,2704,20,,,0
140012019,'1179325',830,,2705,20,,,0
140012019,'1179348',1300,,2706,20,,,0
140012019,'1179359',1730,,2707,20,,,0
140012019,'1179372',2200,,2708,20,,,0
140012019,'1179387',1300,,2709,20,,,0
140012019,'1179399',1130,,2710,20,,,0
140012019,'1179425',2100,,2711,20,,,0
140012019,'1179444',1630,,2712,20,,,0
140012019,'1179495',1400,,2713,20,,,0
140012019,'1179499',1530,,2714,20,,,0
140012019,'1179510',1700,,2715,20,,,0
140012019,'1179511',2200,,2716,20,,,0
140012019,'1179526',1800,,2717,20,,,0
140012019,'1179556',1100,,2718,20,,,0
140012019,'1179567',1230,,2719,20,,,0
140012019,'1179578',2300,,2720,20,0,8 21,0
140012019,'1179644',1800,,2721,20,,,0
140012019,'1179693',1030,,2722,20,,,0
140012019,'1179704',1500,,2723,20,,,0
140012019,'1179715',1700,,2724,20,,,0
