120019,'1178966',1321,,2316,4,,,0
120019,'1178998',1521,,2317,4,,,0
120019,'1179031',1621,,2318,4,,,0
120019,'1179149',1421,,2319,4,,,0
120019,'1179182',1121,,2320,4,,,0
120019,'1179282',921,,2321,4,,,0
120019,'1179296',1721,,2322,4,,,0
120019,'1179596',1021,,2323,4,,,0
120019,'1179628',1221,,2324,4,,,0
190013019,'1178916',1612,,2896,4,,,0
190013019,'1178919',1942,,2897,4,,,0
190013019,'1178920',1112,,2898,4,,,0
190013019,'1178929',742,,2899,4,,,0
190013019,'1178930',1642,,2900,4,,,0
190013019,'1178972',1942,,2901,4,,,0
190013019,'1178983',1212,,2902,4,,,0
190013019,'1178994',2142,,2903,4,,,0
190013019,'1178997',1142,,2904,4,,,0
190013019,'1179048',1512,,2905,4,,,0
190013019,'1179062',1542,,2906,4,,,0
190013019,'1179074',1312,,2907,4,,,0
190013019,'1179087',1242,,2908,4,,,0
190013019,'1179104',1012,,2909,4,,,0
190013019,'1179171',1812,,2910,4,0,8 21,0
190013019,'1179187',842,,2911,4,,,0
190013019,'1179202',1042,,2912,4,,,0
190013019,'1179203',942,,2913,4,,,0
190013019,'1179212',1442,,2914,4,,,0
190013019,'1179219',1242,,2915,4,,,0
190013019,'1179243',742,,2916,4,,,0
190013019,'1179287',2142,,2917,4,,,0
190013019,'1179292',1042,,2918,4,,,0
190013019,'1179300',712,,2919,4,,,0
190013019,'1179373',942,,2921,4,,,0
190013019,'1179380',1342,,2922,4,,,0
190013019,'1179402',1342,,2923,4,,,0
190013019,'1179411',1412,,2924,4,,,0
190013019,'1179457',1842,,2925,4,,,0
190013019,'1179504',642,,2926,4,,,0
190013019,'1179507',912,,2927,4,,,0
190013019,'1179509',1142,,2928,4,,,0
190013019,'1179516',1542,,2929,4,,,0
190013019,'1179531',2042,,2930,4,,,0
190013019,'1179537',842,,2931,4,,,0
190013019,'1179539',1742,,2932,4,,,0
190013019,'1179546',642,,2933,4,,,0
190013019,'1179553',1842,,2934,4,,,0
190013019,'1179591',1642,,2936,4,,,0
190013019,'1179611',1712,,2937,4,,,0
190013019,'1179635',1442,,2938,4,,,0
190013019,'1179694',812,,2939,4,,,0
190013019,'1179701',2042,,2940,4,,,0
190013019,'1179717',1742,,2941,4,,,0
