120019,'1178966',1359,,2316,45,,,0
120019,'1178998',1559,,2317,45,,,0
120019,'1179031',1659,,2318,45,,,0
120019,'1179149',1459,,2319,45,,,0
120019,'1179182',1159,,2320,45,,,0
120019,'1179282',959,,2321,45,,,0
120019,'1179296',1812,,2322,45,,,0
120019,'1179596',1059,,2323,45,,,0
120019,'1179628',1259,,2324,45,,,0
140016019,'1178912',1733,,2772,46,,,0
140016019,'1178941',833,,2773,46,,,0
140016019,'1179005',633,,2774,3,,,0
140016019,'1179063',733,,2776,26,,,0
140016019,'1179077',1803,,2777,46,,,0
140016019,'1179112',1933,,2778,46,,,0
140016019,'1179129',1233,,2779,46,,,0
140016019,'1179191',933,,2780,46,,,0
140016019,'1179225',703,,2781,3,,,0
140016019,'1179256',903,,2783,46,,,0
140016019,'1179286',606,,2784,3,,,0
140016019,'1179299',2233,,2785,46,,,0
140016019,'1179304',1333,,2786,46,,,0
140016019,'1179312',1633,,2787,46,,,0
140016019,'1179318',1833,,2788,46,,,0
140016019,'1179330',2033,,2789,46,,,0
140016019,'1179333',1433,,2790,46,,,0
140016019,'1179357',1133,,2792,46,,,0
140016019,'1179371',1533,,2793,46,,,0
140016019,'1179389',1703,,2794,46,,,0
140016019,'1179440',633,,2795,3,,,0
140016019,'1179517',1603,,2797,46,,,0
140016019,'1179536',803,,2798,46,,,0
140016019,'1179538',733,,2799,46,,,0
140016019,'1179601',2133,,2802,46,,,0
140016019,'1179663',1033,,2803,46,,,0
140016019,'1179792',933,,2805,46,,,0
140016019,'1179800',1733,,2806,46,,,0
140016019,'1179808',1933,,2807,46,,,0
140016019,'1179822',1603,,2808,46,,,0
140016019,'1179827',903,,2809,46,,,0
140016019,'1179831',1633,,2810,46,,,0
140016019,'1179835',2233,,2811,46,,,0
140016019,'1179868',1703,,2815,46,,,0
140016019,'1179875',1133,,2816,46,,,0
140016019,'1179886',1433,,2818,46,,,0
140016019,'1179907',1733,,2821,46,,,0
140016019,'1179913',1803,,2822,46,,,0
140016019,'1179926',1333,,2823,46,,,0
140016019,'1179938',1533,,2824,46,,,0
140016019,'1179943',2133,,2825,46,,,0
140016019,'1179945',833,,2826,46,,,0
140016019,'1179958',1433,,2827,46,,,0
140016019,'1179963',1833,,2828,46,,,0
140016019,'1179974',1033,,2829,46,,,0
140016019,'1179976',733,,2830,46,,,0
140016019,'1179989',933,,2831,46,,,0
140016019,'1179991',1533,,2832,46,,,0
140016019,'1179997',1633,,2833,46,,,0
140016019,'1180006',1033,,2834,46,,,0
140016019,'1180012',1933,,2835,46,,,0
140016019,'1180018',1133,,2836,46,,,0
140016019,'1180019',2233,,2837,46,,,0
140016019,'1180020',2033,,2838,46,,,0
140016019,'1180023',1333,,2839,46,,,0
140016019,'1180024',803,,2840,46,,,0
140016019,'1180028',833,,2841,46,,,0
140016019,'1180031',2033,,2842,46,,,0
140016019,'1180048',2133,,2843,46,,,0
140016019,'1180057',1833,,2844,46,,,0
140016019,'1180072',1233,,2846,46,,,0
140016019,'1180078',1233,,2847,46,,,0
