120029,'1179032',1528,,2325,20,,,0
120029,'1179055',1328,,2326,20,,,0
120029,'1179056',1628,,2327,20,,,0
120029,'1179099',1728,,2328,20,,,0
120029,'1179153',928,,2329,20,,,0
120029,'1179222',1428,,2330,20,,,0
120029,'1179429',1128,,2331,20,,,0
120029,'1179447',1028,,2332,20,,,0
120029,'1179575',1228,,2333,20,,,0
190017019,'1178932',924,,3019,21,,,0
190017019,'1179000',2154,,3021,21,0,8 21,0
190017019,'1179014',1824,,3022,21,0,8 21,0
190017019,'1179016',624,,3023,21,,,0
190017019,'1179092',654,,3025,21,,,0
190017019,'1179151',1854,,3026,21,,,0
190017019,'1179161',1724,,3027,21,,,0
190017019,'1179277',824,,3028,21,,,0
190017019,'1179427',1254,,3032,21,,,0
190017019,'1179455',1354,,3033,21,,,0
190017019,'1179519',1754,,3035,21,,,0
190017019,'1179529',2254,,3036,21,0,8 21,0
190017019,'1179533',724,,3037,21,,,0
190017019,'1179573',1154,,3039,21,,,0
190017019,'1179579',1054,,3040,21,,,0
190017019,'1179599',2054,,3041,21,,,0
190017019,'1179610',1954,,3042,21,,,0
190017019,'1179626',1624,,3043,21,,,0
190017019,'1179667',754,,3044,21,,,0
190017019,'1179680',1554,,3045,21,,,0
190017019,'1179683',854,,3046,21,,,0
190017019,'1179686',1454,,3047,21,,,0
190017019,'1179699',954,,3048,21,,,0
190017019,'1179710',1654,,3049,21,,,0
190017019,'1179790',1154,,3050,20,,,0
190017019,'1179796',1354,,3051,20,,,0
190017019,'1179813',2254,,3052,20,0,8 21,0
190017019,'1179821',1454,,3053,20,,,0
190017019,'1179824',624,,3054,20,,,0
190017019,'1179832',1054,,3055,20,,,0
190017019,'1179843',854,,3056,20,,,0
190017019,'1179845',2054,,3057,20,,,0
190017019,'1179847',2154,,3058,20,0,8 21,0
190017019,'1179859',1654,,3060,20,,,0
190017019,'1179863',954,,3061,20,,,0
190017019,'1179870',824,,3062,20,,,0
190017019,'1179874',1254,,3063,20,,,0
190017019,'1179876',1854,,3064,20,,,0
190017019,'1179884',1624,,3065,20,,,0
190017019,'1179891',1554,,3066,20,,,0
190017019,'1179895',1824,,3067,20,0,8 21,0
190017019,'1179896',754,,3068,20,,,0
190017019,'1179899',1554,,3069,20,,,0
190017019,'1179905',654,,3070,20,,,0
190017019,'1179912',2054,,3071,20,,,0
190017019,'1179917',1754,,3072,20,,,0
190017019,'1179922',1354,,3073,20,,,0
190017019,'1179924',1454,,3074,20,,,0
190017019,'1179953',2154,,3078,20,0,8 21,0
190017019,'1179955',854,,3079,20,,,0
190017019,'1179971',1254,,3080,20,,,0
190017019,'1179977',1854,,3081,20,,,0
190017019,'1179978',1054,,3082,20,,,0
190017019,'1179979',1724,,3083,20,,,0
190017019,'1179986',754,,3084,20,,,0
190017019,'1179987',954,,3085,20,,,0
190017019,'1179994',1654,,3086,20,,,0
190017019,'1180001',924,,3087,20,,,0
190017019,'1180005',654,,3089,20,,,0
190017019,'1180041',2254,,3091,20,0,8 21,0
190017019,'1180050',1954,,3092,20,,,0
190017019,'1180055',1154,,3093,20,,,0
190017019,'1180056',1754,,3094,20,,,0
190017019,'1180065',1954,,3095,20,,,0
190017019,'1180069',724,,3096,20,,,0
