140012019,'1178913',1231,,2679,46,,,0
140012019,'1178923',1231,,2680,46,,,0
140012019,'1178934',1031,,2681,46,,,0
140012019,'1178935',831,,2682,46,,,0
140012019,'1178953',931,,2683,46,,,0
140012019,'1178981',731,,2684,46,,,0
140012019,'1178986',1501,,2685,46,,,0
140012019,'1179006',1401,,2686,46,,,0
140012019,'1179011',801,,2687,46,,,0
140012019,'1179015',1931,,2688,46,,,0
140012019,'1179046',931,,2689,46,,,0
140012019,'1179102',1631,,2690,46,,,0
140012019,'1179154',1431,,2691,46,,,0
140012019,'1179183',2031,,2692,46,,,0
140012019,'1179185',1001,,2693,46,,,0
140012019,'1179230',1031,,2695,46,,,0
140012019,'1179233',1631,,2696,46,,,0
140012019,'1179236',831,,2697,46,,,0
140012019,'1179238',1531,,2698,46,,,0
140012019,'1179244',2131,,2699,46,,,0
140012019,'1179245',1931,,2700,46,,,0
140012019,'1179250',731,,2701,24,,,0
140012019,'1179261',1131,,2703,46,,,0
140012019,'1179316',2031,,2704,46,,,0
140012019,'1179325',901,,2705,46,,,0
140012019,'1179348',1331,,2706,46,,,0
140012019,'1179359',1801,,2707,46,,,0
140012019,'1179372',2231,,2708,46,,,0
140012019,'1179387',1331,,2709,46,,,0
140012019,'1179399',1201,,2710,46,,,0
140012019,'1179425',2131,,2711,46,,,0
140012019,'1179444',1701,,2712,46,,,0
140012019,'1179495',1431,,2713,46,,,0
140012019,'1179499',1601,,2714,46,,,0
140012019,'1179510',1731,,2715,46,,,0
140012019,'1179511',2231,,2716,46,,,0
140012019,'1179526',1831,,2717,46,,,0
140012019,'1179556',1131,,2718,46,,,0
140012019,'1179567',1301,,2719,46,,,0
140012019,'1179644',1831,,2721,46,,,0
140012019,'1179693',1101,,2722,46,,,0
140012019,'1179704',1531,,2723,46,,,0
140012019,'1179715',1731,,2724,46,,,0
