140019,'1178969',1326,,2352,17,,,0
140019,'1178977',1526,,2353,17,,,0
140019,'1179164',1626,,2354,17,,,0
140019,'1179344',1426,,2355,17,,,0
140019,'1179352',926,,2356,17,,,0
140019,'1179462',1226,,2357,17,,,0
140019,'1179512',1126,,2358,17,,,0
140019,'1179518',1026,,2359,17,,,0
140019,'1179634',1726,,2360,17,,,0
190013019,'1178916',1625,,2896,21,,,0
190013019,'1178919',1955,,2897,21,,,0
190013019,'1178920',1125,,2898,21,,,0
190013019,'1178929',755,,2899,21,,,0
190013019,'1178930',1655,,2900,21,,,0
190013019,'1178972',1955,,2901,21,,,0
190013019,'1178983',1225,,2902,21,,,0
190013019,'1178994',2155,,2903,21,,,0
190013019,'1178997',1155,,2904,21,,,0
190013019,'1179048',1525,,2905,21,,,0
190013019,'1179062',1555,,2906,21,,,0
190013019,'1179074',1325,,2907,21,,,0
190013019,'1179087',1255,,2908,21,,,0
190013019,'1179104',1025,,2909,21,,,0
190013019,'1179171',1825,,2910,21,0,8 21,0
190013019,'1179187',855,,2911,21,,,0
190013019,'1179202',1055,,2912,21,,,0
190013019,'1179203',955,,2913,21,,,0
190013019,'1179212',1455,,2914,21,,,0
190013019,'1179219',1255,,2915,21,,,0
190013019,'1179243',755,,2916,21,,,0
190013019,'1179287',2155,,2917,21,,,0
190013019,'1179292',1055,,2918,21,,,0
190013019,'1179300',725,,2919,21,,,0
190013019,'1179373',955,,2921,21,,,0
190013019,'1179380',1355,,2922,21,,,0
190013019,'1179402',1355,,2923,21,,,0
190013019,'1179411',1425,,2924,21,,,0
190013019,'1179457',1855,,2925,21,,,0
190013019,'1179504',655,,2926,21,,,0
190013019,'1179507',925,,2927,21,,,0
190013019,'1179509',1155,,2928,21,,,0
190013019,'1179516',1555,,2929,21,,,0
190013019,'1179531',2055,,2930,21,,,0
190013019,'1179537',855,,2931,21,,,0
190013019,'1179539',1755,,2932,21,,,0
190013019,'1179546',655,,2933,21,,,0
190013019,'1179553',1855,,2934,21,,,0
190013019,'1179591',1655,,2936,21,,,0
190013019,'1179611',1725,,2937,21,,,0
190013019,'1179635',1455,,2938,21,,,0
190013019,'1179694',825,,2939,21,,,0
190013019,'1179701',2055,,2940,21,,,0
190013019,'1179717',1755,,2941,21,,,0
