130019,'1179053',1736,,2334,18,,,0
130019,'1179067',1336,,2335,18,,,0
130019,'1179069',1036,,2336,18,,,0
130019,'1179093',1136,,2337,18,,,0
130019,'1179108',1236,,2338,18,,,0
130019,'1179294',1536,,2339,18,,,0
130019,'1179386',1636,,2340,18,,,0
130019,'1179541',936,,2341,18,,,0
130019,'1179675',1436,,2342,18,,,0
140012019,'1178913',1157,,2679,18,,,0
140012019,'1178923',1157,,2680,18,,,0
140012019,'1178934',957,,2681,18,,,0
140012019,'1178935',757,,2682,18,,,0
140012019,'1178953',857,,2683,18,,,0
140012019,'1178981',657,,2684,18,,,0
140012019,'1178986',1427,,2685,18,,,0
140012019,'1179006',1327,,2686,18,,,0
140012019,'1179011',727,,2687,18,,,0
140012019,'1179015',1857,,2688,18,,,0
140012019,'1179046',857,,2689,18,,,0
140012019,'1179102',1557,,2690,18,,,0
140012019,'1179154',1357,,2691,18,,,0
140012019,'1179183',1957,,2692,18,,,0
140012019,'1179185',927,,2693,18,,,0
140012019,'1179216',2257,,2694,18,0,8 21,0
140012019,'1179230',957,,2695,18,,,0
140012019,'1179233',1557,,2696,18,,,0
140012019,'1179236',757,,2697,18,,,0
140012019,'1179238',1457,,2698,18,,,0
140012019,'1179244',2057,,2699,18,,,0
140012019,'1179245',1857,,2700,18,,,0
140012019,'1179255',1827,,2702,18,0,8 21,0
140012019,'1179261',1057,,2703,18,,,0
140012019,'1179316',1957,,2704,18,,,0
140012019,'1179325',827,,2705,18,,,0
140012019,'1179348',1257,,2706,18,,,0
140012019,'1179359',1727,,2707,18,,,0
140012019,'1179372',2157,,2708,18,,,0
140012019,'1179387',1257,,2709,18,,,0
140012019,'1179399',1127,,2710,18,,,0
140012019,'1179425',2057,,2711,18,,,0
140012019,'1179444',1627,,2712,18,,,0
140012019,'1179495',1357,,2713,18,,,0
140012019,'1179499',1527,,2714,18,,,0
140012019,'1179510',1657,,2715,18,,,0
140012019,'1179511',2157,,2716,18,,,0
140012019,'1179526',1757,,2717,18,,,0
140012019,'1179556',1057,,2718,18,,,0
140012019,'1179567',1227,,2719,18,,,0
140012019,'1179578',2257,,2720,18,0,8 21,0
140012019,'1179644',1757,,2721,18,,,0
140012019,'1179693',1027,,2722,18,,,0
140012019,'1179704',1457,,2723,18,,,0
140012019,'1179715',1657,,2724,18,,,0
