130019,'1179053',1735,,2334,17,,,0
130019,'1179067',1335,,2335,17,,,0
130019,'1179069',1035,,2336,17,,,0
130019,'1179093',1135,,2337,17,,,0
130019,'1179108',1235,,2338,17,,,0
130019,'1179294',1535,,2339,17,,,0
130019,'1179386',1635,,2340,17,,,0
130019,'1179541',935,,2341,17,,,0
130019,'1179675',1435,,2342,17,,,0
140012019,'1178913',1156,,2679,17,,,0
140012019,'1178923',1156,,2680,17,,,0
140012019,'1178934',956,,2681,17,,,0
140012019,'1178935',756,,2682,17,,,0
140012019,'1178953',856,,2683,17,,,0
140012019,'1178981',656,,2684,17,,,0
140012019,'1178986',1426,,2685,17,,,0
140012019,'1179006',1326,,2686,17,,,0
140012019,'1179011',726,,2687,17,,,0
140012019,'1179015',1856,,2688,17,,,0
140012019,'1179046',856,,2689,17,,,0
140012019,'1179102',1556,,2690,17,,,0
140012019,'1179154',1356,,2691,17,,,0
140012019,'1179183',1956,,2692,17,,,0
140012019,'1179185',926,,2693,17,,,0
140012019,'1179216',2256,,2694,17,0,8 21,0
140012019,'1179230',956,,2695,17,,,0
140012019,'1179233',1556,,2696,17,,,0
140012019,'1179236',756,,2697,17,,,0
140012019,'1179238',1456,,2698,17,,,0
140012019,'1179244',2056,,2699,17,,,0
140012019,'1179245',1856,,2700,17,,,0
140012019,'1179255',1826,,2702,17,0,8 21,0
140012019,'1179261',1056,,2703,17,,,0
140012019,'1179316',1956,,2704,17,,,0
140012019,'1179325',826,,2705,17,,,0
140012019,'1179348',1256,,2706,17,,,0
140012019,'1179359',1726,,2707,17,,,0
140012019,'1179372',2156,,2708,17,,,0
140012019,'1179387',1256,,2709,17,,,0
140012019,'1179399',1126,,2710,17,,,0
140012019,'1179425',2056,,2711,17,,,0
140012019,'1179444',1626,,2712,17,,,0
140012019,'1179495',1356,,2713,17,,,0
140012019,'1179499',1526,,2714,17,,,0
140012019,'1179510',1656,,2715,17,,,0
140012019,'1179511',2156,,2716,17,,,0
140012019,'1179526',1756,,2717,17,,,0
140012019,'1179556',1056,,2718,17,,,0
140012019,'1179567',1226,,2719,17,,,0
140012019,'1179578',2256,,2720,17,0,8 21,0
140012019,'1179644',1756,,2721,17,,,0
140012019,'1179693',1026,,2722,17,,,0
140012019,'1179704',1456,,2723,17,,,0
140012019,'1179715',1656,,2724,17,,,0
