150019,'1178942',1738,,2379,4,,,0
150019,'1178956',1338,,2380,4,,,0
150019,'1178976',1638,,2381,4,,,0
150019,'1179117',1238,,2382,4,,,0
150019,'1179150',1538,,2383,4,,,0
150019,'1179341',938,,2384,4,,,0
150019,'1179473',1138,,2385,4,,,0
150019,'1179559',1438,,2386,4,,,0
150019,'1179673',1038,,2387,4,,,0
140014019,'1178954',1555,,2725,14,,,0
140014019,'1178955',1125,,2726,14,,,0
140014019,'1178974',955,,2727,14,,,0
140014019,'1179007',1755,,2728,14,,,0
140014019,'1179027',1455,,2729,14,,,0
140014019,'1179052',755,,2730,14,,,0
140014019,'1179079',725,,2731,14,,,0
140014019,'1179080',1455,,2732,14,,,0
140014019,'1179082',825,,2733,14,,,0
140014019,'1179084',655,,2734,14,,,0
140014019,'1179111',2155,,2735,14,,,0
140014019,'1179143',755,,2736,14,,,0
140014019,'1179200',1225,,2737,14,,,0
140014019,'1179207',1725,,2738,14,,,0
140014019,'1179221',1355,,2739,14,,,0
140014019,'1179271',1155,,2740,14,,,0
140014019,'1179298',1655,,2741,14,,,0
140014019,'1179320',1425,,2742,14,,,0
140014019,'1179323',955,,2743,14,,,0
140014019,'1179350',855,,2745,14,,,0
140014019,'1179353',1755,,2746,14,,,0
140014019,'1179366',1955,,2747,14,,,0
140014019,'1179392',1555,,2748,14,,,0
140014019,'1179403',1855,,2749,14,,,0
140014019,'1179433',1355,,2751,14,,,0
140014019,'1179443',925,,2752,14,,,0
140014019,'1179446',1155,,2753,14,,,0
140014019,'1179449',1025,,2754,14,,,0
140014019,'1179493',1055,,2755,14,,,0
140014019,'1179524',1655,,2757,14,,,0
140014019,'1179535',1325,,2758,14,,,0
140014019,'1179547',1255,,2759,14,,,0
140014019,'1179557',1825,,2761,14,0,8 21,0
140014019,'1179561',1525,,2762,14,,,0
140014019,'1179577',1255,,2763,14,,,0
140014019,'1179598',2055,,2764,14,,,0
140014019,'1179600',2155,,2765,14,,,0
140014019,'1179608',1855,,2766,14,,,0
140014019,'1179636',1625,,2767,14,,,0
140014019,'1179638',855,,2768,14,,,0
140014019,'1179648',1955,,2769,14,,,0
140014019,'1179654',2055,,2770,14,,,0
140014019,'1179662',1055,,2771,14,,,0
