190013019,'1175728',859,,1978,50,,,0
190013019,'1175734',1529,,1979,50,,,0
190013019,'1175770',2029,,1980,50,,,0
190013019,'1175816',1829,,1982,50,,,0
190013019,'1175833',1729,,1983,50,,,0
190013019,'1175860',1359,,1984,50,,,0
190013019,'1175862',1129,,1985,50,,,0
190013019,'1175891',1159,,1986,50,,,0
190013019,'1175892',959,,1987,50,,,0
190013019,'1175985',659,,1988,18,,,0
190013019,'1175994',929,,1989,50,,,0
190013019,'1176023',829,,1990,50,,,0
190013019,'1176034',1129,,1991,50,,,0
190013019,'1176044',1429,,1992,50,,,0
190013019,'1176064',1059,,1993,50,,,0
190013019,'1176125',1729,,1994,50,,,0
190013019,'1176139',1229,,1995,50,,,0
190013019,'1176167',2229,,1996,50,,,0
190013019,'1176182',1329,,1997,50,,,0
190013019,'1176185',759,,1998,50,,,0
190013019,'1176187',1329,,1999,50,,,0
190013019,'1176196',1229,,2000,50,,,0
190013019,'1176261',1029,,2001,50,,,0
190013019,'1176277',2129,,2002,50,,,0
190013019,'1176318',1429,,2003,50,,,0
190013019,'1176331',2029,,2004,50,,,0
190013019,'1176338',1929,,2005,50,,,0
190013019,'1176348',1559,,2006,50,,,0
190013019,'1176367',1629,,2007,50,,,0
190013019,'1176387',2229,,2008,50,,,0
190013019,'1176389',829,,2009,50,,,0
190013019,'1176392',729,,2010,50,,,0
190013019,'1176394',1629,,2011,50,,,0
190013019,'1176446',1829,,2012,50,,,0
190013019,'1176462',2129,,2013,50,,,0
190013019,'1176473',1929,,2014,50,,,0
190013019,'1176527',1029,,2015,50,,,0
190013019,'1176539',1659,,2016,50,,,0
190013019,'1176543',1459,,2017,50,,,0
190013019,'1176550',629,,2018,18,,,0
190013019,'1176567',929,,2019,50,,,0
190013019,'1176597',1529,,2020,50,,,0
190013019,'1176614',1259,,2021,50,,,0
190013019,'1176638',1759,,2022,50,,,0
190013019,'1176660',729,,2023,50,,,0
