140016019,'1178912',1646,,2772,2,,,0
140016019,'1178941',746,,2773,2,,,0
140016019,'1179017',1216,,2775,2,0,8 21,0
140016019,'1179077',1716,,2777,2,,,0
140016019,'1179112',1846,,2778,2,,,0
140016019,'1179129',1146,,2779,2,,,0
140016019,'1179191',846,,2780,2,,,0
140016019,'1179254',1116,,2782,2,0,8 21,0
140016019,'1179256',816,,2783,2,,,0
140016019,'1179299',2146,,2785,2,,,0
140016019,'1179304',1246,,2786,2,,,0
140016019,'1179312',1546,,2787,2,,,0
140016019,'1179318',1746,,2788,2,,,0
140016019,'1179330',1946,,2789,2,,,0
140016019,'1179333',1346,,2790,2,,,0
140016019,'1179351',916,,2791,2,0,8 21,0
140016019,'1179357',1046,,2792,2,,,0
140016019,'1179371',1446,,2793,2,,,0
140016019,'1179389',1616,,2794,2,,,0
140016019,'1179503',1416,,2796,2,0,8 21,0
140016019,'1179517',1516,,2797,2,,,0
140016019,'1179536',716,,2798,2,,,0
140016019,'1179538',646,,2799,2,,,0
140016019,'1179562',1316,,2800,2,0,8 21,0
140016019,'1179569',1816,,2801,2,0,8 21,0
140016019,'1179601',2046,,2802,2,,,0
140016019,'1179663',946,,2803,2,,,0
140016019,'1179681',1016,,2804,2,0,8 21,0
140016019,'1179792',846,,2805,2,,,0
140016019,'1179800',1646,,2806,2,,,0
140016019,'1179808',1846,,2807,2,,,0
140016019,'1179822',1516,,2808,2,,,0
140016019,'1179827',816,,2809,2,,,0
140016019,'1179831',1546,,2810,2,,,0
140016019,'1179835',2146,,2811,2,,,0
140016019,'1179839',1316,,2812,2,0,8 21,0
140016019,'1179842',1116,,2813,2,0,8 21,0
140016019,'1179862',916,,2814,2,0,8 21,0
140016019,'1179868',1616,,2815,2,,,0
140016019,'1179875',1046,,2816,2,,,0
140016019,'1179881',1816,,2817,2,0,8 21,0
140016019,'1179886',1346,,2818,2,,,0
140016019,'1179897',1016,,2819,2,0,8 21,0
140016019,'1179904',1216,,2820,2,0,8 21,0
140016019,'1179907',1646,,2821,2,,,0
140016019,'1179913',1716,,2822,2,,,0
140016019,'1179926',1246,,2823,2,,,0
140016019,'1179938',1446,,2824,2,,,0
140016019,'1179943',2046,,2825,2,,,0
140016019,'1179945',746,,2826,2,,,0
140016019,'1179958',1346,,2827,2,,,0
140016019,'1179963',1746,,2828,2,,,0
140016019,'1179974',946,,2829,2,,,0
140016019,'1179976',646,,2830,2,,,0
140016019,'1179989',846,,2831,2,,,0
140016019,'1179991',1446,,2832,2,,,0
140016019,'1179997',1546,,2833,2,,,0
140016019,'1180006',946,,2834,2,,,0
140016019,'1180012',1846,,2835,2,,,0
140016019,'1180018',1046,,2836,2,,,0
140016019,'1180019',2146,,2837,2,,,0
140016019,'1180020',1946,,2838,2,,,0
140016019,'1180023',1246,,2839,2,,,0
140016019,'1180024',716,,2840,2,,,0
140016019,'1180028',746,,2841,2,,,0
140016019,'1180031',1946,,2842,2,,,0
140016019,'1180048',2046,,2843,2,,,0
140016019,'1180057',1746,,2844,2,,,0
140016019,'1180062',1416,,2845,2,0,8 21,0
140016019,'1180072',1146,,2846,2,,,0
140016019,'1180078',1146,,2847,2,,,0
