200019,'1179038',1512,,2433,30,,,0
200019,'1179081',1712,,2434,30,,,0
200019,'1179174',1012,,2435,30,,,0
200019,'1179259',1212,,2436,30,,,0
200019,'1179289',1612,,2437,30,,,0
200019,'1179460',1804,,2438,30,,,0
200019,'1179585',1112,,2439,30,,,0
200019,'1179594',1412,,2440,30,,,0
200019,'1179655',1312,,2441,30,,,0
200019,'1179798',1412,,2442,30,,,0
200019,'1179810',1612,,2443,30,,,0
200019,'1179901',1212,,2444,30,,,0
200019,'1179903',1804,,2445,30,,,0
200019,'1179911',1512,,2446,30,,,0
200019,'1179939',1112,,2447,30,,,0
200019,'1179968',1712,,2448,30,,,0
200019,'1179973',1012,,2449,30,,,0
200019,'1180054',1312,,2450,30,,,0
190015019,'1178937',1126,,2942,17,,,0
190015019,'1178938',2256,,2943,17,0,12,0
190015019,'1178958',956,,2944,17,,,0
190015019,'1179073',1326,,2945,17,,,0
190015019,'1179089',1156,,2947,17,,,0
190015019,'1179095',1656,,2948,17,,,0
190015019,'1179152',926,,2949,17,,,0
190015019,'1179165',2156,,2950,17,0,12,0
190015019,'1179170',756,,2951,17,,,0
190015019,'1179226',1756,,2952,17,,,0
190015019,'1179241',1826,,2953,17,0,12,0
190015019,'1179329',1626,,2954,17,,,0
190015019,'1179378',1956,,2955,17,,,0
190015019,'1179382',1726,,2956,17,,,0
190015019,'1179414',1456,,2957,17,,,0
190015019,'1179456',1526,,2958,17,,,0
190015019,'1179465',1556,,2959,17,,,0
190015019,'1179480',1256,,2960,17,,,0
190015019,'1179489',1226,,2961,17,,,0
190015019,'1179491',1056,,2962,17,,,0
190015019,'1179501',1026,,2963,17,,,0
190015019,'1179560',2056,,2964,17,,,0
190015019,'1179563',1356,,2965,17,,,0
190015019,'1179576',1856,,2966,17,,,0
190015019,'1179602',826,,2967,17,,,0
190015019,'1179633',726,,2968,17,,,0
190015019,'1179652',856,,2970,17,,,0
190015019,'1179679',1426,,2971,17,,,0
190015019,'1179716',656,,2972,17,,,0
190015019,'1179791',2056,,2973,17,,,0
190015019,'1179793',656,,2974,17,,,0
190015019,'1179804',656,,2975,17,,,0
190015019,'1179812',1056,,2976,17,,,0
190015019,'1179819',756,,2977,17,,,0
190015019,'1179825',1156,,2978,17,,,0
190015019,'1179846',2156,,2979,17,0,12,0
190015019,'1179856',826,,2980,17,,,0
190015019,'1179872',756,,2981,17,,,0
190015019,'1179885',1626,,2982,17,,,0
190015019,'1179887',1356,,2983,17,,,0
190015019,'1179898',1456,,2984,17,,,0
190015019,'1179909',956,,2985,17,,,0
190015019,'1179919',1756,,2986,17,,,0
190015019,'1179920',856,,2987,17,,,0
190015019,'1179923',1426,,2988,17,,,0
190015019,'1179931',2056,,2989,17,,,0
190015019,'1179934',1826,,2990,17,0,12,0
190015019,'1179935',1656,,2991,17,,,0
190015019,'1179940',1126,,2992,17,,,0
190015019,'1179952',1156,,2993,17,,,0
190015019,'1179960',1256,,2994,17,,,0
190015019,'1179961',1456,,2995,17,,,0
190015019,'1179972',2256,,2996,17,0,12,0
190015019,'1179980',1026,,2997,17,,,0
190015019,'1179982',1726,,2998,17,,,0
190015019,'1179992',1526,,2999,17,,,0
190015019,'1179995',1056,,3000,17,,,0
190015019,'1179999',1226,,3001,17,,,0
190015019,'1180013',1856,,3002,17,,,0
190015019,'1180014',1956,,3003,17,,,0
190015019,'1180015',926,,3004,17,,,0
190015019,'1180016',1956,,3005,17,,,0
190015019,'1180021',2256,,3006,17,0,12,0
190015019,'1180026',1856,,3007,17,,,0
190015019,'1180029',956,,3008,17,,,0
190015019,'1180044',1556,,3009,17,,,0
190015019,'1180045',2156,,3010,17,0,12,0
190015019,'1180058',1326,,3011,17,,,0
190015019,'1180059',1656,,3012,17,,,0
190015019,'1180068',1756,,3013,17,,,0
190015019,'1180070',1556,,3014,17,,,0
190015019,'1180075',856,,3015,17,,,0
190015019,'1180077',1256,,3016,17,,,0
190015019,'1180080',726,,3017,17,,,0
190015019,'1180081',1356,,3018,17,,,0
