130029,'1178925',1512,,2343,25,,,0
130029,'1178989',1412,,2344,25,,,0
130029,'1179023',1612,,2345,25,,,0
130029,'1179120',1712,,2346,25,,,0
130029,'1179168',1312,,2347,25,,,0
130029,'1179423',912,,2348,25,,,0
130029,'1179469',1212,,2349,25,,,0
130029,'1179639',1012,,2350,25,,,0
130029,'1179657',1112,,2351,25,,,0
150029,'1178980',1129,,2388,36,,,0
150029,'1179059',929,,2389,36,,,0
150029,'1179210',1329,,2390,36,,,0
150029,'1179274',1729,,2391,36,,,0
150029,'1179311',1029,,2392,36,,,0
150029,'1179362',1629,,2393,36,,,0
150029,'1179450',1429,,2394,36,,,0
150029,'1179616',1229,,2395,36,,,0
150029,'1179674',1529,,2396,36,,,0
150029,'1179828',1029,,2397,35,,,0
150029,'1179915',1229,,2398,35,,,0
150029,'1179932',929,,2399,35,,,0
150029,'1179948',1529,,2400,35,,,0
150029,'1179983',1329,,2401,35,,,0
150029,'1180009',1129,,2402,35,,,0
150029,'1180017',1729,,2403,35,,,0
150029,'1180040',1629,,2404,35,,,0
150029,'1180079',1429,,2405,35,,,0
300019,'1178915',1010,,2507,19,0,23 24 2 25,0
300019,'1178999',740,,2511,19,0,23 24 2 25,0
300019,'1179042',810,,2514,19,0,23 24 2 25,0
300019,'1179211',1740,,2522,19,0,23 24 2 25,0
300019,'1179220',1040,,2523,19,0,23 24 2 25,0
300019,'1179258',1840,,2524,19,0,23 24 2 25,0
300019,'1179264',1340,,2525,19,0,23 24 2 25,0
300019,'1179349',1540,,2530,19,0,23 24 2 25,0
300019,'1179356',1640,,2531,19,0,23 24 2 25,0
300019,'1179360',2140,,2532,19,0,23 24 2 25,0
300019,'1179405',1240,,2537,19,0,23 24 2 25,0
300019,'1179409',1610,,2538,19,0,23 24 2 25,0
300019,'1179463',940,,2541,19,0,23 24 2 25,0
300019,'1179467',840,,2542,19,0,23 24 2 25,0
300019,'1179470',1140,,2543,19,0,23 24 2 25,0
300019,'1179580',1940,,2547,19,0,23 24 2 25,0
300019,'1179597',910,,2550,19,0,23 24 2 25,0
300019,'1179607',710,,2551,18,0,23 24 2 25,0
300019,'1179614',1440,,2552,19,0,23 24 2 25,0
300019,'1179617',1810,,2553,19,0,23 24 2 25,0
300019,'1179624',1710,,2555,19,0,23 24 2 25,0
300019,'1179643',2040,,2557,19,0,23 24 2 25,0
300019,'1179789',710,,2559,18,0,23 24 2 25,0
300019,'1179794',1940,,2560,19,0,23 24 2 25,0
300019,'1179795',1040,,2561,19,0,23 24 2 25,0
300019,'1179797',1740,,2562,19,0,23 24 2 25,0
300019,'1179805',940,,2565,19,0,23 24 2 25,0
300019,'1179809',1140,,2566,19,0,23 24 2 25,0
300019,'1179830',840,,2568,19,0,23 24 2 25,0
300019,'1179844',1740,,2573,19,0,23 24 2 25,0
300019,'1179848',2040,,2574,19,0,23 24 2 25,0
300019,'1179851',2040,,2576,19,0,23 24 2 25,0
300019,'1179853',1240,,2578,19,0,23 24 2 25,0
300019,'1179857',1810,,2580,19,0,23 24 2 25,0
300019,'1179864',1440,,2582,19,0,23 24 2 25,0
300019,'1179878',1840,,2585,19,0,23 24 2 25,0
300019,'1179880',940,,2586,19,0,23 24 2 25,0
300019,'1179883',1940,,2588,19,0,23 24 2 25,0
300019,'1179889',1010,,2589,19,0,23 24 2 25,0
300019,'1179892',1240,,2590,19,0,23 24 2 25,0
300019,'1179900',1710,,2592,19,0,23 24 2 25,0
300019,'1179902',1540,,2593,19,0,23 24 2 25,0
300019,'1179916',1040,,2597,19,0,23 24 2 25,0
300019,'1179927',1840,,2599,19,0,23 24 2 25,0
300019,'1179928',810,,2600,19,0,23 24 2 25,0
300019,'1179937',2140,,2601,19,0,23 24 2 25,0
300019,'1179956',740,,2604,18,0,23 24 2 25,0
300019,'1179962',1540,,2606,19,0,23 24 2 25,0
300019,'1179964',1340,,2607,19,0,23 24 2 25,0
300019,'1179969',2140,,2609,19,0,23 24 2 25,0
300019,'1179990',1440,,2613,19,0,23 24 2 25,0
300019,'1179993',1640,,2614,19,0,23 24 2 25,0
300019,'1180030',740,,2619,19,0,23 24 2 25,0
300019,'1180038',1340,,2622,19,0,23 24 2 25,0
300019,'1180039',1610,,2623,19,0,23 24 2 25,0
300019,'1180051',1140,,2627,19,0,23 24 2 25,0
300019,'1180066',910,,2630,19,0,23 24 2 25,0
300019,'1180071',840,,2631,19,0,23 24 2 25,0
300019,'1180073',1640,,2632,19,0,23 24 2 25,0
140014019,'1178954',1552,,2725,12,,,0
140014019,'1178955',1122,,2726,12,,,0
140014019,'1178974',952,,2727,12,,,0
140014019,'1179007',1752,,2728,12,,,0
140014019,'1179027',1452,,2729,12,,,0
140014019,'1179052',752,,2730,12,,,0
140014019,'1179079',722,,2731,12,,,0
140014019,'1179080',1452,,2732,12,,,0
140014019,'1179082',822,,2733,12,,,0
140014019,'1179084',652,,2734,12,,,0
140014019,'1179111',2152,,2735,12,,,0
140014019,'1179143',752,,2736,12,,,0
140014019,'1179200',1222,,2737,12,,,0
140014019,'1179207',1722,,2738,12,,,0
140014019,'1179221',1352,,2739,12,,,0
140014019,'1179271',1152,,2740,12,,,0
140014019,'1179298',1652,,2741,12,,,0
140014019,'1179320',1422,,2742,12,,,0
140014019,'1179323',952,,2743,12,,,0
140014019,'1179350',852,,2745,12,,,0
140014019,'1179353',1752,,2746,12,,,0
140014019,'1179366',1952,,2747,12,,,0
140014019,'1179392',1552,,2748,12,,,0
140014019,'1179403',1852,,2749,12,,,0
140014019,'1179433',1352,,2751,12,,,0
140014019,'1179443',922,,2752,12,,,0
140014019,'1179446',1152,,2753,12,,,0
140014019,'1179449',1022,,2754,12,,,0
140014019,'1179493',1052,,2755,12,,,0
140014019,'1179524',1652,,2757,12,,,0
140014019,'1179535',1322,,2758,12,,,0
140014019,'1179547',1252,,2759,12,,,0
140014019,'1179557',1822,,2761,12,0,8 21,0
140014019,'1179561',1522,,2762,12,,,0
140014019,'1179577',1252,,2763,12,,,0
140014019,'1179598',2052,,2764,12,,,0
140014019,'1179600',2152,,2765,12,,,0
140014019,'1179608',1852,,2766,12,,,0
140014019,'1179636',1622,,2767,12,,,0
140014019,'1179638',852,,2768,12,,,0
140014019,'1179648',1952,,2769,12,,,0
140014019,'1179654',2052,,2770,12,,,0
140014019,'1179662',1052,,2771,12,,,0
190013019,'1178916',1703,,2896,57,,,0
190013019,'1178919',2033,,2897,57,,,0
190013019,'1178920',1203,,2898,57,,,0
190013019,'1178929',833,,2899,57,,,0
190013019,'1178930',1733,,2900,57,,,0
190013019,'1178972',2033,,2901,57,,,0
190013019,'1178983',1303,,2902,57,,,0
190013019,'1178994',2233,,2903,57,,,0
190013019,'1178997',1233,,2904,57,,,0
190013019,'1179048',1603,,2905,57,,,0
190013019,'1179062',1633,,2906,57,,,0
190013019,'1179074',1403,,2907,57,,,0
190013019,'1179087',1333,,2908,57,,,0
190013019,'1179104',1103,,2909,57,,,0
190013019,'1179187',933,,2911,57,,,0
190013019,'1179202',1133,,2912,57,,,0
190013019,'1179203',1033,,2913,57,,,0
190013019,'1179212',1533,,2914,57,,,0
190013019,'1179219',1333,,2915,57,,,0
190013019,'1179243',833,,2916,57,,,0
190013019,'1179287',2233,,2917,57,,,0
190013019,'1179292',1133,,2918,57,,,0
190013019,'1179300',803,,2919,57,,,0
190013019,'1179354',633,,2920,25,,,0
190013019,'1179373',1033,,2921,57,,,0
190013019,'1179380',1433,,2922,57,,,0
190013019,'1179402',1433,,2923,57,,,0
190013019,'1179411',1503,,2924,57,,,0
190013019,'1179457',1933,,2925,57,,,0
190013019,'1179504',733,,2926,57,,,0
190013019,'1179507',1003,,2927,57,,,0
190013019,'1179509',1233,,2928,57,,,0
190013019,'1179516',1633,,2929,57,,,0
190013019,'1179531',2133,,2930,57,,,0
190013019,'1179537',933,,2931,57,,,0
190013019,'1179539',1833,,2932,57,,,0
190013019,'1179546',733,,2933,57,,,0
190013019,'1179553',1933,,2934,57,,,0
190013019,'1179581',703,,2935,25,,,0
190013019,'1179591',1733,,2936,57,,,0
190013019,'1179611',1803,,2937,57,,,0
190013019,'1179635',1533,,2938,57,,,0
190013019,'1179694',903,,2939,57,,,0
190013019,'1179701',2133,,2940,57,,,0
190013019,'1179717',1833,,2941,57,,,0
