200029,'1178971',1115,,2451,25,,,0
200029,'1179034',1715,,2452,25,,,0
200029,'1179043',1315,,2453,25,,,0
200029,'1179091',1515,,2454,25,,,0
200029,'1179144',915,,2455,15,,,0
200029,'1179198',1215,,2456,25,,,0
200029,'1179283',1415,,2458,25,,,0
200029,'1179383',1615,,2459,25,,,0
200029,'1179689',1015,,2460,25,,,0
200029,'1179807',1015,,2461,25,,,0
200029,'1179834',1415,,2462,25,,,0
200029,'1179867',1715,,2463,25,,,0
200029,'1179877',1215,,2464,25,,,0
200029,'1179888',1615,,2465,25,,,0
200029,'1179893',1315,,2466,25,,,0
200029,'1179998',1515,,2467,25,,,0
200029,'1180053',915,,2468,15,,,0
200029,'1180064',1115,,2469,25,,,0
190017019,'1178932',958,,3019,47,,,0
190017019,'1178967',1458,,3020,14,,,0
190017019,'1179016',658,,3023,47,,,0
190017019,'1179076',628,,3024,14,,,0
190017019,'1179092',728,,3025,47,,,0
190017019,'1179151',1928,,3026,47,,,0
190017019,'1179161',1758,,3027,47,,,0
190017019,'1179277',858,,3028,47,,,0
190017019,'1179309',1358,,3029,14,,,0
190017019,'1179377',1558,,3030,14,,,0
190017019,'1179384',1258,,3031,14,,,0
190017019,'1179427',1328,,3032,47,,,0
190017019,'1179455',1428,,3033,47,,,0
190017019,'1179492',1158,,3034,14,,,0
190017019,'1179519',1828,,3035,47,,,0
190017019,'1179533',758,,3037,47,,,0
190017019,'1179565',1058,,3038,14,,,0
190017019,'1179573',1228,,3039,47,,,0
190017019,'1179579',1128,,3040,47,,,0
190017019,'1179599',2128,,3041,47,,,0
190017019,'1179610',2028,,3042,47,,,0
190017019,'1179626',1658,,3043,47,,,0
190017019,'1179667',828,,3044,47,,,0
190017019,'1179680',1628,,3045,47,,,0
190017019,'1179683',928,,3046,47,,,0
190017019,'1179686',1528,,3047,47,,,0
190017019,'1179699',1028,,3048,47,,,0
190017019,'1179710',1728,,3049,47,,,0
190017019,'1179790',1228,,3050,46,,,0
190017019,'1179796',1428,,3051,46,,,0
190017019,'1179821',1528,,3053,46,,,0
190017019,'1179824',658,,3054,46,,,0
190017019,'1179832',1128,,3055,46,,,0
190017019,'1179843',928,,3056,46,,,0
190017019,'1179845',2128,,3057,46,,,0
190017019,'1179849',1158,,3059,14,,,0
190017019,'1179859',1728,,3060,46,,,0
190017019,'1179863',1028,,3061,46,,,0
190017019,'1179870',858,,3062,46,,,0
190017019,'1179874',1328,,3063,46,,,0
190017019,'1179876',1928,,3064,46,,,0
190017019,'1179884',1658,,3065,46,,,0
190017019,'1179891',1628,,3066,46,,,0
190017019,'1179896',828,,3068,46,,,0
190017019,'1179899',1628,,3069,46,,,0
190017019,'1179905',728,,3070,46,,,0
190017019,'1179912',2128,,3071,46,,,0
190017019,'1179917',1828,,3072,46,,,0
190017019,'1179922',1428,,3073,46,,,0
190017019,'1179924',1528,,3074,46,,,0
190017019,'1179925',1558,,3075,14,,,0
190017019,'1179941',1258,,3076,14,,,0
190017019,'1179949',628,,3077,14,,,0
190017019,'1179955',928,,3079,46,,,0
190017019,'1179971',1328,,3080,46,,,0
190017019,'1179977',1928,,3081,46,,,0
190017019,'1179978',1128,,3082,46,,,0
190017019,'1179979',1758,,3083,46,,,0
190017019,'1179986',828,,3084,46,,,0
190017019,'1179987',1028,,3085,46,,,0
190017019,'1179994',1728,,3086,46,,,0
190017019,'1180001',958,,3087,46,,,0
190017019,'1180002',1458,,3088,14,,,0
190017019,'1180005',728,,3089,46,,,0
190017019,'1180033',1358,,3090,14,,,0
190017019,'1180050',2028,,3092,46,,,0
190017019,'1180055',1228,,3093,46,,,0
190017019,'1180056',1828,,3094,46,,,0
190017019,'1180065',2028,,3095,46,,,0
190017019,'1180069',758,,3096,46,,,0
190017019,'1180074',1058,,3097,14,,,0
