140019,'1175812',1715,,1554,1,,,0
140019,'1175822',1015,,1555,1,,,0
140019,'1175823',1615,,1556,1,,,0
140019,'1175927',1315,,1558,1,,,0
140019,'1176135',915,,1559,1,,,0
140019,'1176326',1115,,1562,1,,,0
140019,'1176364',1415,,1563,1,,,0
140019,'1176520',1515,,1565,1,,,0
140019,'1176678',1215,,1568,1,,,0
140029,'1175724',1504,,1551,42,4,,0
140029,'1175759',1304,,1552,42,4,,0
140029,'1175767',1404,,1553,42,4,,0
140029,'1175834',1604,,1557,42,4,,0
140029,'1176178',1104,,1560,42,4,,0
140029,'1176234',1817,,1561,42,4,,0
140029,'1176418',1204,,1564,42,4,,0
140029,'1176613',1704,,1566,42,4,,0
140029,'1176636',1004,,1567,42,4,,0
140010019,'1175755',935,,1743,57,4,,0
140010019,'1175787',1835,,1744,57,4,,0
140010019,'1175798',1835,,1745,57,4,,0
140010019,'1175810',735,,1747,24,4,,0
140010019,'1175825',1635,,1748,57,4,,0
140010019,'1175826',1330,,1749,58,4,,0
140010019,'1175836',1805,,1750,57,4,,0
140010019,'1175840',2035,,1751,57,4,,0
140010019,'1175890',2035,,1753,57,4,,0
140010019,'1175905',2135,,1754,57,4,,0
140010019,'1175937',1430,,1755,58,4,,0
140010019,'1175943',1735,,1756,57,4,,0
140010019,'1175995',1130,,1758,58,4,,0
140010019,'1176008',805,,1759,57,4,,0
140010019,'1176017',835,,1760,57,4,,0
140010019,'1176075',1735,,1761,57,4,,0
140010019,'1176104',2235,,1762,57,4,,0
140010019,'1176141',1333,,1763,58,4,,0
140010019,'1176158',1533,,1764,58,4,,0
140010019,'1176198',1033,,1766,58,4,,0
140010019,'1176208',2235,,1767,57,4,,0
140010019,'1176215',1935,,1768,57,4,,0
140010019,'1176249',1133,,1770,58,4,,0
140010019,'1176269',2135,,1771,57,4,,0
140010019,'1176311',1030,,1774,58,4,,0
140010019,'1176346',905,,1775,57,4,,0
140010019,'1176365',935,,1776,57,4,,0
140010019,'1176376',1635,,1777,57,4,,0
140010019,'1176382',1230,,1778,58,4,,0
140010019,'1176449',735,,1779,57,4,,0
140010019,'1176545',835,,1781,57,4,,0
140010019,'1176551',1433,,1782,58,4,,0
140010019,'1176579',1705,,1783,57,4,,0
140010019,'1176580',1233,,1784,58,4,,0
140010019,'1176607',1935,,1785,57,4,,0
140010019,'1176653',1530,,1788,58,4,,0
190011019,'1175757',2145,,1930,1,,,0
190011019,'1175788',1745,,1931,1,,,0
190011019,'1175797',1345,,1932,1,,,0
190011019,'1175800',945,,1933,1,,,0
190011019,'1175846',1845,,1935,1,,,0
190011019,'1175866',1715,,1937,1,,,0
190011019,'1175873',1815,,1938,1,0,8 21,0
190011019,'1175889',1245,,1939,1,,,0
190011019,'1175976',2240,,1941,1,0,12,0
190011019,'1175990',1145,,1942,1,,,0
190011019,'1176026',1245,,1944,1,,,0
190011019,'1176086',945,,1946,1,,,0
190011019,'1176114',845,,1947,1,,,0
190011019,'1176152',715,,1948,1,,,0
190011019,'1176229',2145,,1949,1,,,0
190011019,'1176246',745,,1950,1,,,0
190011019,'1176315',645,,1951,1,,,0
190011019,'1176316',1145,,1952,1,,,0
190011019,'1176317',1645,,1953,1,,,0
190011019,'1176322',915,,1954,1,,,0
190011019,'1176337',1945,,1955,1,,,0
190011019,'1176344',1545,,1956,1,,,0
190011019,'1176353',1545,,1957,1,,,0
190011019,'1176386',645,,1958,1,,,0
190011019,'1176444',1845,,1961,1,,,0
190011019,'1176445',2045,,1962,1,,,0
190011019,'1176478',1745,,1963,1,,,0
190011019,'1176509',2240,,1964,1,0,12,0
190011019,'1176517',1445,,1965,1,,,0
190011019,'1176557',845,,1966,1,,,0
190011019,'1176559',1945,,1967,1,,,0
190011019,'1176563',815,,1968,1,,,0
190011019,'1176570',1445,,1969,1,,,0
190011019,'1176595',1645,,1972,1,,,0
190011019,'1176605',1045,,1973,1,,,0
190011019,'1176616',1045,,1974,1,,,0
190011019,'1176620',745,,1975,1,,,0
190011019,'1176668',2045,,1976,1,,,0
190011019,'1176674',1345,,1977,1,,,0
