140029,'1179802',1558,,2370,32,,,0
140029,'1179837',1358,,2371,32,,,0
140029,'1179865',1811,,2372,32,,,0
140029,'1179930',1258,,2373,32,,,0
140029,'1179947',1658,,2374,32,,,0
140029,'1179984',1458,,2375,32,,,0
140029,'1180047',958,,2376,32,,,0
140029,'1180060',1058,,2377,32,,,0
140029,'1180076',1158,,2378,32,,,0
140010019,'1178921',1525,,2634,48,,,0
140010019,'1178922',1027,,2635,49,,,0
140010019,'1178936',758,,2636,47,,,0
140010019,'1178979',1127,,2638,49,,,0
140010019,'1179012',828,,2639,48,,,0
140010019,'1179037',2028,,2640,47,,,0
140010019,'1179103',1628,,2641,48,,,0
140010019,'1179131',1225,,2643,48,,,0
140010019,'1179140',2228,,2644,47,,,0
140010019,'1179157',728,,2646,47,,,0
140010019,'1179167',1125,,2647,48,,,0
140010019,'1179178',1828,,2648,48,,,0
140010019,'1179180',2228,,2649,48,,,0
140010019,'1179188',1527,,2650,49,,,0
140010019,'1179217',2028,,2651,48,,,0
140010019,'1179251',1658,,2653,47,,,0
140010019,'1179253',858,,2654,47,,,0
140010019,'1179268',1758,,2655,47,,,0
140010019,'1179270',1728,,2656,48,,,0
140010019,'1179302',728,,2657,15,,,0
140010019,'1179336',928,,2658,47,,,0
140010019,'1179347',828,,2659,47,,,0
140010019,'1179361',2128,,2660,47,,,0
140010019,'1179396',2128,,2661,48,,,0
140010019,'1179415',1227,,2663,49,,,0
140010019,'1179445',1425,,2664,48,,,0
140010019,'1179452',1828,,2665,47,,,0
140010019,'1179453',1427,,2666,49,,,0
140010019,'1179479',1325,,2667,48,,,0
140010019,'1179494',1728,,2669,47,,,0
140010019,'1179496',1628,,2670,47,,,0
140010019,'1179544',1928,,2672,47,,,0
140010019,'1179613',1928,,2674,48,,,0
140010019,'1179620',928,,2675,48,,,0
140010019,'1179659',1327,,2677,49,,,0
140010019,'1179692',1025,,2678,48,,,0
