140029,'1179802',1530,,2370,11,,,0
140029,'1179837',1330,,2371,11,,,0
140029,'1179865',1730,,2372,11,,,0
140029,'1179930',1230,,2373,11,,,0
140029,'1179947',1630,,2374,11,,,0
140029,'1179984',1430,,2375,11,,,0
140029,'1180047',930,,2376,11,,,0
140029,'1180060',1030,,2377,11,,,0
140029,'1180076',1130,,2378,11,,,0
190015019,'1179791',2051,,2973,11,,,0
190015019,'1179793',651,,2974,11,,,0
190015019,'1179804',651,,2975,11,,,0
190015019,'1179812',1051,,2976,11,,,0
190015019,'1179819',751,,2977,11,,,0
190015019,'1179825',1151,,2978,11,,,0
190015019,'1179846',2151,,2979,11,0,12,0
190015019,'1179856',821,,2980,11,,,0
190015019,'1179872',751,,2981,11,,,0
190015019,'1179885',1621,,2982,11,,,0
190015019,'1179887',1351,,2983,11,,,0
190015019,'1179898',1451,,2984,11,,,0
190015019,'1179909',951,,2985,11,,,0
190015019,'1179919',1751,,2986,11,,,0
190015019,'1179920',851,,2987,11,,,0
190015019,'1179923',1421,,2988,11,,,0
190015019,'1179931',2051,,2989,11,,,0
190015019,'1179934',1821,,2990,11,0,12,0
190015019,'1179935',1651,,2991,11,,,0
190015019,'1179940',1121,,2992,11,,,0
190015019,'1179952',1151,,2993,11,,,0
190015019,'1179960',1251,,2994,11,,,0
190015019,'1179961',1451,,2995,11,,,0
190015019,'1179972',2251,,2996,11,0,12,0
190015019,'1179980',1021,,2997,11,,,0
190015019,'1179982',1721,,2998,11,,,0
190015019,'1179992',1521,,2999,11,,,0
190015019,'1179995',1051,,3000,11,,,0
190015019,'1179999',1221,,3001,11,,,0
190015019,'1180013',1851,,3002,11,,,0
190015019,'1180014',1951,,3003,11,,,0
190015019,'1180015',921,,3004,11,,,0
190015019,'1180016',1951,,3005,11,,,0
190015019,'1180021',2251,,3006,11,0,12,0
190015019,'1180026',1851,,3007,11,,,0
190015019,'1180029',951,,3008,11,,,0
190015019,'1180044',1551,,3009,11,,,0
190015019,'1180045',2151,,3010,11,0,12,0
190015019,'1180058',1321,,3011,11,,,0
190015019,'1180059',1651,,3012,11,,,0
190015019,'1180068',1751,,3013,11,,,0
190015019,'1180070',1551,,3014,11,,,0
190015019,'1180075',851,,3015,11,,,0
190015019,'1180077',1251,,3016,11,,,0
190015019,'1180080',721,,3017,11,,,0
190015019,'1180081',1351,,3018,11,,,0
