200029,'1178971',1058,,2451,15,,,0
200029,'1179034',1658,,2452,15,,,0
200029,'1179043',1258,,2453,15,,,0
200029,'1179091',1458,,2454,15,,,0
200029,'1179144',858,,2455,5,,,0
200029,'1179198',1158,,2456,15,,,0
200029,'1179283',1358,,2458,15,,,0
200029,'1179383',1558,,2459,15,,,0
200029,'1179689',958,,2460,15,,,0
200029,'1179807',958,,2461,15,,,0
200029,'1179834',1358,,2462,15,,,0
200029,'1179867',1658,,2463,15,,,0
200029,'1179877',1158,,2464,15,,,0
200029,'1179888',1558,,2465,15,,,0
200029,'1179893',1258,,2466,15,,,0
200029,'1179998',1458,,2467,15,,,0
200029,'1180053',858,,2468,5,,,0
200029,'1180064',1058,,2469,15,,,0
190017019,'1178932',948,,3019,37,,,0
190017019,'1178967',1448,,3020,4,,,0
190017019,'1179016',648,,3023,37,,,0
190017019,'1179076',618,,3024,4,,,0
190017019,'1179092',718,,3025,37,,,0
190017019,'1179151',1918,,3026,37,,,0
190017019,'1179161',1748,,3027,37,,,0
190017019,'1179277',848,,3028,37,,,0
190017019,'1179309',1348,,3029,4,,,0
190017019,'1179377',1548,,3030,4,,,0
190017019,'1179384',1248,,3031,4,,,0
190017019,'1179427',1318,,3032,37,,,0
190017019,'1179455',1418,,3033,37,,,0
190017019,'1179492',1148,,3034,4,,,0
190017019,'1179519',1818,,3035,37,,,0
190017019,'1179533',748,,3037,37,,,0
190017019,'1179565',1048,,3038,4,,,0
190017019,'1179573',1218,,3039,37,,,0
190017019,'1179579',1118,,3040,37,,,0
190017019,'1179599',2118,,3041,37,,,0
190017019,'1179610',2018,,3042,37,,,0
190017019,'1179626',1648,,3043,37,,,0
190017019,'1179667',818,,3044,37,,,0
190017019,'1179680',1618,,3045,37,,,0
190017019,'1179683',918,,3046,37,,,0
190017019,'1179686',1518,,3047,37,,,0
190017019,'1179699',1018,,3048,37,,,0
190017019,'1179710',1718,,3049,37,,,0
190017019,'1179790',1218,,3050,36,,,0
190017019,'1179796',1418,,3051,36,,,0
190017019,'1179821',1518,,3053,36,,,0
190017019,'1179824',648,,3054,36,,,0
190017019,'1179832',1118,,3055,36,,,0
190017019,'1179843',918,,3056,36,,,0
190017019,'1179845',2118,,3057,36,,,0
190017019,'1179849',1148,,3059,4,,,0
190017019,'1179859',1718,,3060,36,,,0
190017019,'1179863',1018,,3061,36,,,0
190017019,'1179870',848,,3062,36,,,0
190017019,'1179874',1318,,3063,36,,,0
190017019,'1179876',1918,,3064,36,,,0
190017019,'1179884',1648,,3065,36,,,0
190017019,'1179891',1618,,3066,36,,,0
190017019,'1179896',818,,3068,36,,,0
190017019,'1179899',1618,,3069,36,,,0
190017019,'1179905',718,,3070,36,,,0
190017019,'1179912',2118,,3071,36,,,0
190017019,'1179917',1818,,3072,36,,,0
190017019,'1179922',1418,,3073,36,,,0
190017019,'1179924',1518,,3074,36,,,0
190017019,'1179925',1548,,3075,4,,,0
190017019,'1179941',1248,,3076,4,,,0
190017019,'1179949',618,,3077,4,,,0
190017019,'1179955',918,,3079,36,,,0
190017019,'1179971',1318,,3080,36,,,0
190017019,'1179977',1918,,3081,36,,,0
190017019,'1179978',1118,,3082,36,,,0
190017019,'1179979',1748,,3083,36,,,0
190017019,'1179986',818,,3084,36,,,0
190017019,'1179987',1018,,3085,36,,,0
190017019,'1179994',1718,,3086,36,,,0
190017019,'1180001',948,,3087,36,,,0
190017019,'1180002',1448,,3088,4,,,0
190017019,'1180005',718,,3089,36,,,0
190017019,'1180033',1348,,3090,4,,,0
190017019,'1180050',2018,,3092,36,,,0
190017019,'1180055',1218,,3093,36,,,0
190017019,'1180056',1818,,3094,36,,,0
190017019,'1180065',2018,,3095,36,,,0
190017019,'1180069',748,,3096,36,,,0
190017019,'1180074',1048,,3097,4,,,0
