190011019,'1178950',728,,2849,18,,,0
190011019,'1178970',1858,,2850,18,,,0
190011019,'1179009',1828,,2851,18,0,8 21,0
190011019,'1179040',2058,,2852,18,,,0
190011019,'1179145',858,,2854,18,,,0
190011019,'1179159',1758,,2856,18,,,0
190011019,'1179162',2253,,2857,18,0,12,0
190011019,'1179163',758,,2858,18,,,0
190011019,'1179248',658,,2859,18,,,0
190011019,'1179252',1758,,2860,18,,,0
190011019,'1179276',1958,,2861,18,,,0
190011019,'1179307',658,,2862,18,,,0
190011019,'1179332',1059,,2864,19,,,0
190011019,'1179340',858,,2865,18,,,0
190011019,'1179367',1728,,2866,18,,,0
190011019,'1179394',2158,,2869,18,,,0
190011019,'1179412',2253,,2870,18,0,12,0
190011019,'1179413',1259,,2871,19,,,0
190011019,'1179424',2158,,2872,18,,,0
190011019,'1179426',1359,,2873,19,,,0
190011019,'1179430',1559,,2874,19,,,0
190011019,'1179437',1059,,2875,19,,,0
190011019,'1179438',1559,,2876,19,,,0
190011019,'1179442',1858,,2877,18,,,0
190011019,'1179477',758,,2878,18,,,0
190011019,'1179521',1359,,2879,19,,,0
190011019,'1179528',1159,,2880,19,,,0
190011019,'1179555',1958,,2882,18,,,0
190011019,'1179572',1159,,2883,19,,,0
190011019,'1179590',1459,,2884,19,,,0
190011019,'1179619',1658,,2885,18,,,0
190011019,'1179642',958,,2886,18,,,0
190011019,'1179650',1259,,2887,19,,,0
190011019,'1179666',828,,2889,18,,,0
190011019,'1179677',2058,,2891,18,,,0
190011019,'1179678',928,,2892,18,,,0
190011019,'1179688',1658,,2893,18,,,0
190011019,'1179700',1459,,2894,19,,,0
190011019,'1179709',958,,2895,18,,,0
