160029,'1178957',856,,2424,2,,,0
160029,'1179098',1356,,2425,2,,,0
160029,'1179137',1556,,2426,2,,,0
160029,'1179301',1156,,2427,2,,,0
160029,'1179398',1256,,2428,2,,,0
160029,'1179410',1656,,2429,2,,,0
160029,'1179543',1056,,2430,2,,,0
160029,'1179558',956,,2431,2,,,0
160029,'1179623',1456,,2432,2,,,0
216019,'1178924',746,,2470,2,,,0
216019,'1178948',616,,2471,2,,,0
216019,'1178963',2116,,2472,2,,,0
216019,'1178968',1216,,2473,2,,,0
216019,'1179019',1746,,2474,2,,,0
216019,'1179021',1546,,2475,2,,,0
216019,'1179029',1416,,2476,2,,,0
216019,'1179050',1516,,2477,2,,,0
216019,'1179070',1416,,2478,2,,,0
216019,'1179075',1816,,2479,2,,,0
216019,'1179116',716,,2480,2,,,0
216019,'1179123',1316,,2481,2,,,0
216019,'1179160',1716,,2482,2,,,0
216019,'1179179',2016,,2483,2,,,0
216019,'1179181',1116,,2484,2,,,0
216019,'1179199',916,,2485,2,,,0
216019,'1179206',1516,,2486,2,,,0
216019,'1179328',1016,,2487,2,,,0
216019,'1179338',1216,,2488,2,,,0
216019,'1179345',816,,2489,2,,,0
216019,'1179368',1646,,2490,2,,,0
216019,'1179369',1016,,2491,2,,,0
216019,'1179374',1616,,2492,2,,,0
216019,'1179421',1816,,2493,2,,,0
216019,'1179431',1116,,2494,2,,,0
216019,'1179458',1916,,2495,2,,,0
216019,'1179488',716,,2496,2,,,0
216019,'1179523',1316,,2497,2,,,0
216019,'1179574',2016,,2498,2,,,0
216019,'1179582',1916,,2499,2,,,0
216019,'1179605',846,,2500,2,,,0
216019,'1179647',1716,,2501,2,,,0
216019,'1179669',816,,2502,2,,,0
216019,'1179695',2116,,2503,2,,,0
216019,'1179712',646,,2504,2,,,0
216019,'1179714',916,,2505,2,,,0
216019,'1179719',1616,,2506,2,,,0
