110019,'1178947',937,,2239,9,,,0
110019,'1178964',1437,,2240,9,,,0
110019,'1178973',1737,,2241,9,,,0
110019,'1179028',1537,,2242,9,,,0
110019,'1179105',1637,,2243,9,,,0
110019,'1179114',1037,,2244,9,,,0
110019,'1179176',1237,,2245,9,,,0
110019,'1179184',1337,,2246,9,,,0
110019,'1179290',1137,,2247,9,,,0
140010019,'1178914',1118,,2633,11,0,8 21,0
140010019,'1178921',1448,,2634,11,,,0
140010019,'1178922',947,,2635,11,,,0
140010019,'1178936',718,,2636,11,,,0
140010019,'1178946',2248,,2637,11,0,8 21,0
140010019,'1178979',1047,,2638,11,,,0
140010019,'1179012',747,,2639,11,,,0
140010019,'1179037',1948,,2640,11,,,0
140010019,'1179103',1547,,2641,11,,,0
140010019,'1179122',1318,,2642,11,0,8 21,0
140010019,'1179131',1148,,2643,11,,,0
140010019,'1179140',2148,,2644,11,,,0
140010019,'1179147',918,,2645,11,0,8 21,0
140010019,'1179157',648,,2646,11,,,0
140010019,'1179167',1048,,2647,11,,,0
140010019,'1179178',1747,,2648,11,,,0
140010019,'1179180',2147,,2649,11,,,0
140010019,'1179188',1447,,2650,11,,,0
140010019,'1179217',1947,,2651,11,,,0
140010019,'1179232',1518,,2652,11,0,8 21,0
140010019,'1179251',1618,,2653,11,,,0
140010019,'1179253',818,,2654,11,,,0
140010019,'1179268',1718,,2655,11,,,0
140010019,'1179270',1647,,2656,11,,,0
140010019,'1179336',848,,2658,11,,,0
140010019,'1179347',748,,2659,11,,,0
140010019,'1179361',2048,,2660,11,,,0
140010019,'1179396',2047,,2661,11,,,0
140010019,'1179408',2247,,2662,11,0,8 21,0
140010019,'1179415',1147,,2663,11,,,0
140010019,'1179445',1348,,2664,11,,,0
140010019,'1179452',1748,,2665,11,,,0
140010019,'1179453',1347,,2666,11,,,0
140010019,'1179479',1248,,2667,11,,,0
140010019,'1179483',1218,,2668,11,0,8 21,0
140010019,'1179494',1648,,2669,11,,,0
140010019,'1179496',1548,,2670,11,,,0
140010019,'1179498',1418,,2671,11,0,8 21,0
140010019,'1179544',1848,,2672,11,,,0
140010019,'1179548',1018,,2673,11,0,8 21,0
140010019,'1179613',1847,,2674,11,,,0
140010019,'1179620',847,,2675,11,,,0
140010019,'1179629',1818,,2676,11,0,8 21,0
140010019,'1179659',1247,,2677,11,,,0
140010019,'1179692',948,,2678,11,,,0
