110019,'1178947',933,,2239,2,,,0
110019,'1178964',1433,,2240,2,,,0
110019,'1178973',1733,,2241,2,,,0
110019,'1179028',1533,,2242,2,,,0
110019,'1179105',1633,,2243,2,,,0
110019,'1179114',1033,,2244,2,,,0
110019,'1179176',1233,,2245,2,,,0
110019,'1179184',1333,,2246,2,,,0
110019,'1179290',1133,,2247,2,,,0
150019,'1178942',1736,,2379,2,,,0
150019,'1178956',1336,,2380,2,,,0
150019,'1178976',1636,,2381,2,,,0
150019,'1179117',1236,,2382,2,,,0
150019,'1179150',1536,,2383,2,,,0
150019,'1179341',936,,2384,2,,,0
150019,'1179473',1136,,2385,2,,,0
150019,'1179559',1436,,2386,2,,,0
150019,'1179673',1036,,2387,2,,,0
200019,'1179798',1334,,2442,2,,,0
200019,'1179810',1534,,2443,2,,,0
200019,'1179901',1134,,2444,2,,,0
200019,'1179903',1734,,2445,2,,,0
200019,'1179911',1434,,2446,2,,,0
200019,'1179939',1034,,2447,2,,,0
200019,'1179968',1634,,2448,2,,,0
200019,'1179973',934,,2449,2,,,0
200019,'1180054',1234,,2450,2,,,0
140010019,'1178914',1113,,2633,4,0,8 21,0
140010019,'1178921',1443,,2634,4,,,0
140010019,'1178922',943,,2635,4,,,0
140010019,'1178936',713,,2636,4,,,0
140010019,'1178946',2243,,2637,4,0,8 21,0
140010019,'1178979',1043,,2638,4,,,0
140010019,'1179012',743,,2639,4,,,0
140010019,'1179037',1943,,2640,4,,,0
140010019,'1179103',1543,,2641,4,,,0
140010019,'1179122',1313,,2642,4,0,8 21,0
140010019,'1179131',1143,,2643,4,,,0
140010019,'1179140',2143,,2644,4,,,0
140010019,'1179147',913,,2645,4,0,8 21,0
140010019,'1179157',643,,2646,4,,,0
140010019,'1179167',1043,,2647,4,,,0
140010019,'1179178',1743,,2648,4,,,0
140010019,'1179180',2143,,2649,4,,,0
140010019,'1179188',1443,,2650,4,,,0
140010019,'1179217',1943,,2651,4,,,0
140010019,'1179232',1513,,2652,4,0,8 21,0
140010019,'1179251',1613,,2653,4,,,0
140010019,'1179253',813,,2654,4,,,0
140010019,'1179268',1713,,2655,4,,,0
140010019,'1179270',1643,,2656,4,,,0
140010019,'1179336',843,,2658,4,,,0
140010019,'1179347',743,,2659,4,,,0
140010019,'1179361',2043,,2660,4,,,0
140010019,'1179396',2043,,2661,4,,,0
140010019,'1179408',2243,,2662,4,0,8 21,0
140010019,'1179415',1143,,2663,4,,,0
140010019,'1179445',1343,,2664,4,,,0
140010019,'1179452',1743,,2665,4,,,0
140010019,'1179453',1343,,2666,4,,,0
140010019,'1179479',1243,,2667,4,,,0
140010019,'1179483',1213,,2668,4,0,8 21,0
140010019,'1179494',1643,,2669,4,,,0
140010019,'1179496',1543,,2670,4,,,0
140010019,'1179498',1413,,2671,4,0,8 21,0
140010019,'1179544',1843,,2672,4,,,0
140010019,'1179548',1013,,2673,4,0,8 21,0
140010019,'1179613',1843,,2674,4,,,0
140010019,'1179620',843,,2675,4,,,0
140010019,'1179629',1813,,2676,4,0,8 21,0
140010019,'1179659',1243,,2677,4,,,0
140010019,'1179692',943,,2678,4,,,0
140016019,'1179792',848,,2805,4,,,0
140016019,'1179800',1648,,2806,4,,,0
140016019,'1179808',1848,,2807,4,,,0
140016019,'1179822',1518,,2808,4,,,0
140016019,'1179827',818,,2809,4,,,0
140016019,'1179831',1548,,2810,4,,,0
140016019,'1179835',2148,,2811,4,,,0
140016019,'1179839',1318,,2812,4,0,8 21,0
140016019,'1179842',1118,,2813,4,0,8 21,0
140016019,'1179862',918,,2814,4,0,8 21,0
140016019,'1179868',1618,,2815,4,,,0
140016019,'1179875',1048,,2816,4,,,0
140016019,'1179881',1818,,2817,4,0,8 21,0
140016019,'1179886',1348,,2818,4,,,0
140016019,'1179897',1018,,2819,4,0,8 21,0
140016019,'1179904',1218,,2820,4,0,8 21,0
140016019,'1179907',1648,,2821,4,,,0
140016019,'1179913',1718,,2822,4,,,0
140016019,'1179926',1248,,2823,4,,,0
140016019,'1179938',1448,,2824,4,,,0
140016019,'1179943',2048,,2825,4,,,0
140016019,'1179945',748,,2826,4,,,0
140016019,'1179958',1348,,2827,4,,,0
140016019,'1179963',1748,,2828,4,,,0
140016019,'1179974',948,,2829,4,,,0
140016019,'1179976',648,,2830,4,,,0
140016019,'1179989',848,,2831,4,,,0
140016019,'1179991',1448,,2832,4,,,0
140016019,'1179997',1548,,2833,4,,,0
140016019,'1180006',948,,2834,4,,,0
140016019,'1180012',1848,,2835,4,,,0
140016019,'1180018',1048,,2836,4,,,0
140016019,'1180019',2148,,2837,4,,,0
140016019,'1180020',1948,,2838,4,,,0
140016019,'1180023',1248,,2839,4,,,0
140016019,'1180024',718,,2840,4,,,0
140016019,'1180028',748,,2841,4,,,0
140016019,'1180031',1948,,2842,4,,,0
140016019,'1180048',2048,,2843,4,,,0
140016019,'1180057',1748,,2844,4,,,0
140016019,'1180062',1418,,2845,4,0,8 21,0
140016019,'1180072',1148,,2846,4,,,0
140016019,'1180078',1148,,2847,4,,,0
