216019,'1175813',1937,,1624,34,,,0
216019,'1175831',738,,1625,35,,,0
216019,'1175857',1708,,1626,35,,,0
216019,'1175869',1738,,1627,35,,,0
216019,'1175916',1607,,1628,34,,,0
216019,'1175929',1337,,1629,34,,,0
216019,'1175966',1737,,1630,34,,,0
216019,'1175997',2137,,1631,34,,,0
216019,'1175998',937,,1632,34,,,0
216019,'1176028',1037,,1633,34,,,0
216019,'1176037',1837,,1634,34,,,0
216019,'1176041',1837,,1635,34,,,0
216019,'1176046',737,,1636,34,,,0
216019,'1176054',1638,,1637,35,,,0
216019,'1176067',708,,1638,35,,,0
216019,'1176111',1137,,1639,34,,,0
216019,'1176200',1437,,1640,34,,,0
216019,'1176207',2137,,1641,34,,,0
216019,'1176218',1137,,1642,34,,,0
216019,'1176289',1037,,1643,34,,,0
216019,'1176352',1237,,1644,34,,,0
216019,'1176395',1937,,1645,34,,,0
216019,'1176414',2037,,1646,34,,,0
216019,'1176430',1807,,1647,34,,,0
216019,'1176454',1637,,1648,34,,,0
216019,'1176460',837,,1649,34,,,0
216019,'1176467',1537,,1650,34,,,0
216019,'1176534',637,,1651,34,,,0
216019,'1176553',1237,,1652,34,,,0
216019,'1176576',937,,1653,34,,,0
216019,'1176651',837,,1654,34,,,0
216019,'1176656',1537,,1655,34,,,0
216019,'1176659',1437,,1656,34,,,0
216019,'1176663',1337,,1657,34,,,0
216019,'1176665',907,,1658,34,,,0
216019,'1176686',2037,,1659,34,,,0
216019,'1176690',807,,1660,34,,,0
