140016019,'1175722',1135,,1882,49,,,0
140016019,'1175752',735,,1883,49,,,0
140016019,'1175760',2035,,1884,49,,,0
140016019,'1175852',635,,1887,6,,,0
140016019,'1175908',905,,1888,49,,,0
140016019,'1175922',1235,,1889,49,,,0
140016019,'1175936',835,,1890,49,,,0
140016019,'1175986',1435,,1892,49,,,0
140016019,'1175988',1335,,1893,49,,,0
140016019,'1175989',1835,,1894,49,,,0
140016019,'1176015',935,,1896,49,,,0
140016019,'1176168',1335,,1898,49,,,0
140016019,'1176170',1605,,1899,49,,,0
140016019,'1176241',2135,,1900,49,,,0
140016019,'1176247',805,,1901,49,,,0
140016019,'1176270',2235,,1902,49,,,0
140016019,'1176280',1635,,1903,49,,,0
140016019,'1176296',1535,,1904,49,,,0
140016019,'1176309',2235,,1905,49,,,0
140016019,'1176320',1835,,1906,49,,,0
140016019,'1176381',1035,,1908,49,,,0
140016019,'1176402',2035,,1909,49,,,0
140016019,'1176421',835,,1910,49,,,0
140016019,'1176486',1805,,1911,49,,,0
140016019,'1176492',1135,,1912,49,,,0
140016019,'1176495',1935,,1913,49,,,0
140016019,'1176500',1635,,1914,49,,,0
140016019,'1176504',1735,,1915,49,,,0
140016019,'1176510',1535,,1916,49,,,0
140016019,'1176518',1705,,1917,49,,,0
140016019,'1176524',1035,,1918,49,,,0
140016019,'1176533',935,,1919,49,,,0
140016019,'1176549',705,,1920,6,,,0
140016019,'1176577',2135,,1921,49,,,0
140016019,'1176584',635,,1922,6,,,0
140016019,'1176602',1435,,1924,49,,,0
140016019,'1176610',608,,1925,6,,,0
140016019,'1176621',1935,,1926,49,,,0
140016019,'1176627',1735,,1927,49,,,0
140016019,'1176666',735,,1928,29,,,0
140016019,'1176671',1235,,1929,49,,,0
