120029,'1179032',1550,,2325,32,,,0
120029,'1179055',1350,,2326,32,,,0
120029,'1179056',1650,,2327,32,,,0
120029,'1179099',1803,,2328,32,,,0
120029,'1179153',950,,2329,32,,,0
120029,'1179222',1450,,2330,32,,,0
120029,'1179429',1150,,2331,32,,,0
120029,'1179447',1050,,2332,32,,,0
120029,'1179575',1250,,2333,32,,,0
140010019,'1178921',1522,,2634,42,,,0
140010019,'1178922',1022,,2635,43,,,0
140010019,'1178936',753,,2636,42,,,0
140010019,'1178979',1122,,2638,43,,,0
140010019,'1179012',823,,2639,43,,,0
140010019,'1179037',2023,,2640,42,,,0
140010019,'1179103',1623,,2641,43,,,0
140010019,'1179131',1222,,2643,42,,,0
140010019,'1179140',2223,,2644,42,,,0
140010019,'1179157',723,,2646,42,,,0
140010019,'1179167',1122,,2647,42,,,0
140010019,'1179178',1823,,2648,43,,,0
140010019,'1179180',2223,,2649,43,,,0
140010019,'1179188',1522,,2650,43,,,0
140010019,'1179217',2023,,2651,43,,,0
140010019,'1179251',1653,,2653,42,,,0
140010019,'1179253',853,,2654,42,,,0
140010019,'1179268',1753,,2655,42,,,0
140010019,'1179270',1723,,2656,43,,,0
140010019,'1179302',723,,2657,10,,,0
140010019,'1179336',923,,2658,42,,,0
140010019,'1179347',823,,2659,42,,,0
140010019,'1179361',2123,,2660,42,,,0
140010019,'1179396',2123,,2661,43,,,0
140010019,'1179415',1222,,2663,43,,,0
140010019,'1179445',1422,,2664,42,,,0
140010019,'1179452',1823,,2665,42,,,0
140010019,'1179453',1422,,2666,43,,,0
140010019,'1179479',1322,,2667,42,,,0
140010019,'1179494',1723,,2669,42,,,0
140010019,'1179496',1623,,2670,42,,,0
140010019,'1179544',1923,,2672,42,,,0
140010019,'1179613',1923,,2674,43,,,0
140010019,'1179620',923,,2675,43,,,0
140010019,'1179659',1322,,2677,43,,,0
140010019,'1179692',1022,,2678,42,,,0
