150029,'1179828',1023,,2397,27,,,0
150029,'1179915',1223,,2398,27,,,0
150029,'1179932',923,,2399,27,,,0
150029,'1179948',1523,,2400,27,,,0
150029,'1179983',1323,,2401,27,,,0
150029,'1180009',1123,,2402,27,,,0
150029,'1180017',1723,,2403,27,,,0
150029,'1180040',1623,,2404,27,,,0
150029,'1180079',1423,,2405,27,,,0
140014019,'1178954',1548,,2725,4,,,0
140014019,'1178955',1118,,2726,4,,,0
140014019,'1178974',948,,2727,4,,,0
140014019,'1179007',1748,,2728,4,,,0
140014019,'1179027',1448,,2729,4,,,0
140014019,'1179052',748,,2730,4,,,0
140014019,'1179079',718,,2731,4,,,0
140014019,'1179080',1448,,2732,4,,,0
140014019,'1179082',818,,2733,4,,,0
140014019,'1179084',648,,2734,4,,,0
140014019,'1179111',2148,,2735,4,,,0
140014019,'1179143',748,,2736,4,,,0
140014019,'1179200',1218,,2737,4,,,0
140014019,'1179207',1718,,2738,4,,,0
140014019,'1179221',1348,,2739,4,,,0
140014019,'1179271',1148,,2740,4,,,0
140014019,'1179298',1648,,2741,4,,,0
140014019,'1179320',1418,,2742,4,,,0
140014019,'1179323',948,,2743,4,,,0
140014019,'1179350',848,,2745,4,,,0
140014019,'1179353',1748,,2746,4,,,0
140014019,'1179366',1948,,2747,4,,,0
140014019,'1179392',1548,,2748,4,,,0
140014019,'1179403',1848,,2749,4,,,0
140014019,'1179433',1348,,2751,4,,,0
140014019,'1179443',918,,2752,4,,,0
140014019,'1179446',1148,,2753,4,,,0
140014019,'1179449',1018,,2754,4,,,0
140014019,'1179493',1048,,2755,4,,,0
140014019,'1179524',1648,,2757,4,,,0
140014019,'1179535',1318,,2758,4,,,0
140014019,'1179547',1248,,2759,4,,,0
140014019,'1179557',1818,,2761,4,0,8 21,0
140014019,'1179561',1518,,2762,4,,,0
140014019,'1179577',1248,,2763,4,,,0
140014019,'1179598',2048,,2764,4,,,0
140014019,'1179600',2148,,2765,4,,,0
140014019,'1179608',1848,,2766,4,,,0
140014019,'1179636',1618,,2767,4,,,0
140014019,'1179638',848,,2768,4,,,0
140014019,'1179648',1948,,2769,4,,,0
140014019,'1179654',2048,,2770,4,,,0
140014019,'1179662',1048,,2771,4,,,0
