140029,'1179802',1530,,2370,10,,,0
140029,'1179837',1330,,2371,10,,,0
140029,'1179865',1730,,2372,10,,,0
140029,'1179930',1230,,2373,10,,,0
140029,'1179947',1630,,2374,10,,,0
140029,'1179984',1430,,2375,10,,,0
140029,'1180047',930,,2376,10,,,0
140029,'1180060',1030,,2377,10,,,0
140029,'1180076',1130,,2378,10,,,0
190015019,'1179791',2051,,2973,10,,,0
190015019,'1179793',651,,2974,10,,,0
190015019,'1179804',651,,2975,10,,,0
190015019,'1179812',1051,,2976,10,,,0
190015019,'1179819',751,,2977,10,,,0
190015019,'1179825',1151,,2978,10,,,0
190015019,'1179846',2151,,2979,10,0,12,0
190015019,'1179856',821,,2980,10,,,0
190015019,'1179872',751,,2981,10,,,0
190015019,'1179885',1621,,2982,10,,,0
190015019,'1179887',1351,,2983,10,,,0
190015019,'1179898',1451,,2984,10,,,0
190015019,'1179909',951,,2985,10,,,0
190015019,'1179919',1751,,2986,10,,,0
190015019,'1179920',851,,2987,10,,,0
190015019,'1179923',1421,,2988,10,,,0
190015019,'1179931',2051,,2989,10,,,0
190015019,'1179934',1821,,2990,10,0,12,0
190015019,'1179935',1651,,2991,10,,,0
190015019,'1179940',1121,,2992,10,,,0
190015019,'1179952',1151,,2993,10,,,0
190015019,'1179960',1251,,2994,10,,,0
190015019,'1179961',1451,,2995,10,,,0
190015019,'1179972',2251,,2996,10,0,12,0
190015019,'1179980',1021,,2997,10,,,0
190015019,'1179982',1721,,2998,10,,,0
190015019,'1179992',1521,,2999,10,,,0
190015019,'1179995',1051,,3000,10,,,0
190015019,'1179999',1221,,3001,10,,,0
190015019,'1180013',1851,,3002,10,,,0
190015019,'1180014',1951,,3003,10,,,0
190015019,'1180015',921,,3004,10,,,0
190015019,'1180016',1951,,3005,10,,,0
190015019,'1180021',2251,,3006,10,0,12,0
190015019,'1180026',1851,,3007,10,,,0
190015019,'1180029',951,,3008,10,,,0
190015019,'1180044',1551,,3009,10,,,0
190015019,'1180045',2151,,3010,10,0,12,0
190015019,'1180058',1321,,3011,10,,,0
190015019,'1180059',1651,,3012,10,,,0
190015019,'1180068',1751,,3013,10,,,0
190015019,'1180070',1551,,3014,10,,,0
190015019,'1180075',851,,3015,10,,,0
190015019,'1180077',1251,,3016,10,,,0
190015019,'1180080',721,,3017,10,,,0
190015019,'1180081',1351,,3018,10,,,0
