130029,'1178925',1509,,2343,22,,,0
130029,'1178989',1409,,2344,22,,,0
130029,'1179023',1609,,2345,22,,,0
130029,'1179120',1709,,2346,22,,,0
130029,'1179168',1309,,2347,22,,,0
130029,'1179423',909,,2348,22,,,0
130029,'1179469',1209,,2349,22,,,0
130029,'1179639',1009,,2350,22,,,0
130029,'1179657',1109,,2351,22,,,0
150029,'1179828',1027,,2397,32,,,0
150029,'1179915',1227,,2398,32,,,0
150029,'1179932',927,,2399,32,,,0
150029,'1179948',1527,,2400,32,,,0
150029,'1179983',1327,,2401,32,,,0
150029,'1180009',1127,,2402,32,,,0
150029,'1180017',1727,,2403,32,,,0
150029,'1180040',1627,,2404,32,,,0
150029,'1180079',1427,,2405,32,,,0
300019,'1179789',707,,2559,15,0,23 24 2 25,0
300019,'1179794',1937,,2560,16,0,23 24 2 25,0
300019,'1179795',1037,,2561,16,0,23 24 2 25,0
300019,'1179797',1737,,2562,16,0,23 24 2 25,0
300019,'1179805',937,,2565,16,0,23 24 2 25,0
300019,'1179809',1137,,2566,16,0,23 24 2 25,0
300019,'1179830',837,,2568,16,0,23 24 2 25,0
300019,'1179844',1737,,2573,16,0,23 24 2 25,0
300019,'1179848',2037,,2574,16,0,23 24 2 25,0
300019,'1179851',2037,,2576,16,0,23 24 2 25,0
300019,'1179853',1237,,2578,16,0,23 24 2 25,0
300019,'1179857',1807,,2580,16,0,23 24 2 25,0
300019,'1179864',1437,,2582,16,0,23 24 2 25,0
300019,'1179878',1837,,2585,16,0,23 24 2 25,0
300019,'1179880',937,,2586,16,0,23 24 2 25,0
300019,'1179883',1937,,2588,16,0,23 24 2 25,0
300019,'1179889',1007,,2589,16,0,23 24 2 25,0
300019,'1179892',1237,,2590,16,0,23 24 2 25,0
300019,'1179900',1707,,2592,16,0,23 24 2 25,0
300019,'1179902',1537,,2593,16,0,23 24 2 25,0
300019,'1179916',1037,,2597,16,0,23 24 2 25,0
300019,'1179927',1837,,2599,16,0,23 24 2 25,0
300019,'1179928',807,,2600,16,0,23 24 2 25,0
300019,'1179937',2137,,2601,16,0,23 24 2 25,0
300019,'1179956',737,,2604,15,0,23 24 2 25,0
300019,'1179962',1537,,2606,16,0,23 24 2 25,0
300019,'1179964',1337,,2607,16,0,23 24 2 25,0
300019,'1179969',2137,,2609,16,0,23 24 2 25,0
300019,'1179990',1437,,2613,16,0,23 24 2 25,0
300019,'1179993',1637,,2614,16,0,23 24 2 25,0
300019,'1180030',737,,2619,16,0,23 24 2 25,0
300019,'1180038',1337,,2622,16,0,23 24 2 25,0
300019,'1180039',1607,,2623,16,0,23 24 2 25,0
300019,'1180051',1137,,2627,16,0,23 24 2 25,0
300019,'1180066',907,,2630,16,0,23 24 2 25,0
300019,'1180071',837,,2631,16,0,23 24 2 25,0
300019,'1180073',1637,,2632,16,0,23 24 2 25,0
140014019,'1178954',1550,,2725,9,,,0
140014019,'1178955',1120,,2726,9,,,0
140014019,'1178974',950,,2727,9,,,0
140014019,'1179007',1750,,2728,9,,,0
140014019,'1179027',1450,,2729,9,,,0
140014019,'1179052',750,,2730,9,,,0
140014019,'1179079',720,,2731,9,,,0
140014019,'1179080',1450,,2732,9,,,0
140014019,'1179082',820,,2733,9,,,0
140014019,'1179084',650,,2734,9,,,0
140014019,'1179111',2150,,2735,9,,,0
140014019,'1179143',750,,2736,9,,,0
140014019,'1179200',1220,,2737,9,,,0
140014019,'1179207',1720,,2738,9,,,0
140014019,'1179221',1350,,2739,9,,,0
140014019,'1179271',1150,,2740,9,,,0
140014019,'1179298',1650,,2741,9,,,0
140014019,'1179320',1420,,2742,9,,,0
140014019,'1179323',950,,2743,9,,,0
140014019,'1179350',850,,2745,9,,,0
140014019,'1179353',1750,,2746,9,,,0
140014019,'1179366',1950,,2747,9,,,0
140014019,'1179392',1550,,2748,9,,,0
140014019,'1179403',1850,,2749,9,,,0
140014019,'1179433',1350,,2751,9,,,0
140014019,'1179443',920,,2752,9,,,0
140014019,'1179446',1150,,2753,9,,,0
140014019,'1179449',1020,,2754,9,,,0
140014019,'1179493',1050,,2755,9,,,0
140014019,'1179524',1650,,2757,9,,,0
140014019,'1179535',1320,,2758,9,,,0
140014019,'1179547',1250,,2759,9,,,0
140014019,'1179557',1820,,2761,9,0,8 21,0
140014019,'1179561',1520,,2762,9,,,0
140014019,'1179577',1250,,2763,9,,,0
140014019,'1179598',2050,,2764,9,,,0
140014019,'1179600',2150,,2765,9,,,0
140014019,'1179608',1850,,2766,9,,,0
140014019,'1179636',1620,,2767,9,,,0
140014019,'1179638',850,,2768,9,,,0
140014019,'1179648',1950,,2769,9,,,0
140014019,'1179654',2050,,2770,9,,,0
140014019,'1179662',1050,,2771,9,,,0
190013019,'1178916',1700,,2896,54,,,0
190013019,'1178919',2030,,2897,54,,,0
190013019,'1178920',1200,,2898,54,,,0
190013019,'1178929',830,,2899,54,,,0
190013019,'1178930',1730,,2900,54,,,0
190013019,'1178972',2030,,2901,54,,,0
190013019,'1178983',1300,,2902,54,,,0
190013019,'1178994',2230,,2903,54,,,0
190013019,'1178997',1230,,2904,54,,,0
190013019,'1179048',1600,,2905,54,,,0
190013019,'1179062',1630,,2906,54,,,0
190013019,'1179074',1400,,2907,54,,,0
190013019,'1179087',1330,,2908,54,,,0
190013019,'1179104',1100,,2909,54,,,0
190013019,'1179187',930,,2911,54,,,0
190013019,'1179202',1130,,2912,54,,,0
190013019,'1179203',1030,,2913,54,,,0
190013019,'1179212',1530,,2914,54,,,0
190013019,'1179219',1330,,2915,54,,,0
190013019,'1179243',830,,2916,54,,,0
190013019,'1179287',2230,,2917,54,,,0
190013019,'1179292',1130,,2918,54,,,0
190013019,'1179300',800,,2919,54,,,0
190013019,'1179354',630,,2920,22,,,0
190013019,'1179373',1030,,2921,54,,,0
190013019,'1179380',1430,,2922,54,,,0
190013019,'1179402',1430,,2923,54,,,0
190013019,'1179411',1500,,2924,54,,,0
190013019,'1179457',1930,,2925,54,,,0
190013019,'1179504',730,,2926,54,,,0
190013019,'1179507',1000,,2927,54,,,0
190013019,'1179509',1230,,2928,54,,,0
190013019,'1179516',1630,,2929,54,,,0
190013019,'1179531',2130,,2930,54,,,0
190013019,'1179537',930,,2931,54,,,0
190013019,'1179539',1830,,2932,54,,,0
190013019,'1179546',730,,2933,54,,,0
190013019,'1179553',1930,,2934,54,,,0
190013019,'1179581',700,,2935,22,,,0
190013019,'1179591',1730,,2936,54,,,0
190013019,'1179611',1800,,2937,54,,,0
190013019,'1179635',1530,,2938,54,,,0
190013019,'1179694',900,,2939,54,,,0
190013019,'1179701',2130,,2940,54,,,0
190013019,'1179717',1830,,2941,54,,,0
