116019,'1178992',749,,2257,21,,,0
116019,'1179088',649,,2258,21,,,0
116019,'1179141',1449,,2259,21,,,0
116019,'1179172',1149,,2260,21,,,0
116019,'1179177',849,,2261,21,,,0
116019,'1179190',1619,,2262,21,,,0
116019,'1179215',1049,,2263,21,,,0
116019,'1179228',819,,2264,21,,,0
116019,'1179247',949,,2265,21,,,0
116019,'1179275',1549,,2266,21,,,0
116019,'1179278',1249,,2267,21,,,0
116019,'1179313',1749,,2268,21,,,0
116019,'1179314',2049,,2269,21,,,0
116019,'1179339',719,,2270,21,,,0
116019,'1179343',1949,,2271,21,,,0
116019,'1179381',1849,,2272,21,,,0
116019,'1179418',1649,,2273,21,,,0
116019,'1179432',1719,,2274,21,,,0
116019,'1179439',1349,,2275,21,,,0
116019,'1179515',919,,2276,21,,,0
116019,'1179606',1819,,2277,21,,,0
116019,'1179706',2149,,2278,21,,,0
116019,'1179803',1049,,2279,21,,,0
116019,'1179806',2149,,2280,21,,,0
116019,'1179811',1949,,2281,21,,,0
116019,'1179814',819,,2282,21,,,0
116019,'1179815',2149,,2283,21,,,0
116019,'1179816',2049,,2284,21,,,0
116019,'1179818',749,,2285,21,,,0
116019,'1179820',1619,,2286,21,,,0
116019,'1179826',749,,2287,21,,,0
116019,'1179838',849,,2288,21,,,0
116019,'1179860',1719,,2289,21,,,0
116019,'1179861',1649,,2290,21,,,0
116019,'1179871',1849,,2291,21,,,0
116019,'1179879',719,,2292,21,,,0
116019,'1179890',1849,,2293,21,,,0
116019,'1179910',1749,,2294,21,,,0
116019,'1179933',1449,,2295,21,,,0
116019,'1179936',1249,,2296,21,,,0
116019,'1179944',1549,,2297,21,,,0
116019,'1179946',1819,,2298,21,,,0
116019,'1179950',1549,,2299,21,,,0
116019,'1179954',949,,2300,21,,,0
116019,'1179959',2049,,2301,21,,,0
116019,'1179965',1649,,2302,21,,,0
116019,'1179966',849,,2303,21,,,0
116019,'1179975',1049,,2304,21,,,0
116019,'1179985',1749,,2305,21,,,0
116019,'1180003',1349,,2306,21,,,0
116019,'1180007',1149,,2307,21,,,0
116019,'1180008',1349,,2308,21,,,0
116019,'1180010',649,,2309,21,,,0
116019,'1180011',1949,,2310,21,,,0
116019,'1180027',919,,2311,21,,,0
116019,'1180032',1449,,2312,21,,,0
116019,'1180034',1149,,2313,21,,,0
116019,'1180036',949,,2314,21,,,0
116019,'1180063',1249,,2315,21,,,0
