120019,'1178966',1339,,2316,22,,,0
120019,'1178998',1539,,2317,22,,,0
120019,'1179031',1639,,2318,22,,,0
120019,'1179149',1439,,2319,22,,,0
120019,'1179182',1139,,2320,22,,,0
120019,'1179282',939,,2321,22,,,0
120019,'1179296',1739,,2322,22,,,0
120019,'1179596',1039,,2323,22,,,0
120019,'1179628',1239,,2324,22,,,0
190011019,'1178950',727,,2849,17,,,0
190011019,'1178970',1857,,2850,17,,,0
190011019,'1179009',1827,,2851,17,0,8 21,0
190011019,'1179040',2057,,2852,17,,,0
190011019,'1179145',857,,2854,17,,,0
190011019,'1179159',1757,,2856,17,,,0
190011019,'1179162',2252,,2857,17,0,12,0
190011019,'1179163',757,,2858,17,,,0
190011019,'1179248',657,,2859,17,,,0
190011019,'1179252',1757,,2860,17,,,0
190011019,'1179276',1957,,2861,17,,,0
190011019,'1179307',657,,2862,17,,,0
190011019,'1179332',1058,,2864,18,,,0
190011019,'1179340',857,,2865,17,,,0
190011019,'1179367',1727,,2866,17,,,0
190011019,'1179394',2157,,2869,17,,,0
190011019,'1179412',2252,,2870,17,0,12,0
190011019,'1179413',1258,,2871,18,,,0
190011019,'1179424',2157,,2872,17,,,0
190011019,'1179426',1358,,2873,18,,,0
190011019,'1179430',1558,,2874,18,,,0
190011019,'1179437',1058,,2875,18,,,0
190011019,'1179438',1558,,2876,18,,,0
190011019,'1179442',1857,,2877,17,,,0
190011019,'1179477',757,,2878,17,,,0
190011019,'1179521',1358,,2879,18,,,0
190011019,'1179528',1158,,2880,18,,,0
190011019,'1179555',1957,,2882,17,,,0
190011019,'1179572',1158,,2883,18,,,0
190011019,'1179590',1458,,2884,18,,,0
190011019,'1179619',1657,,2885,17,,,0
190011019,'1179642',957,,2886,17,,,0
190011019,'1179650',1258,,2887,18,,,0
190011019,'1179666',827,,2889,17,,,0
190011019,'1179677',2057,,2891,17,,,0
190011019,'1179678',927,,2892,17,,,0
190011019,'1179688',1657,,2893,17,,,0
190011019,'1179700',1458,,2894,18,,,0
190011019,'1179709',957,,2895,17,,,0
