140019,'1178969',1328,,2352,21,,,0
140019,'1178977',1528,,2353,21,,,0
140019,'1179164',1628,,2354,21,,,0
140019,'1179344',1428,,2355,21,,,0
140019,'1179352',928,,2356,21,,,0
140019,'1179462',1228,,2357,21,,,0
140019,'1179512',1128,,2358,21,,,0
140019,'1179518',1028,,2359,21,,,0
140019,'1179634',1728,,2360,21,,,0
190013019,'1178916',1627,,2896,25,,,0
190013019,'1178919',1957,,2897,25,,,0
190013019,'1178920',1127,,2898,25,,,0
190013019,'1178929',757,,2899,25,,,0
190013019,'1178930',1657,,2900,25,,,0
190013019,'1178972',1957,,2901,25,,,0
190013019,'1178983',1227,,2902,25,,,0
190013019,'1178994',2157,,2903,25,,,0
190013019,'1178997',1157,,2904,25,,,0
190013019,'1179048',1527,,2905,25,,,0
190013019,'1179062',1557,,2906,25,,,0
190013019,'1179074',1327,,2907,25,,,0
190013019,'1179087',1257,,2908,25,,,0
190013019,'1179104',1027,,2909,25,,,0
190013019,'1179171',1827,,2910,25,0,8 21,0
190013019,'1179187',857,,2911,25,,,0
190013019,'1179202',1057,,2912,25,,,0
190013019,'1179203',957,,2913,25,,,0
190013019,'1179212',1457,,2914,25,,,0
190013019,'1179219',1257,,2915,25,,,0
190013019,'1179243',757,,2916,25,,,0
190013019,'1179287',2157,,2917,25,,,0
190013019,'1179292',1057,,2918,25,,,0
190013019,'1179300',727,,2919,25,,,0
190013019,'1179373',957,,2921,25,,,0
190013019,'1179380',1357,,2922,25,,,0
190013019,'1179402',1357,,2923,25,,,0
190013019,'1179411',1427,,2924,25,,,0
190013019,'1179457',1857,,2925,25,,,0
190013019,'1179504',657,,2926,25,,,0
190013019,'1179507',927,,2927,25,,,0
190013019,'1179509',1157,,2928,25,,,0
190013019,'1179516',1557,,2929,25,,,0
190013019,'1179531',2057,,2930,25,,,0
190013019,'1179537',857,,2931,25,,,0
190013019,'1179539',1757,,2932,25,,,0
190013019,'1179546',657,,2933,25,,,0
190013019,'1179553',1857,,2934,25,,,0
190013019,'1179591',1657,,2936,25,,,0
190013019,'1179611',1727,,2937,25,,,0
190013019,'1179635',1457,,2938,25,,,0
190013019,'1179694',827,,2939,25,,,0
190013019,'1179701',2057,,2940,25,,,0
190013019,'1179717',1757,,2941,25,,,0
