140019,'1178969',1332,,2352,26,,,0
140019,'1178977',1532,,2353,26,,,0
140019,'1179164',1632,,2354,26,,,0
140019,'1179344',1432,,2355,26,,,0
140019,'1179352',932,,2356,26,,,0
140019,'1179462',1232,,2357,26,,,0
140019,'1179512',1132,,2358,26,,,0
140019,'1179518',1032,,2359,26,,,0
140019,'1179634',1732,,2360,26,,,0
190013019,'1178916',1630,,2896,30,,,0
190013019,'1178919',2000,,2897,30,,,0
190013019,'1178920',1130,,2898,30,,,0
190013019,'1178929',800,,2899,30,,,0
190013019,'1178930',1700,,2900,30,,,0
190013019,'1178972',2000,,2901,30,,,0
190013019,'1178983',1230,,2902,30,,,0
190013019,'1178994',2200,,2903,30,,,0
190013019,'1178997',1200,,2904,30,,,0
190013019,'1179048',1530,,2905,30,,,0
190013019,'1179062',1600,,2906,30,,,0
190013019,'1179074',1330,,2907,30,,,0
190013019,'1179087',1300,,2908,30,,,0
190013019,'1179104',1030,,2909,30,,,0
190013019,'1179171',1830,,2910,30,0,8 21,0
190013019,'1179187',900,,2911,30,,,0
190013019,'1179202',1100,,2912,30,,,0
190013019,'1179203',1000,,2913,30,,,0
190013019,'1179212',1500,,2914,30,,,0
190013019,'1179219',1300,,2915,30,,,0
190013019,'1179243',800,,2916,30,,,0
190013019,'1179287',2200,,2917,30,,,0
190013019,'1179292',1100,,2918,30,,,0
190013019,'1179300',730,,2919,30,,,0
190013019,'1179373',1000,,2921,30,,,0
190013019,'1179380',1400,,2922,30,,,0
190013019,'1179402',1400,,2923,30,,,0
190013019,'1179411',1430,,2924,30,,,0
190013019,'1179457',1900,,2925,30,,,0
190013019,'1179504',700,,2926,30,,,0
190013019,'1179507',930,,2927,30,,,0
190013019,'1179509',1200,,2928,30,,,0
190013019,'1179516',1600,,2929,30,,,0
190013019,'1179531',2100,,2930,30,,,0
190013019,'1179537',900,,2931,30,,,0
190013019,'1179539',1800,,2932,30,,,0
190013019,'1179546',700,,2933,30,,,0
190013019,'1179553',1900,,2934,30,,,0
190013019,'1179591',1700,,2936,30,,,0
190013019,'1179611',1730,,2937,30,,,0
190013019,'1179635',1500,,2938,30,,,0
190013019,'1179694',830,,2939,30,,,0
190013019,'1179701',2100,,2940,30,,,0
190013019,'1179717',1800,,2941,30,,,0
