140016019,'1175722',1120,,1882,27,,,0
140016019,'1175752',720,,1883,27,,,0
140016019,'1175760',2020,,1884,27,,,0
140016019,'1175908',850,,1888,27,,,0
140016019,'1175922',1220,,1889,27,,,0
140016019,'1175936',820,,1890,27,,,0
140016019,'1175986',1420,,1892,27,,,0
140016019,'1175988',1320,,1893,27,,,0
140016019,'1175989',1820,,1894,27,,,0
140016019,'1176015',920,,1896,27,,,0
140016019,'1176168',1320,,1898,27,,,0
140016019,'1176170',1550,,1899,27,,,0
140016019,'1176241',2120,,1900,27,,,0
140016019,'1176247',750,,1901,27,,,0
140016019,'1176270',2220,,1902,27,,,0
140016019,'1176280',1620,,1903,27,,,0
140016019,'1176296',1520,,1904,27,,,0
140016019,'1176309',2220,,1905,27,,,0
140016019,'1176320',1820,,1906,27,,,0
140016019,'1176381',1020,,1908,27,,,0
140016019,'1176402',2020,,1909,27,,,0
140016019,'1176421',820,,1910,27,,,0
140016019,'1176486',1750,,1911,27,,,0
140016019,'1176492',1120,,1912,27,,,0
140016019,'1176495',1920,,1913,27,,,0
140016019,'1176500',1620,,1914,27,,,0
140016019,'1176504',1720,,1915,27,,,0
140016019,'1176510',1520,,1916,27,,,0
140016019,'1176518',1650,,1917,27,,,0
140016019,'1176524',1020,,1918,27,,,0
140016019,'1176533',920,,1919,27,,,0
140016019,'1176577',2120,,1921,27,,,0
140016019,'1176602',1420,,1924,27,,,0
140016019,'1176621',1920,,1926,27,,,0
140016019,'1176627',1720,,1927,27,,,0
140016019,'1176666',720,,1928,7,,,0
140016019,'1176671',1220,,1929,27,,,0
