150029,'1179828',1005,,2397,12,,,0
150029,'1179915',1205,,2398,12,,,0
150029,'1179932',905,,2399,12,,,0
150029,'1179948',1505,,2400,12,,,0
150029,'1179983',1305,,2401,12,,,0
150029,'1180009',1105,,2402,12,,,0
150029,'1180017',1705,,2403,12,,,0
150029,'1180040',1605,,2404,12,,,0
150029,'1180079',1405,,2405,12,,,0
300019,'1179799',1024,,2563,9,0,8 9 2 26,0
300019,'1179823',1854,,2567,9,0,23 24 2 26,0
300019,'1179833',954,,2569,9,0,23 24 2 26,0
300019,'1179836',924,,2570,9,0,23 24 2 26,0
300019,'1179840',1454,,2571,9,0,23 24 2 26,0
300019,'1179841',2054,,2572,9,0,23 24 2 26,0
300019,'1179850',754,,2575,9,0,23 24 2 26,0
300019,'1179894',1554,,2591,9,0,23 24 2 26,0
300019,'1179906',1254,,2594,9,0,23 24 2 26,0
300019,'1179908',724,,2595,9,0,23 24 2 26,0
300019,'1179942',2154,,2602,9,0,8 9 2 26,0
300019,'1179957',1054,,2605,9,0,23 24 2 26,0
300019,'1179970',1954,,2610,9,0,23 24 2 26,0
300019,'1179981',1654,,2611,9,0,23 24 2 26,0
300019,'1179988',824,,2612,9,0,23 24 2 26,0
300019,'1179996',1624,,2615,9,0,23 24 2 26,0
300019,'1180000',1354,,2616,9,0,23 24 2 26,0
300019,'1180022',1724,,2618,9,0,23 24 2 26,0
300019,'1180035',854,,2620,9,0,23 24 2 26,0
300019,'1180043',1154,,2624,9,0,23 24 2 26,0
300019,'1180046',1824,,2625,9,0,8 9 2 26,0
300019,'1180061',1754,,2629,9,0,23 24 2 26,0
300019,'1180122',954,,3099,10,0,23 24 2 26,0
300019,'1180123',954,,3100,10,0,23 24 2 26,0
300019,'1180124',1554,,3101,10,0,23 24 2 26,0
300019,'1180127',724,,3104,10,0,23 24 2 26,0
300019,'1180128',1154,,3105,10,0,23 24 2 26,0
300019,'1180129',1754,,3106,10,0,23 24 2 26,0
300019,'1180135',1724,,3112,10,0,23 24 2 26,0
300019,'1180137',754,,3114,10,0,23 24 2 26,0
300019,'1180141',854,,3118,10,0,23 24 2 26,0
300019,'1180142',1454,,3119,10,0,23 24 2 26,0
300019,'1180144',1954,,3121,10,0,23 24 2 26,0
300019,'1180146',1954,,3123,10,0,23 24 2 26,0
300019,'1180147',2154,,3124,10,0,8 9 2 26,0
300019,'1180148',1554,,3125,10,0,23 24 2 26,0
300019,'1180149',1454,,3126,10,0,23 24 2 26,0
300019,'1180153',1054,,3130,10,0,23 24 2 26,0
300019,'1180154',1054,,3131,10,0,23 24 2 26,0
300019,'1180155',1354,,3132,10,0,23 24 2 26,0
300019,'1180157',2054,,3134,10,0,23 24 2 26,0
300019,'1180158',1824,,3135,10,0,8 9 2 26,0
300019,'1180160',1654,,3137,10,0,23 24 2 26,0
300019,'1180162',2154,,3139,10,0,8 9 2 26,0
300019,'1180163',1254,,3140,10,0,23 24 2 26,0
300019,'1180165',1354,,3142,10,0,23 24 2 26,0
300019,'1180170',924,,3147,10,0,23 24 2 26,0
300019,'1180171',754,,3148,10,0,23 24 2 26,0
300019,'1180172',1154,,3149,10,0,23 24 2 26,0
300019,'1180173',1854,,3150,10,0,23 24 2 26,0
300019,'1180174',1254,,3151,10,0,23 24 2 26,0
300019,'1180180',1624,,3157,10,0,23 24 2 26,0
300019,'1180184',1654,,3161,10,0,23 24 2 26,0
300019,'1180185',1754,,3162,10,0,23 24 2 26,0
300019,'1180186',824,,3163,10,0,23 24 2 26,0
300019,'1180187',1024,,3164,10,0,8 9 2 26,0
300019,'1180190',2054,,3167,10,0,23 24 2 26,0
300019,'1180192',1854,,3169,10,0,23 24 2 26,0
300019,'1180193',854,,3170,10,0,23 24 2 26,0
190015019,'1179083',624,,2946,12,,,0
190015019,'1179637',654,,2969,12,,,0
190015019,'1179791',2124,,2973,37,,,0
190015019,'1179793',724,,2974,37,,,0
190015019,'1179804',724,,2975,37,,,0
190015019,'1179812',1124,,2976,37,,,0
190015019,'1179819',824,,2977,37,,,0
190015019,'1179825',1224,,2978,37,,,0
190015019,'1179856',854,,2980,37,,,0
190015019,'1179872',824,,2981,37,,,0
190015019,'1179885',1654,,2982,37,,,0
190015019,'1179887',1424,,2983,37,,,0
190015019,'1179898',1524,,2984,37,,,0
190015019,'1179909',1024,,2985,37,,,0
190015019,'1179919',1824,,2986,37,,,0
190015019,'1179920',924,,2987,37,,,0
190015019,'1179923',1454,,2988,37,,,0
190015019,'1179931',2124,,2989,37,,,0
190015019,'1179935',1724,,2991,37,,,0
190015019,'1179940',1154,,2992,37,,,0
190015019,'1179952',1224,,2993,37,,,0
190015019,'1179960',1324,,2994,37,,,0
190015019,'1179961',1524,,2995,37,,,0
190015019,'1179980',1054,,2997,37,,,0
190015019,'1179982',1754,,2998,37,,,0
190015019,'1179992',1554,,2999,37,,,0
190015019,'1179995',1124,,3000,37,,,0
190015019,'1179999',1254,,3001,37,,,0
190015019,'1180013',1924,,3002,37,,,0
190015019,'1180014',2024,,3003,37,,,0
190015019,'1180015',954,,3004,37,,,0
190015019,'1180016',2024,,3005,37,,,0
190015019,'1180026',1924,,3007,37,,,0
190015019,'1180029',1024,,3008,37,,,0
190015019,'1180044',1624,,3009,37,,,0
190015019,'1180058',1354,,3011,37,,,0
190015019,'1180059',1724,,3012,37,,,0
190015019,'1180068',1824,,3013,37,,,0
190015019,'1180070',1624,,3014,37,,,0
190015019,'1180075',924,,3015,37,,,0
190015019,'1180077',1324,,3016,37,,,0
190015019,'1180080',754,,3017,37,,,0
190015019,'1180081',1424,,3018,37,,,0
