130019,'1179053',1732,,2334,15,,,0
130019,'1179067',1332,,2335,15,,,0
130019,'1179069',1032,,2336,15,,,0
130019,'1179093',1132,,2337,15,,,0
130019,'1179108',1232,,2338,15,,,0
130019,'1179294',1532,,2339,15,,,0
130019,'1179386',1632,,2340,15,,,0
130019,'1179541',932,,2341,15,,,0
130019,'1179675',1432,,2342,15,,,0
140012019,'1178913',1155,,2679,15,,,0
140012019,'1178923',1155,,2680,15,,,0
140012019,'1178934',955,,2681,15,,,0
140012019,'1178935',755,,2682,15,,,0
140012019,'1178953',855,,2683,15,,,0
140012019,'1178981',655,,2684,15,,,0
140012019,'1178986',1425,,2685,15,,,0
140012019,'1179006',1325,,2686,15,,,0
140012019,'1179011',725,,2687,15,,,0
140012019,'1179015',1855,,2688,15,,,0
140012019,'1179046',855,,2689,15,,,0
140012019,'1179102',1555,,2690,15,,,0
140012019,'1179154',1355,,2691,15,,,0
140012019,'1179183',1955,,2692,15,,,0
140012019,'1179185',925,,2693,15,,,0
140012019,'1179216',2255,,2694,15,0,8 21,0
140012019,'1179230',955,,2695,15,,,0
140012019,'1179233',1555,,2696,15,,,0
140012019,'1179236',755,,2697,15,,,0
140012019,'1179238',1455,,2698,15,,,0
140012019,'1179244',2055,,2699,15,,,0
140012019,'1179245',1855,,2700,15,,,0
140012019,'1179255',1825,,2702,15,0,8 21,0
140012019,'1179261',1055,,2703,15,,,0
140012019,'1179316',1955,,2704,15,,,0
140012019,'1179325',825,,2705,15,,,0
140012019,'1179348',1255,,2706,15,,,0
140012019,'1179359',1725,,2707,15,,,0
140012019,'1179372',2155,,2708,15,,,0
140012019,'1179387',1255,,2709,15,,,0
140012019,'1179399',1125,,2710,15,,,0
140012019,'1179425',2055,,2711,15,,,0
140012019,'1179444',1625,,2712,15,,,0
140012019,'1179495',1355,,2713,15,,,0
140012019,'1179499',1525,,2714,15,,,0
140012019,'1179510',1655,,2715,15,,,0
140012019,'1179511',2155,,2716,15,,,0
140012019,'1179526',1755,,2717,15,,,0
140012019,'1179556',1055,,2718,15,,,0
140012019,'1179567',1225,,2719,15,,,0
140012019,'1179578',2255,,2720,15,0,8 21,0
140012019,'1179644',1755,,2721,15,,,0
140012019,'1179693',1025,,2722,15,,,0
140012019,'1179704',1455,,2723,15,,,0
140012019,'1179715',1655,,2724,15,,,0
