300019,'1179789',654,,2559,5,0,23 24 2 25,0
300019,'1179794',1924,,2560,6,0,23 24 2 25,0
300019,'1179797',1724,,2562,6,0,23 24 2 25,0
300019,'1179830',824,,2568,6,0,23 24 2 25,0
300019,'1179848',2024,,2574,6,0,23 24 2 25,0
300019,'1179857',1754,,2580,6,0,23 24 2 25,0
300019,'1179880',924,,2586,6,0,23 24 2 25,0
300019,'1179889',954,,2589,6,0,23 24 2 25,0
300019,'1179892',1224,,2590,6,0,23 24 2 25,0
300019,'1179900',1654,,2592,6,0,23 24 2 25,0
300019,'1179916',1024,,2597,6,0,23 24 2 25,0
300019,'1179927',1824,,2599,6,0,23 24 2 25,0
300019,'1179928',754,,2600,6,0,23 24 2 25,0
300019,'1179937',2124,,2601,6,0,23 24 2 25,0
300019,'1179962',1524,,2606,6,0,23 24 2 25,0
300019,'1179990',1424,,2613,6,0,23 24 2 25,0
300019,'1179993',1624,,2614,6,0,23 24 2 25,0
300019,'1180030',724,,2619,6,0,23 24 2 25,0
300019,'1180038',1324,,2622,6,0,23 24 2 25,0
300019,'1180039',1554,,2623,6,0,23 24 2 25,0
300019,'1180051',1124,,2627,6,0,23 24 2 25,0
300019,'1180066',854,,2630,6,0,23 24 2 25,0
300019,'1180121',654,,3098,5,0,23 24 2 25,0
300019,'1180125',724,,3102,5,0,23 24 2 25,0
300019,'1180126',1424,,3103,6,0,23 24 2 25,0
300019,'1180130',924,,3107,6,0,23 24 2 25,0
300019,'1180131',1224,,3108,6,0,23 24 2 25,0
300019,'1180132',1124,,3109,6,0,23 24 2 25,0
300019,'1180133',2124,,3110,6,0,23 24 2 25,0
300019,'1180134',1554,,3111,6,0,23 24 2 25,0
300019,'1180136',824,,3113,6,0,23 24 2 25,0
300019,'1180138',1124,,3115,6,0,23 24 2 25,0
300019,'1180139',1324,,3116,6,0,23 24 2 25,0
300019,'1180140',1624,,3117,6,0,23 24 2 25,0
300019,'1180143',1754,,3120,6,0,23 24 2 25,0
300019,'1180145',1424,,3122,6,0,23 24 2 25,0
300019,'1180150',854,,3127,6,0,23 24 2 25,0
300019,'1180151',2024,,3128,6,0,23 24 2 25,0
300019,'1180152',824,,3129,6,0,23 24 2 25,0
300019,'1180156',924,,3133,6,0,23 24 2 25,0
300019,'1180159',954,,3136,6,0,23 24 2 25,0
300019,'1180161',1724,,3138,6,0,23 24 2 25,0
300019,'1180164',1024,,3141,6,0,23 24 2 25,0
300019,'1180166',1524,,3143,6,0,23 24 2 25,0
300019,'1180167',1224,,3144,6,0,23 24 2 25,0
300019,'1180168',1924,,3145,6,0,23 24 2 25,0
300019,'1180169',1724,,3146,6,0,23 24 2 25,0
300019,'1180175',724,,3152,6,0,23 24 2 25,0
300019,'1180176',1024,,3153,6,0,23 24 2 25,0
300019,'1180177',1654,,3154,6,0,23 24 2 25,0
300019,'1180178',1624,,3155,6,0,23 24 2 25,0
300019,'1180179',1524,,3156,6,0,23 24 2 25,0
300019,'1180181',2124,,3158,6,0,23 24 2 25,0
300019,'1180182',1824,,3159,6,0,23 24 2 25,0
300019,'1180183',754,,3160,6,0,23 24 2 25,0
300019,'1180188',2024,,3165,6,0,23 24 2 25,0
300019,'1180189',1924,,3166,6,0,23 24 2 25,0
300019,'1180191',1824,,3168,6,0,23 24 2 25,0
300019,'1180194',1324,,3171,6,0,23 24 2 25,0
