120029,'1179032',1522,,2325,10,,,0
120029,'1179055',1322,,2326,10,,,0
120029,'1179056',1622,,2327,10,,,0
120029,'1179099',1722,,2328,10,,,0
120029,'1179153',922,,2329,10,,,0
120029,'1179222',1422,,2330,10,,,0
120029,'1179429',1122,,2331,10,,,0
120029,'1179447',1022,,2332,10,,,0
120029,'1179575',1222,,2333,10,,,0
190017019,'1178932',916,,3019,10,,,0
190017019,'1179000',2146,,3021,10,0,8 21,0
190017019,'1179014',1816,,3022,10,0,8 21,0
190017019,'1179016',616,,3023,10,,,0
190017019,'1179092',646,,3025,10,,,0
190017019,'1179151',1846,,3026,10,,,0
190017019,'1179161',1716,,3027,10,,,0
190017019,'1179277',816,,3028,10,,,0
190017019,'1179427',1246,,3032,10,,,0
190017019,'1179455',1346,,3033,10,,,0
190017019,'1179519',1746,,3035,10,,,0
190017019,'1179529',2246,,3036,10,0,8 21,0
190017019,'1179533',716,,3037,10,,,0
190017019,'1179573',1146,,3039,10,,,0
190017019,'1179579',1046,,3040,10,,,0
190017019,'1179599',2046,,3041,10,,,0
190017019,'1179610',1946,,3042,10,,,0
190017019,'1179626',1616,,3043,10,,,0
190017019,'1179667',746,,3044,10,,,0
190017019,'1179680',1546,,3045,10,,,0
190017019,'1179683',846,,3046,10,,,0
190017019,'1179686',1446,,3047,10,,,0
190017019,'1179699',946,,3048,10,,,0
190017019,'1179710',1646,,3049,10,,,0
190017019,'1179790',1146,,3050,10,,,0
190017019,'1179796',1346,,3051,10,,,0
190017019,'1179813',2246,,3052,10,0,8 21,0
190017019,'1179821',1446,,3053,10,,,0
190017019,'1179824',616,,3054,10,,,0
190017019,'1179832',1046,,3055,10,,,0
190017019,'1179843',846,,3056,10,,,0
190017019,'1179845',2046,,3057,10,,,0
190017019,'1179847',2146,,3058,10,0,8 21,0
190017019,'1179859',1646,,3060,10,,,0
190017019,'1179863',946,,3061,10,,,0
190017019,'1179870',816,,3062,10,,,0
190017019,'1179874',1246,,3063,10,,,0
190017019,'1179876',1846,,3064,10,,,0
190017019,'1179884',1616,,3065,10,,,0
190017019,'1179891',1546,,3066,10,,,0
190017019,'1179895',1816,,3067,10,0,8 21,0
190017019,'1179896',746,,3068,10,,,0
190017019,'1179899',1546,,3069,10,,,0
190017019,'1179905',646,,3070,10,,,0
190017019,'1179912',2046,,3071,10,,,0
190017019,'1179917',1746,,3072,10,,,0
190017019,'1179922',1346,,3073,10,,,0
190017019,'1179924',1446,,3074,10,,,0
190017019,'1179953',2146,,3078,10,0,8 21,0
190017019,'1179955',846,,3079,10,,,0
190017019,'1179971',1246,,3080,10,,,0
190017019,'1179977',1846,,3081,10,,,0
190017019,'1179978',1046,,3082,10,,,0
190017019,'1179979',1716,,3083,10,,,0
190017019,'1179986',746,,3084,10,,,0
190017019,'1179987',946,,3085,10,,,0
190017019,'1179994',1646,,3086,10,,,0
190017019,'1180001',916,,3087,10,,,0
190017019,'1180005',646,,3089,10,,,0
190017019,'1180041',2246,,3091,10,0,8 21,0
190017019,'1180050',1946,,3092,10,,,0
190017019,'1180055',1146,,3093,10,,,0
190017019,'1180056',1746,,3094,10,,,0
190017019,'1180065',1946,,3095,10,,,0
190017019,'1180069',716,,3096,10,,,0
