110029,'1178926',1302,,2248,13,,,0
110029,'1179044',902,,2249,13,,,0
110029,'1179118',1102,,2250,13,,,0
110029,'1179173',1202,,2251,13,,,0
110029,'1179459',1702,,2252,13,,,0
110029,'1179534',1402,,2253,13,,,0
110029,'1179542',1602,,2254,13,,,0
110029,'1179690',1002,,2255,13,,,0
110029,'1179707',1502,,2256,13,,,0
160029,'1178957',908,,2424,23,,,0
160029,'1179098',1408,,2425,23,,,0
160029,'1179137',1608,,2426,23,,,0
160029,'1179301',1208,,2427,23,,,0
160029,'1179398',1308,,2428,23,,,0
160029,'1179410',1708,,2429,23,,,0
160029,'1179543',1108,,2430,23,,,0
160029,'1179558',1008,,2431,23,,,0
160029,'1179623',1508,,2432,23,,,0
216019,'1178924',800,,2470,25,,,0
216019,'1178948',630,,2471,25,,,0
216019,'1178963',2130,,2472,25,,,0
216019,'1178968',1230,,2473,25,,,0
216019,'1179019',1800,,2474,25,,,0
216019,'1179021',1600,,2475,25,,,0
216019,'1179029',1430,,2476,25,,,0
216019,'1179050',1530,,2477,25,,,0
216019,'1179070',1430,,2478,25,,,0
216019,'1179075',1830,,2479,25,,,0
216019,'1179116',733,,2480,26,,,0
216019,'1179123',1330,,2481,25,,,0
216019,'1179160',1733,,2482,26,,,0
216019,'1179179',2030,,2483,25,,,0
216019,'1179181',1130,,2484,25,,,0
216019,'1179199',930,,2485,25,,,0
216019,'1179206',1530,,2486,25,,,0
216019,'1179328',1030,,2487,25,,,0
216019,'1179338',1230,,2488,25,,,0
216019,'1179345',830,,2489,25,,,0
216019,'1179368',1703,,2490,26,,,0
216019,'1179369',1030,,2491,25,,,0
216019,'1179374',1633,,2492,26,,,0
216019,'1179421',1830,,2493,25,,,0
216019,'1179431',1130,,2494,25,,,0
216019,'1179458',1930,,2495,25,,,0
216019,'1179488',730,,2496,25,,,0
216019,'1179523',1330,,2497,25,,,0
216019,'1179574',2030,,2498,25,,,0
216019,'1179582',1930,,2499,25,,,0
216019,'1179605',900,,2500,25,,,0
216019,'1179647',1730,,2501,25,,,0
216019,'1179669',830,,2502,25,,,0
216019,'1179695',2130,,2503,25,,,0
216019,'1179712',703,,2504,26,,,0
216019,'1179714',930,,2505,25,,,0
216019,'1179719',1630,,2506,25,,,0
190011019,'1178945',1553,,2848,13,,,0
190011019,'1178950',753,,2849,37,,,0
190011019,'1178970',1923,,2850,37,,,0
190011019,'1179040',2123,,2852,37,,,0
190011019,'1179064',1053,,2853,13,,,0
190011019,'1179145',923,,2854,37,,,0
190011019,'1179146',1153,,2855,13,,,0
190011019,'1179159',1823,,2856,37,,,0
190011019,'1179163',823,,2858,37,,,0
190011019,'1179248',723,,2859,37,,,0
190011019,'1179252',1823,,2860,37,,,0
190011019,'1179276',2023,,2861,37,,,0
190011019,'1179307',723,,2862,37,,,0
190011019,'1179317',1253,,2863,13,,,0
190011019,'1179332',1123,,2864,38,,,0
190011019,'1179340',923,,2865,37,,,0
190011019,'1179367',1753,,2866,37,,,0
190011019,'1179375',1453,,2867,13,,,0
190011019,'1179393',1653,,2868,13,,,0
190011019,'1179394',2223,,2869,37,,,0
190011019,'1179413',1323,,2871,38,,,0
190011019,'1179424',2223,,2872,37,,,0
190011019,'1179426',1423,,2873,38,,,0
190011019,'1179430',1623,,2874,38,,,0
190011019,'1179437',1123,,2875,38,,,0
190011019,'1179438',1623,,2876,38,,,0
190011019,'1179442',1923,,2877,37,,,0
190011019,'1179477',823,,2878,37,,,0
190011019,'1179521',1423,,2879,38,,,0
190011019,'1179528',1223,,2880,38,,,0
190011019,'1179530',653,,2881,13,,,0
190011019,'1179555',2023,,2882,37,,,0
190011019,'1179572',1223,,2883,38,,,0
190011019,'1179590',1523,,2884,38,,,0
190011019,'1179619',1723,,2885,37,,,0
190011019,'1179642',1023,,2886,37,,,0
190011019,'1179650',1323,,2887,38,,,0
190011019,'1179665',623,,2888,16,,,0
190011019,'1179666',853,,2889,37,,,0
190011019,'1179672',1353,,2890,13,,,0
190011019,'1179677',2123,,2891,37,,,0
190011019,'1179678',953,,2892,37,,,0
190011019,'1179688',1723,,2893,37,,,0
190011019,'1179700',1523,,2894,38,,,0
190011019,'1179709',1023,,2895,37,,,0
