120029,'1179032',1600,,2325,40,,,0
120029,'1179055',1400,,2326,40,,,0
120029,'1179056',1700,,2327,40,,,0
120029,'1179099',1813,,2328,40,,,0
120029,'1179153',1000,,2329,40,,,0
120029,'1179222',1500,,2330,40,,,0
120029,'1179429',1200,,2331,40,,,0
120029,'1179447',1100,,2332,40,,,0
120029,'1179575',1300,,2333,40,,,0
140012019,'1178913',1230,,2679,44,,,0
140012019,'1178923',1230,,2680,44,,,0
140012019,'1178934',1030,,2681,44,,,0
140012019,'1178935',830,,2682,44,,,0
140012019,'1178953',930,,2683,44,,,0
140012019,'1178981',730,,2684,44,,,0
140012019,'1178986',1500,,2685,44,,,0
140012019,'1179006',1400,,2686,44,,,0
140012019,'1179011',800,,2687,44,,,0
140012019,'1179015',1930,,2688,44,,,0
140012019,'1179046',930,,2689,44,,,0
140012019,'1179102',1630,,2690,44,,,0
140012019,'1179154',1430,,2691,44,,,0
140012019,'1179183',2030,,2692,44,,,0
140012019,'1179185',1000,,2693,44,,,0
140012019,'1179230',1030,,2695,44,,,0
140012019,'1179233',1630,,2696,44,,,0
140012019,'1179236',830,,2697,44,,,0
140012019,'1179238',1530,,2698,44,,,0
140012019,'1179244',2130,,2699,44,,,0
140012019,'1179245',1930,,2700,44,,,0
140012019,'1179250',730,,2701,22,,,0
140012019,'1179261',1130,,2703,44,,,0
140012019,'1179316',2030,,2704,44,,,0
140012019,'1179325',900,,2705,44,,,0
140012019,'1179348',1330,,2706,44,,,0
140012019,'1179359',1800,,2707,44,,,0
140012019,'1179372',2230,,2708,44,,,0
140012019,'1179387',1330,,2709,44,,,0
140012019,'1179399',1200,,2710,44,,,0
140012019,'1179425',2130,,2711,44,,,0
140012019,'1179444',1700,,2712,44,,,0
140012019,'1179495',1430,,2713,44,,,0
140012019,'1179499',1600,,2714,44,,,0
140012019,'1179510',1730,,2715,44,,,0
140012019,'1179511',2230,,2716,44,,,0
140012019,'1179526',1830,,2717,44,,,0
140012019,'1179556',1130,,2718,44,,,0
140012019,'1179567',1300,,2719,44,,,0
140012019,'1179644',1830,,2721,44,,,0
140012019,'1179693',1100,,2722,44,,,0
140012019,'1179704',1530,,2723,44,,,0
140012019,'1179715',1730,,2724,44,,,0
