110019,'1178947',938,,2239,11,,,0
110019,'1178964',1438,,2240,11,,,0
110019,'1178973',1738,,2241,11,,,0
110019,'1179028',1538,,2242,11,,,0
110019,'1179105',1638,,2243,11,,,0
110019,'1179114',1038,,2244,11,,,0
110019,'1179176',1238,,2245,11,,,0
110019,'1179184',1338,,2246,11,,,0
110019,'1179290',1138,,2247,11,,,0
160029,'1178957',900,,2424,6,,,0
160029,'1179098',1400,,2425,6,,,0
160029,'1179137',1600,,2426,6,,,0
160029,'1179301',1200,,2427,6,,,0
160029,'1179398',1300,,2428,6,,,0
160029,'1179410',1700,,2429,6,,,0
160029,'1179543',1100,,2430,6,,,0
160029,'1179558',1000,,2431,6,,,0
160029,'1179623',1500,,2432,6,,,0
216019,'1178924',750,,2470,6,,,0
216019,'1178948',620,,2471,6,,,0
216019,'1178963',2120,,2472,6,,,0
216019,'1178968',1220,,2473,6,,,0
216019,'1179019',1750,,2474,6,,,0
216019,'1179021',1550,,2475,6,,,0
216019,'1179029',1420,,2476,6,,,0
216019,'1179050',1520,,2477,6,,,0
216019,'1179070',1420,,2478,6,,,0
216019,'1179075',1820,,2479,6,,,0
216019,'1179116',720,,2480,6,,,0
216019,'1179123',1320,,2481,6,,,0
216019,'1179160',1720,,2482,6,,,0
216019,'1179179',2020,,2483,6,,,0
216019,'1179181',1120,,2484,6,,,0
216019,'1179199',920,,2485,6,,,0
216019,'1179206',1520,,2486,6,,,0
216019,'1179328',1020,,2487,6,,,0
216019,'1179338',1220,,2488,6,,,0
216019,'1179345',820,,2489,6,,,0
216019,'1179368',1650,,2490,6,,,0
216019,'1179369',1020,,2491,6,,,0
216019,'1179374',1620,,2492,6,,,0
216019,'1179421',1820,,2493,6,,,0
216019,'1179431',1120,,2494,6,,,0
216019,'1179458',1920,,2495,6,,,0
216019,'1179488',720,,2496,6,,,0
216019,'1179523',1320,,2497,6,,,0
216019,'1179574',2020,,2498,6,,,0
216019,'1179582',1920,,2499,6,,,0
216019,'1179605',850,,2500,6,,,0
216019,'1179647',1720,,2501,6,,,0
216019,'1179669',820,,2502,6,,,0
216019,'1179695',2120,,2503,6,,,0
216019,'1179712',650,,2504,6,,,0
216019,'1179714',920,,2505,6,,,0
216019,'1179719',1620,,2506,6,,,0
140010019,'1178914',1119,,2633,13,0,8 21,0
140010019,'1178921',1449,,2634,13,,,0
140010019,'1178922',948,,2635,13,,,0
140010019,'1178936',719,,2636,13,,,0
140010019,'1178946',2249,,2637,13,0,8 21,0
140010019,'1178979',1048,,2638,13,,,0
140010019,'1179012',748,,2639,13,,,0
140010019,'1179037',1949,,2640,13,,,0
140010019,'1179103',1548,,2641,13,,,0
140010019,'1179122',1319,,2642,13,0,8 21,0
140010019,'1179131',1149,,2643,13,,,0
140010019,'1179140',2149,,2644,13,,,0
140010019,'1179147',919,,2645,13,0,8 21,0
140010019,'1179157',649,,2646,13,,,0
140010019,'1179167',1049,,2647,13,,,0
140010019,'1179178',1748,,2648,13,,,0
140010019,'1179180',2148,,2649,13,,,0
140010019,'1179188',1448,,2650,13,,,0
140010019,'1179217',1948,,2651,13,,,0
140010019,'1179232',1519,,2652,13,0,8 21,0
140010019,'1179251',1619,,2653,13,,,0
140010019,'1179253',819,,2654,13,,,0
140010019,'1179268',1719,,2655,13,,,0
140010019,'1179270',1648,,2656,13,,,0
140010019,'1179336',849,,2658,13,,,0
140010019,'1179347',749,,2659,13,,,0
140010019,'1179361',2049,,2660,13,,,0
140010019,'1179396',2048,,2661,13,,,0
140010019,'1179408',2248,,2662,13,0,8 21,0
140010019,'1179415',1148,,2663,13,,,0
140010019,'1179445',1349,,2664,13,,,0
140010019,'1179452',1749,,2665,13,,,0
140010019,'1179453',1348,,2666,13,,,0
140010019,'1179479',1249,,2667,13,,,0
140010019,'1179483',1219,,2668,13,0,8 21,0
140010019,'1179494',1649,,2669,13,,,0
140010019,'1179496',1549,,2670,13,,,0
140010019,'1179498',1419,,2671,13,0,8 21,0
140010019,'1179544',1849,,2672,13,,,0
140010019,'1179548',1019,,2673,13,0,8 21,0
140010019,'1179613',1848,,2674,13,,,0
140010019,'1179620',848,,2675,13,,,0
140010019,'1179629',1819,,2676,13,0,8 21,0
140010019,'1179659',1248,,2677,13,,,0
140010019,'1179692',949,,2678,13,,,0
