120029,'1179032',1530,,2325,26,,,0
120029,'1179055',1330,,2326,26,,,0
120029,'1179056',1630,,2327,26,,,0
120029,'1179099',1730,,2328,26,,,0
120029,'1179153',930,,2329,26,,,0
120029,'1179222',1430,,2330,26,,,0
120029,'1179429',1130,,2331,26,,,0
120029,'1179447',1030,,2332,26,,,0
120029,'1179575',1230,,2333,26,,,0
190017019,'1178932',927,,3019,27,,,0
190017019,'1179000',2157,,3021,27,0,8 21,0
190017019,'1179014',1827,,3022,27,0,8 21,0
190017019,'1179016',627,,3023,27,,,0
190017019,'1179092',657,,3025,27,,,0
190017019,'1179151',1857,,3026,27,,,0
190017019,'1179161',1727,,3027,27,,,0
190017019,'1179277',827,,3028,27,,,0
190017019,'1179427',1257,,3032,27,,,0
190017019,'1179455',1357,,3033,27,,,0
190017019,'1179519',1757,,3035,27,,,0
190017019,'1179529',2257,,3036,27,0,8 21,0
190017019,'1179533',727,,3037,27,,,0
190017019,'1179573',1157,,3039,27,,,0
190017019,'1179579',1057,,3040,27,,,0
190017019,'1179599',2057,,3041,27,,,0
190017019,'1179610',1957,,3042,27,,,0
190017019,'1179626',1627,,3043,27,,,0
190017019,'1179667',757,,3044,27,,,0
190017019,'1179680',1557,,3045,27,,,0
190017019,'1179683',857,,3046,27,,,0
190017019,'1179686',1457,,3047,27,,,0
190017019,'1179699',957,,3048,27,,,0
190017019,'1179710',1657,,3049,27,,,0
190017019,'1179790',1157,,3050,26,,,0
190017019,'1179796',1357,,3051,26,,,0
190017019,'1179813',2257,,3052,26,0,8 21,0
190017019,'1179821',1457,,3053,26,,,0
190017019,'1179824',627,,3054,26,,,0
190017019,'1179832',1057,,3055,26,,,0
190017019,'1179843',857,,3056,26,,,0
190017019,'1179845',2057,,3057,26,,,0
190017019,'1179847',2157,,3058,26,0,8 21,0
190017019,'1179859',1657,,3060,26,,,0
190017019,'1179863',957,,3061,26,,,0
190017019,'1179870',827,,3062,26,,,0
190017019,'1179874',1257,,3063,26,,,0
190017019,'1179876',1857,,3064,26,,,0
190017019,'1179884',1627,,3065,26,,,0
190017019,'1179891',1557,,3066,26,,,0
190017019,'1179895',1827,,3067,26,0,8 21,0
190017019,'1179896',757,,3068,26,,,0
190017019,'1179899',1557,,3069,26,,,0
190017019,'1179905',657,,3070,26,,,0
190017019,'1179912',2057,,3071,26,,,0
190017019,'1179917',1757,,3072,26,,,0
190017019,'1179922',1357,,3073,26,,,0
190017019,'1179924',1457,,3074,26,,,0
190017019,'1179953',2157,,3078,26,0,8 21,0
190017019,'1179955',857,,3079,26,,,0
190017019,'1179971',1257,,3080,26,,,0
190017019,'1179977',1857,,3081,26,,,0
190017019,'1179978',1057,,3082,26,,,0
190017019,'1179979',1727,,3083,26,,,0
190017019,'1179986',757,,3084,26,,,0
190017019,'1179987',957,,3085,26,,,0
190017019,'1179994',1657,,3086,26,,,0
190017019,'1180001',927,,3087,26,,,0
190017019,'1180005',657,,3089,26,,,0
190017019,'1180041',2257,,3091,26,0,8 21,0
190017019,'1180050',1957,,3092,26,,,0
190017019,'1180055',1157,,3093,26,,,0
190017019,'1180056',1757,,3094,26,,,0
190017019,'1180065',1957,,3095,26,,,0
190017019,'1180069',727,,3096,26,,,0
