110029,'1178926',1259,,2248,7,,,0
110029,'1179044',859,,2249,7,,,0
110029,'1179118',1059,,2250,7,,,0
110029,'1179173',1159,,2251,7,,,0
110029,'1179459',1659,,2252,7,,,0
110029,'1179534',1359,,2253,7,,,0
110029,'1179542',1559,,2254,7,,,0
110029,'1179690',959,,2255,7,,,0
110029,'1179707',1459,,2256,7,,,0
160029,'1178957',901,,2424,9,,,0
160029,'1179098',1401,,2425,9,,,0
160029,'1179137',1601,,2426,9,,,0
160029,'1179301',1201,,2427,9,,,0
160029,'1179398',1301,,2428,9,,,0
160029,'1179410',1701,,2429,9,,,0
160029,'1179543',1101,,2430,9,,,0
160029,'1179558',1001,,2431,9,,,0
160029,'1179623',1501,,2432,9,,,0
216019,'1178924',751,,2470,9,,,0
216019,'1178948',621,,2471,9,,,0
216019,'1178963',2121,,2472,9,,,0
216019,'1178968',1221,,2473,9,,,0
216019,'1179019',1751,,2474,9,,,0
216019,'1179021',1551,,2475,9,,,0
216019,'1179029',1421,,2476,9,,,0
216019,'1179050',1521,,2477,9,,,0
216019,'1179070',1421,,2478,9,,,0
216019,'1179075',1821,,2479,9,,,0
216019,'1179116',721,,2480,9,,,0
216019,'1179123',1321,,2481,9,,,0
216019,'1179160',1721,,2482,9,,,0
216019,'1179179',2021,,2483,9,,,0
216019,'1179181',1121,,2484,9,,,0
216019,'1179199',921,,2485,9,,,0
216019,'1179206',1521,,2486,9,,,0
216019,'1179328',1021,,2487,9,,,0
216019,'1179338',1221,,2488,9,,,0
216019,'1179345',821,,2489,9,,,0
216019,'1179368',1651,,2490,9,,,0
216019,'1179369',1021,,2491,9,,,0
216019,'1179374',1621,,2492,9,,,0
216019,'1179421',1821,,2493,9,,,0
216019,'1179431',1121,,2494,9,,,0
216019,'1179458',1921,,2495,9,,,0
216019,'1179488',721,,2496,9,,,0
216019,'1179523',1321,,2497,9,,,0
216019,'1179574',2021,,2498,9,,,0
216019,'1179582',1921,,2499,9,,,0
216019,'1179605',851,,2500,9,,,0
216019,'1179647',1721,,2501,9,,,0
216019,'1179669',821,,2502,9,,,0
216019,'1179695',2121,,2503,9,,,0
216019,'1179712',651,,2504,9,,,0
216019,'1179714',921,,2505,9,,,0
216019,'1179719',1621,,2506,9,,,0
190011019,'1178945',1549,,2848,7,,,0
190011019,'1178950',749,,2849,31,,,0
190011019,'1178970',1919,,2850,31,,,0
190011019,'1179040',2119,,2852,31,,,0
190011019,'1179064',1049,,2853,7,,,0
190011019,'1179145',919,,2854,31,,,0
190011019,'1179146',1149,,2855,7,,,0
190011019,'1179159',1819,,2856,31,,,0
190011019,'1179163',819,,2858,31,,,0
190011019,'1179248',719,,2859,31,,,0
190011019,'1179252',1819,,2860,31,,,0
190011019,'1179276',2019,,2861,31,,,0
190011019,'1179307',719,,2862,31,,,0
190011019,'1179317',1249,,2863,7,,,0
190011019,'1179332',1119,,2864,32,,,0
190011019,'1179340',919,,2865,31,,,0
190011019,'1179367',1749,,2866,31,,,0
190011019,'1179375',1449,,2867,7,,,0
190011019,'1179393',1649,,2868,7,,,0
190011019,'1179394',2219,,2869,31,,,0
190011019,'1179413',1319,,2871,32,,,0
190011019,'1179424',2219,,2872,31,,,0
190011019,'1179426',1419,,2873,32,,,0
190011019,'1179430',1619,,2874,32,,,0
190011019,'1179437',1119,,2875,32,,,0
190011019,'1179438',1619,,2876,32,,,0
190011019,'1179442',1919,,2877,31,,,0
190011019,'1179477',819,,2878,31,,,0
190011019,'1179521',1419,,2879,32,,,0
190011019,'1179528',1219,,2880,32,,,0
190011019,'1179530',649,,2881,7,,,0
190011019,'1179555',2019,,2882,31,,,0
190011019,'1179572',1219,,2883,32,,,0
190011019,'1179590',1519,,2884,32,,,0
190011019,'1179619',1719,,2885,31,,,0
190011019,'1179642',1019,,2886,31,,,0
190011019,'1179650',1319,,2887,32,,,0
190011019,'1179665',619,,2888,10,,,0
190011019,'1179666',849,,2889,31,,,0
190011019,'1179672',1349,,2890,7,,,0
190011019,'1179677',2119,,2891,31,,,0
190011019,'1179678',949,,2892,31,,,0
190011019,'1179688',1719,,2893,31,,,0
190011019,'1179700',1519,,2894,32,,,0
190011019,'1179709',1019,,2895,31,,,0
