190011019,'1175757',2229,,1930,46,,,0
190011019,'1175788',1829,,1931,46,,,0
190011019,'1175797',1429,,1932,46,,,0
190011019,'1175800',1029,,1933,46,,,0
190011019,'1175811',1559,,1934,22,,,0
190011019,'1175846',1929,,1935,46,,,0
190011019,'1175854',1059,,1936,22,,,0
190011019,'1175866',1759,,1937,46,,,0
190011019,'1175889',1329,,1939,46,,,0
190011019,'1175960',1259,,1940,22,,,0
190011019,'1175990',1229,,1942,46,,,0
190011019,'1176025',629,,1943,25,,,0
190011019,'1176026',1329,,1944,46,,,0
190011019,'1176076',659,,1945,22,,,0
190011019,'1176086',1029,,1946,46,,,0
190011019,'1176114',929,,1947,46,,,0
190011019,'1176152',759,,1948,46,,,0
190011019,'1176229',2229,,1949,46,,,0
190011019,'1176246',829,,1950,46,,,0
190011019,'1176315',729,,1951,46,,,0
190011019,'1176316',1229,,1952,46,,,0
190011019,'1176317',1729,,1953,46,,,0
190011019,'1176322',959,,1954,46,,,0
190011019,'1176337',2029,,1955,46,,,0
190011019,'1176344',1629,,1956,46,,,0
190011019,'1176353',1629,,1957,46,,,0
190011019,'1176386',729,,1958,46,,,0
190011019,'1176406',1459,,1959,22,,,0
190011019,'1176429',1359,,1960,22,,,0
190011019,'1176444',1929,,1961,46,,,0
190011019,'1176445',2129,,1962,46,,,0
190011019,'1176478',1829,,1963,46,,,0
190011019,'1176517',1529,,1965,46,,,0
190011019,'1176557',929,,1966,46,,,0
190011019,'1176559',2029,,1967,46,,,0
190011019,'1176563',859,,1968,46,,,0
190011019,'1176570',1529,,1969,46,,,0
190011019,'1176581',1159,,1970,22,,,0
190011019,'1176586',1659,,1971,22,,,0
190011019,'1176595',1729,,1972,46,,,0
190011019,'1176605',1129,,1973,46,,,0
190011019,'1176616',1129,,1974,46,,,0
190011019,'1176620',829,,1975,46,,,0
190011019,'1176668',2129,,1976,46,,,0
190011019,'1176674',1429,,1977,46,,,0
