120019,'1178966',1351,,2316,36,,,0
120019,'1178998',1551,,2317,36,,,0
120019,'1179031',1651,,2318,36,,,0
120019,'1179149',1451,,2319,36,,,0
120019,'1179182',1151,,2320,36,,,0
120019,'1179282',951,,2321,36,,,0
120019,'1179296',1804,,2322,36,,,0
120019,'1179596',1051,,2323,36,,,0
120019,'1179628',1251,,2324,36,,,0
140016019,'1179063',726,,2776,17,,,0
140016019,'1179792',926,,2805,37,,,0
140016019,'1179800',1726,,2806,37,,,0
140016019,'1179808',1926,,2807,37,,,0
140016019,'1179822',1556,,2808,37,,,0
140016019,'1179827',856,,2809,37,,,0
140016019,'1179831',1626,,2810,37,,,0
140016019,'1179835',2226,,2811,37,,,0
140016019,'1179868',1656,,2815,37,,,0
140016019,'1179875',1126,,2816,37,,,0
140016019,'1179886',1426,,2818,37,,,0
140016019,'1179907',1726,,2821,37,,,0
140016019,'1179913',1756,,2822,37,,,0
140016019,'1179926',1326,,2823,37,,,0
140016019,'1179938',1526,,2824,37,,,0
140016019,'1179943',2126,,2825,37,,,0
140016019,'1179945',826,,2826,37,,,0
140016019,'1179958',1426,,2827,37,,,0
140016019,'1179963',1826,,2828,37,,,0
140016019,'1179974',1026,,2829,37,,,0
140016019,'1179976',726,,2830,37,,,0
140016019,'1179989',926,,2831,37,,,0
140016019,'1179991',1526,,2832,37,,,0
140016019,'1179997',1626,,2833,37,,,0
140016019,'1180006',1026,,2834,37,,,0
140016019,'1180012',1926,,2835,37,,,0
140016019,'1180018',1126,,2836,37,,,0
140016019,'1180019',2226,,2837,37,,,0
140016019,'1180020',2026,,2838,37,,,0
140016019,'1180023',1326,,2839,37,,,0
140016019,'1180024',756,,2840,37,,,0
140016019,'1180028',826,,2841,37,,,0
140016019,'1180031',2026,,2842,37,,,0
140016019,'1180048',2126,,2843,37,,,0
140016019,'1180057',1826,,2844,37,,,0
140016019,'1180072',1226,,2846,37,,,0
140016019,'1180078',1226,,2847,37,,,0
