110029,'1178926',1309,,2248,27,,,0
110029,'1179044',909,,2249,27,,,0
110029,'1179118',1109,,2250,27,,,0
110029,'1179173',1209,,2251,27,,,0
110029,'1179459',1709,,2252,27,,,0
110029,'1179534',1409,,2253,27,,,0
110029,'1179542',1609,,2254,27,,,0
110029,'1179690',1009,,2255,27,,,0
110029,'1179707',1509,,2256,27,,,0
190011019,'1178945',1602,,2848,27,,,0
190011019,'1178950',802,,2849,51,,,0
190011019,'1178970',1932,,2850,51,,,0
190011019,'1179040',2132,,2852,51,,,0
190011019,'1179064',1102,,2853,27,,,0
190011019,'1179145',932,,2854,51,,,0
190011019,'1179146',1202,,2855,27,,,0
190011019,'1179159',1832,,2856,51,,,0
190011019,'1179163',832,,2858,51,,,0
190011019,'1179248',732,,2859,51,,,0
190011019,'1179252',1832,,2860,51,,,0
190011019,'1179276',2032,,2861,51,,,0
190011019,'1179307',732,,2862,51,,,0
190011019,'1179317',1302,,2863,27,,,0
190011019,'1179332',1132,,2864,52,,,0
190011019,'1179340',932,,2865,51,,,0
190011019,'1179367',1802,,2866,51,,,0
190011019,'1179375',1502,,2867,27,,,0
190011019,'1179393',1702,,2868,27,,,0
190011019,'1179394',2232,,2869,51,,,0
190011019,'1179413',1332,,2871,52,,,0
190011019,'1179424',2232,,2872,51,,,0
190011019,'1179426',1432,,2873,52,,,0
190011019,'1179430',1632,,2874,52,,,0
190011019,'1179437',1132,,2875,52,,,0
190011019,'1179438',1632,,2876,52,,,0
190011019,'1179442',1932,,2877,51,,,0
190011019,'1179477',832,,2878,51,,,0
190011019,'1179521',1432,,2879,52,,,0
190011019,'1179528',1232,,2880,52,,,0
190011019,'1179530',702,,2881,27,,,0
190011019,'1179555',2032,,2882,51,,,0
190011019,'1179572',1232,,2883,52,,,0
190011019,'1179590',1532,,2884,52,,,0
190011019,'1179619',1732,,2885,51,,,0
190011019,'1179642',1032,,2886,51,,,0
190011019,'1179650',1332,,2887,52,,,0
190011019,'1179665',632,,2888,30,,,0
190011019,'1179666',902,,2889,51,,,0
190011019,'1179672',1402,,2890,27,,,0
190011019,'1179677',2132,,2891,51,,,0
190011019,'1179678',1002,,2892,51,,,0
190011019,'1179688',1732,,2893,51,,,0
190011019,'1179700',1532,,2894,52,,,0
190011019,'1179709',1032,,2895,51,,,0
