120029,'1179032',1528,,2325,21,,,0
120029,'1179055',1328,,2326,21,,,0
120029,'1179056',1628,,2327,21,,,0
120029,'1179099',1728,,2328,21,,,0
120029,'1179153',928,,2329,21,,,0
120029,'1179222',1428,,2330,21,,,0
120029,'1179429',1128,,2331,21,,,0
120029,'1179447',1028,,2332,21,,,0
120029,'1179575',1228,,2333,21,,,0
190017019,'1179790',1154,,3050,21,,,0
190017019,'1179796',1354,,3051,21,,,0
190017019,'1179813',2254,,3052,21,0,8 21,0
190017019,'1179821',1454,,3053,21,,,0
190017019,'1179824',624,,3054,21,,,0
190017019,'1179832',1054,,3055,21,,,0
190017019,'1179843',854,,3056,21,,,0
190017019,'1179845',2054,,3057,21,,,0
190017019,'1179847',2154,,3058,21,0,8 21,0
190017019,'1179859',1654,,3060,21,,,0
190017019,'1179863',954,,3061,21,,,0
190017019,'1179870',824,,3062,21,,,0
190017019,'1179874',1254,,3063,21,,,0
190017019,'1179876',1854,,3064,21,,,0
190017019,'1179884',1624,,3065,21,,,0
190017019,'1179891',1554,,3066,21,,,0
190017019,'1179895',1824,,3067,21,0,8 21,0
190017019,'1179896',754,,3068,21,,,0
190017019,'1179899',1554,,3069,21,,,0
190017019,'1179905',654,,3070,21,,,0
190017019,'1179912',2054,,3071,21,,,0
190017019,'1179917',1754,,3072,21,,,0
190017019,'1179922',1354,,3073,21,,,0
190017019,'1179924',1454,,3074,21,,,0
190017019,'1179953',2154,,3078,21,0,8 21,0
190017019,'1179955',854,,3079,21,,,0
190017019,'1179971',1254,,3080,21,,,0
190017019,'1179977',1854,,3081,21,,,0
190017019,'1179978',1054,,3082,21,,,0
190017019,'1179979',1724,,3083,21,,,0
190017019,'1179986',754,,3084,21,,,0
190017019,'1179987',954,,3085,21,,,0
190017019,'1179994',1654,,3086,21,,,0
190017019,'1180001',924,,3087,21,,,0
190017019,'1180005',654,,3089,21,,,0
190017019,'1180041',2254,,3091,21,0,8 21,0
190017019,'1180050',1954,,3092,21,,,0
190017019,'1180055',1154,,3093,21,,,0
190017019,'1180056',1754,,3094,21,,,0
190017019,'1180065',1954,,3095,21,,,0
190017019,'1180069',724,,3096,21,,,0
