190015019,'1179791',2058,,2973,21,,,0
190015019,'1179793',658,,2974,21,,,0
190015019,'1179804',658,,2975,21,,,0
190015019,'1179812',1058,,2976,21,,,0
190015019,'1179819',758,,2977,21,,,0
190015019,'1179825',1158,,2978,21,,,0
190015019,'1179846',2158,,2979,21,0,12,0
190015019,'1179856',828,,2980,21,,,0
190015019,'1179872',758,,2981,21,,,0
190015019,'1179885',1628,,2982,21,,,0
190015019,'1179887',1358,,2983,21,,,0
190015019,'1179898',1458,,2984,21,,,0
190015019,'1179909',958,,2985,21,,,0
190015019,'1179919',1758,,2986,21,,,0
190015019,'1179920',858,,2987,21,,,0
190015019,'1179923',1428,,2988,21,,,0
190015019,'1179931',2058,,2989,21,,,0
190015019,'1179934',1828,,2990,21,0,12,0
190015019,'1179935',1658,,2991,21,,,0
190015019,'1179940',1128,,2992,21,,,0
190015019,'1179952',1158,,2993,21,,,0
190015019,'1179960',1258,,2994,21,,,0
190015019,'1179961',1458,,2995,21,,,0
190015019,'1179972',2258,,2996,21,0,12,0
190015019,'1179980',1028,,2997,21,,,0
190015019,'1179982',1728,,2998,21,,,0
190015019,'1179992',1528,,2999,21,,,0
190015019,'1179995',1058,,3000,21,,,0
190015019,'1179999',1228,,3001,21,,,0
190015019,'1180013',1858,,3002,21,,,0
190015019,'1180014',1958,,3003,21,,,0
190015019,'1180015',928,,3004,21,,,0
190015019,'1180016',1958,,3005,21,,,0
190015019,'1180021',2258,,3006,21,0,12,0
190015019,'1180026',1858,,3007,21,,,0
190015019,'1180029',958,,3008,21,,,0
190015019,'1180044',1558,,3009,21,,,0
190015019,'1180045',2158,,3010,21,0,12,0
190015019,'1180058',1328,,3011,21,,,0
190015019,'1180059',1658,,3012,21,,,0
190015019,'1180068',1758,,3013,21,,,0
190015019,'1180070',1558,,3014,21,,,0
190015019,'1180075',858,,3015,21,,,0
190015019,'1180077',1258,,3016,21,,,0
190015019,'1180080',728,,3017,21,,,0
190015019,'1180081',1358,,3018,21,,,0
