116019,'1175732',1542,,1479,8,,,0
116019,'1175756',1342,,1480,8,,,0
116019,'1175773',2042,,1481,8,,,0
116019,'1175832',1812,,1482,8,,,0
116019,'1175918',1642,,1486,8,,,0
116019,'1175942',1742,,1487,8,,,0
116019,'1175949',1712,,1488,8,,,0
116019,'1175954',942,,1489,8,,,0
116019,'1175970',1142,,1491,8,,,0
116019,'1176137',1842,,1495,8,,,0
116019,'1176239',1242,,1497,8,,,0
116019,'1176240',742,,1498,8,,,0
116019,'1176243',642,,1499,8,,,0
116019,'1176254',812,,1500,8,,,0
116019,'1176276',842,,1502,8,,,0
116019,'1176432',712,,1503,8,,,0
116019,'1176433',1612,,1504,8,,,0
116019,'1176442',912,,1505,8,,,0
116019,'1176630',2142,,1509,8,,,0
116019,'1176639',1942,,1510,8,,,0
116019,'1176641',1042,,1511,8,,,0
116019,'1176685',1442,,1514,8,,,0
116019,'1178927',1042,,2202,8,,,0
116019,'1178944',1442,,2203,8,,,0
116019,'1178984',2042,,2204,8,,,0
116019,'1178985',1542,,2205,8,,,0
116019,'1178993',1712,,2206,8,,,0
116019,'1179002',2042,,2207,8,,,0
116019,'1179004',842,,2208,8,,,0
116019,'1179020',1642,,2209,8,,,0
116019,'1179022',1642,,2210,8,,,0
116019,'1179025',1342,,2211,8,,,0
116019,'1179035',942,,2212,8,,,0
116019,'1179036',712,,2213,8,,,0
116019,'1179045',1942,,2214,8,,,0
116019,'1179090',2142,,2215,8,,,0
116019,'1179113',742,,2216,8,,,0
116019,'1179119',642,,2217,8,,,0
116019,'1179186',2142,,2218,8,,,0
116019,'1179192',1842,,2219,8,,,0
116019,'1179204',1842,,2220,8,,,0
116019,'1179214',912,,2221,8,,,0
116019,'1179218',1942,,2222,8,,,0
116019,'1179231',1342,,2223,8,,,0
116019,'1179239',842,,2224,8,,,0
116019,'1179249',1442,,2225,8,,,0
116019,'1179326',1142,,2226,8,,,0
116019,'1179334',1242,,2227,8,,,0
116019,'1179487',1742,,2228,8,,,0
116019,'1179497',1242,,2229,8,,,0
116019,'1179505',1612,,2230,8,,,0
116019,'1179506',1142,,2231,8,,,0
116019,'1179514',1812,,2232,8,,,0
116019,'1179540',1542,,2233,8,,,0
116019,'1179564',1042,,2234,8,,,0
116019,'1179589',942,,2235,8,,,0
116019,'1179630',1742,,2236,8,,,0
116019,'1179645',742,,2237,8,,,0
116019,'1179711',812,,2238,8,,,0
160019,'1175859',1234,,1588,8,,,0
160019,'1176087',1334,,1589,8,,,0
160019,'1176112',1434,,1590,8,,,0
160019,'1176128',1734,,1591,8,,,0
160019,'1176235',1034,,1593,8,,,0
160019,'1176236',1634,,1594,8,,,0
160019,'1176410',1534,,1599,8,,,0
160019,'1176572',934,,1602,8,,,0
160019,'1176585',1134,,1603,8,,,0
