150019,'1178942',1738,,2379,5,,,0
150019,'1178956',1338,,2380,5,,,0
150019,'1178976',1638,,2381,5,,,0
150019,'1179117',1238,,2382,5,,,0
150019,'1179150',1538,,2383,5,,,0
150019,'1179341',938,,2384,5,,,0
150019,'1179473',1138,,2385,5,,,0
150019,'1179559',1438,,2386,5,,,0
150019,'1179673',1038,,2387,5,,,0
140014019,'1178954',1556,,2725,15,,,0
140014019,'1178955',1126,,2726,15,,,0
140014019,'1178974',956,,2727,15,,,0
140014019,'1179007',1756,,2728,15,,,0
140014019,'1179027',1456,,2729,15,,,0
140014019,'1179052',756,,2730,15,,,0
140014019,'1179079',726,,2731,15,,,0
140014019,'1179080',1456,,2732,15,,,0
140014019,'1179082',826,,2733,15,,,0
140014019,'1179084',656,,2734,15,,,0
140014019,'1179111',2156,,2735,15,,,0
140014019,'1179143',756,,2736,15,,,0
140014019,'1179200',1226,,2737,15,,,0
140014019,'1179207',1726,,2738,15,,,0
140014019,'1179221',1356,,2739,15,,,0
140014019,'1179271',1156,,2740,15,,,0
140014019,'1179298',1656,,2741,15,,,0
140014019,'1179320',1426,,2742,15,,,0
140014019,'1179323',956,,2743,15,,,0
140014019,'1179350',856,,2745,15,,,0
140014019,'1179353',1756,,2746,15,,,0
140014019,'1179366',1956,,2747,15,,,0
140014019,'1179392',1556,,2748,15,,,0
140014019,'1179403',1856,,2749,15,,,0
140014019,'1179433',1356,,2751,15,,,0
140014019,'1179443',926,,2752,15,,,0
140014019,'1179446',1156,,2753,15,,,0
140014019,'1179449',1026,,2754,15,,,0
140014019,'1179493',1056,,2755,15,,,0
140014019,'1179524',1656,,2757,15,,,0
140014019,'1179535',1326,,2758,15,,,0
140014019,'1179547',1256,,2759,15,,,0
140014019,'1179557',1826,,2761,15,0,8 21,0
140014019,'1179561',1526,,2762,15,,,0
140014019,'1179577',1256,,2763,15,,,0
140014019,'1179598',2056,,2764,15,,,0
140014019,'1179600',2156,,2765,15,,,0
140014019,'1179608',1856,,2766,15,,,0
140014019,'1179636',1626,,2767,15,,,0
140014019,'1179638',856,,2768,15,,,0
140014019,'1179648',1956,,2769,15,,,0
140014019,'1179654',2056,,2770,15,,,0
140014019,'1179662',1056,,2771,15,,,0
