190017019,'1175717',1451,,2072,14,,,0
190017019,'1175742',1051,,2073,14,,,0
190017019,'1175751',1051,,2074,14,,,0
190017019,'1175789',651,,2076,14,,,0
190017019,'1175830',1951,,2077,14,,,0
190017019,'1175877',1151,,2078,14,,,0
190017019,'1175947',1651,,2079,14,,,0
190017019,'1175951',721,,2080,14,,,0
190017019,'1175978',751,,2081,14,,,0
190017019,'1176042',1651,,2082,14,,,0
190017019,'1176052',2151,,2083,14,0,8 21,0
190017019,'1176058',1451,,2084,14,,,0
190017019,'1176065',1551,,2085,14,,,0
190017019,'1176099',1351,,2086,14,,,0
190017019,'1176119',1751,,2088,14,,,0
190017019,'1176120',1851,,2089,14,,,0
190017019,'1176124',2251,,2090,14,0,8 21,0
190017019,'1176130',1251,,2091,14,,,0
190017019,'1176156',1951,,2092,14,,,0
190017019,'1176161',1351,,2093,14,,,0
190017019,'1176166',921,,2094,14,,,0
190017019,'1176201',851,,2095,14,,,0
190017019,'1176252',821,,2097,14,,,0
190017019,'1176273',951,,2099,14,,,0
190017019,'1176303',1621,,2101,14,,,0
190017019,'1176312',1721,,2102,14,,,0
190017019,'1176349',1851,,2103,14,,,0
190017019,'1176415',751,,2105,14,,,0
190017019,'1176420',1151,,2106,14,,,0
190017019,'1176468',2151,,2107,14,0,8 21,0
190017019,'1176482',1251,,2108,14,,,0
190017019,'1176513',651,,2109,14,,,0
190017019,'1176554',1751,,2111,14,,,0
190017019,'1176592',621,,2112,14,,,0
190017019,'1176601',1551,,2113,14,,,0
190017019,'1176617',2051,,2114,14,,,0
190017019,'1176629',951,,2115,14,,,0
190017019,'1176637',851,,2116,14,,,0
190017019,'1176640',1821,,2117,14,0,8 21,0
190017019,'1176655',2051,,2118,14,,,0
190017019,'1176661',2251,,2119,14,0,8 21,0
