190013019,'1175728',816,,1978,10,,,0
190013019,'1175734',1446,,1979,10,,,0
190013019,'1175770',1946,,1980,10,,,0
190013019,'1175814',1816,,1981,10,0,8 21,0
190013019,'1175816',1746,,1982,10,,,0
190013019,'1175833',1646,,1983,10,,,0
190013019,'1175860',1316,,1984,10,,,0
190013019,'1175862',1046,,1985,10,,,0
190013019,'1175891',1116,,1986,10,,,0
190013019,'1175892',916,,1987,10,,,0
190013019,'1175994',846,,1989,10,,,0
190013019,'1176023',746,,1990,10,,,0
190013019,'1176034',1046,,1991,10,,,0
190013019,'1176044',1346,,1992,10,,,0
190013019,'1176064',1016,,1993,10,,,0
190013019,'1176125',1646,,1994,10,,,0
190013019,'1176139',1146,,1995,10,,,0
190013019,'1176167',2146,,1996,10,,,0
190013019,'1176182',1246,,1997,10,,,0
190013019,'1176185',716,,1998,10,,,0
190013019,'1176187',1246,,1999,10,,,0
190013019,'1176196',1146,,2000,10,,,0
190013019,'1176261',946,,2001,10,,,0
190013019,'1176277',2046,,2002,10,,,0
190013019,'1176318',1346,,2003,10,,,0
190013019,'1176331',1946,,2004,10,,,0
190013019,'1176338',1846,,2005,10,,,0
190013019,'1176348',1516,,2006,10,,,0
190013019,'1176367',1546,,2007,10,,,0
190013019,'1176387',2146,,2008,10,,,0
190013019,'1176389',746,,2009,10,,,0
190013019,'1176392',646,,2010,10,,,0
190013019,'1176394',1546,,2011,10,,,0
190013019,'1176446',1746,,2012,10,,,0
190013019,'1176462',2046,,2013,10,,,0
190013019,'1176473',1846,,2014,10,,,0
190013019,'1176527',946,,2015,10,,,0
190013019,'1176539',1616,,2016,10,,,0
190013019,'1176543',1416,,2017,10,,,0
190013019,'1176567',846,,2019,10,,,0
190013019,'1176597',1446,,2020,10,,,0
190013019,'1176614',1216,,2021,10,,,0
190013019,'1176638',1716,,2022,10,,,0
190013019,'1176660',646,,2023,10,,,0
