116019,'1179803',1050,,2279,22,,,0
116019,'1179806',2150,,2280,22,,,0
116019,'1179811',1950,,2281,22,,,0
116019,'1179814',820,,2282,22,,,0
116019,'1179815',2150,,2283,22,,,0
116019,'1179816',2050,,2284,22,,,0
116019,'1179818',750,,2285,22,,,0
116019,'1179820',1620,,2286,22,,,0
116019,'1179826',750,,2287,22,,,0
116019,'1179838',850,,2288,22,,,0
116019,'1179860',1723,,2289,23,,,0
116019,'1179861',1650,,2290,22,,,0
116019,'1179871',1850,,2291,22,,,0
116019,'1179879',723,,2292,23,,,0
116019,'1179890',1850,,2293,22,,,0
116019,'1179910',1750,,2294,22,,,0
116019,'1179933',1450,,2295,22,,,0
116019,'1179936',1250,,2296,22,,,0
116019,'1179944',1550,,2297,22,,,0
116019,'1179946',1820,,2298,22,,,0
116019,'1179950',1550,,2299,22,,,0
116019,'1179954',950,,2300,22,,,0
116019,'1179959',2050,,2301,22,,,0
116019,'1179965',1653,,2302,23,,,0
116019,'1179966',850,,2303,22,,,0
116019,'1179975',1050,,2304,22,,,0
116019,'1179985',1750,,2305,22,,,0
116019,'1180003',1350,,2306,22,,,0
116019,'1180007',1150,,2307,22,,,0
116019,'1180008',1350,,2308,22,,,0
116019,'1180010',653,,2309,23,,,0
116019,'1180011',1950,,2310,22,,,0
116019,'1180027',920,,2311,22,,,0
116019,'1180032',1450,,2312,22,,,0
116019,'1180034',1150,,2313,22,,,0
116019,'1180036',950,,2314,22,,,0
116019,'1180063',1250,,2315,22,,,0
