120019,'1178966',1321,,2316,3,,,0
120019,'1178998',1521,,2317,3,,,0
120019,'1179031',1621,,2318,3,,,0
120019,'1179149',1421,,2319,3,,,0
120019,'1179182',1121,,2320,3,,,0
120019,'1179282',921,,2321,3,,,0
120019,'1179296',1721,,2322,3,,,0
120019,'1179596',1021,,2323,3,,,0
120019,'1179628',1221,,2324,3,,,0
190013019,'1178916',1612,,2896,3,,,0
190013019,'1178919',1942,,2897,3,,,0
190013019,'1178920',1112,,2898,3,,,0
190013019,'1178929',742,,2899,3,,,0
190013019,'1178930',1642,,2900,3,,,0
190013019,'1178972',1942,,2901,3,,,0
190013019,'1178983',1212,,2902,3,,,0
190013019,'1178994',2142,,2903,3,,,0
190013019,'1178997',1142,,2904,3,,,0
190013019,'1179048',1512,,2905,3,,,0
190013019,'1179062',1542,,2906,3,,,0
190013019,'1179074',1312,,2907,3,,,0
190013019,'1179087',1242,,2908,3,,,0
190013019,'1179104',1012,,2909,3,,,0
190013019,'1179171',1812,,2910,3,0,8 21,0
190013019,'1179187',842,,2911,3,,,0
190013019,'1179202',1042,,2912,3,,,0
190013019,'1179203',942,,2913,3,,,0
190013019,'1179212',1442,,2914,3,,,0
190013019,'1179219',1242,,2915,3,,,0
190013019,'1179243',742,,2916,3,,,0
190013019,'1179287',2142,,2917,3,,,0
190013019,'1179292',1042,,2918,3,,,0
190013019,'1179300',712,,2919,3,,,0
190013019,'1179373',942,,2921,3,,,0
190013019,'1179380',1342,,2922,3,,,0
190013019,'1179402',1342,,2923,3,,,0
190013019,'1179411',1412,,2924,3,,,0
190013019,'1179457',1842,,2925,3,,,0
190013019,'1179504',642,,2926,3,,,0
190013019,'1179507',912,,2927,3,,,0
190013019,'1179509',1142,,2928,3,,,0
190013019,'1179516',1542,,2929,3,,,0
190013019,'1179531',2042,,2930,3,,,0
190013019,'1179537',842,,2931,3,,,0
190013019,'1179539',1742,,2932,3,,,0
190013019,'1179546',642,,2933,3,,,0
190013019,'1179553',1842,,2934,3,,,0
190013019,'1179591',1642,,2936,3,,,0
190013019,'1179611',1712,,2937,3,,,0
190013019,'1179635',1442,,2938,3,,,0
190013019,'1179694',812,,2939,3,,,0
190013019,'1179701',2042,,2940,3,,,0
190013019,'1179717',1742,,2941,3,,,0
