200019,'1179798',1339,,2442,8,,,0
200019,'1179810',1539,,2443,8,,,0
200019,'1179901',1139,,2444,8,,,0
200019,'1179903',1739,,2445,8,,,0
200019,'1179911',1439,,2446,8,,,0
200019,'1179939',1039,,2447,8,,,0
200019,'1179968',1639,,2448,8,,,0
200019,'1179973',939,,2449,8,,,0
200019,'1180054',1239,,2450,8,,,0
300019,'1180121',732,,3098,23,0,23 24 2 25,0
300019,'1180125',802,,3102,23,0,23 24 2 25,0
300019,'1180126',1502,,3103,24,0,23 24 2 25,0
300019,'1180130',1002,,3107,24,0,23 24 2 25,0
300019,'1180131',1302,,3108,24,0,23 24 2 25,0
300019,'1180132',1202,,3109,24,0,23 24 2 25,0
300019,'1180133',2202,,3110,24,0,23 24 2 25,0
300019,'1180134',1632,,3111,24,0,23 24 2 25,0
300019,'1180136',902,,3113,24,0,23 24 2 25,0
300019,'1180138',1202,,3115,24,0,23 24 2 25,0
300019,'1180139',1402,,3116,24,0,23 24 2 25,0
300019,'1180140',1702,,3117,24,0,23 24 2 25,0
300019,'1180143',1832,,3120,24,0,23 24 2 25,0
300019,'1180145',1502,,3122,24,0,23 24 2 25,0
300019,'1180150',932,,3127,24,0,23 24 2 25,0
300019,'1180151',2102,,3128,24,0,23 24 2 25,0
300019,'1180152',902,,3129,24,0,23 24 2 25,0
300019,'1180156',1002,,3133,24,0,23 24 2 25,0
300019,'1180159',1032,,3136,24,0,23 24 2 25,0
300019,'1180161',1802,,3138,24,0,23 24 2 25,0
300019,'1180164',1102,,3141,24,0,23 24 2 25,0
300019,'1180166',1602,,3143,24,0,23 24 2 25,0
300019,'1180167',1302,,3144,24,0,23 24 2 25,0
300019,'1180168',2002,,3145,24,0,23 24 2 25,0
300019,'1180169',1802,,3146,24,0,23 24 2 25,0
300019,'1180175',802,,3152,24,0,23 24 2 25,0
300019,'1180176',1102,,3153,24,0,23 24 2 25,0
300019,'1180177',1732,,3154,24,0,23 24 2 25,0
300019,'1180178',1702,,3155,24,0,23 24 2 25,0
300019,'1180179',1602,,3156,24,0,23 24 2 25,0
300019,'1180181',2202,,3158,24,0,23 24 2 25,0
300019,'1180182',1902,,3159,24,0,23 24 2 25,0
300019,'1180183',832,,3160,24,0,23 24 2 25,0
300019,'1180188',2102,,3165,24,0,23 24 2 25,0
300019,'1180189',2002,,3166,24,0,23 24 2 25,0
300019,'1180191',1902,,3168,24,0,23 24 2 25,0
300019,'1180194',1402,,3171,24,0,23 24 2 25,0
140016019,'1179792',853,,2805,10,,,0
140016019,'1179800',1653,,2806,10,,,0
140016019,'1179808',1853,,2807,10,,,0
140016019,'1179822',1523,,2808,10,,,0
140016019,'1179827',823,,2809,10,,,0
140016019,'1179831',1553,,2810,10,,,0
140016019,'1179835',2153,,2811,10,,,0
140016019,'1179839',1323,,2812,10,0,8 21,0
140016019,'1179842',1123,,2813,10,0,8 21,0
140016019,'1179862',923,,2814,10,0,8 21,0
140016019,'1179868',1623,,2815,10,,,0
140016019,'1179875',1053,,2816,10,,,0
140016019,'1179881',1823,,2817,10,0,8 21,0
140016019,'1179886',1353,,2818,10,,,0
140016019,'1179897',1023,,2819,10,0,8 21,0
140016019,'1179904',1223,,2820,10,0,8 21,0
140016019,'1179907',1653,,2821,10,,,0
140016019,'1179913',1723,,2822,10,,,0
140016019,'1179926',1253,,2823,10,,,0
140016019,'1179938',1453,,2824,10,,,0
140016019,'1179943',2053,,2825,10,,,0
140016019,'1179945',753,,2826,10,,,0
140016019,'1179958',1353,,2827,10,,,0
140016019,'1179963',1753,,2828,10,,,0
140016019,'1179974',953,,2829,10,,,0
140016019,'1179976',653,,2830,10,,,0
140016019,'1179989',853,,2831,10,,,0
140016019,'1179991',1453,,2832,10,,,0
140016019,'1179997',1553,,2833,10,,,0
140016019,'1180006',953,,2834,10,,,0
140016019,'1180012',1853,,2835,10,,,0
140016019,'1180018',1053,,2836,10,,,0
140016019,'1180019',2153,,2837,10,,,0
140016019,'1180020',1953,,2838,10,,,0
140016019,'1180023',1253,,2839,10,,,0
140016019,'1180024',723,,2840,10,,,0
140016019,'1180028',753,,2841,10,,,0
140016019,'1180031',1953,,2842,10,,,0
140016019,'1180048',2053,,2843,10,,,0
140016019,'1180057',1753,,2844,10,,,0
140016019,'1180062',1423,,2845,10,0,8 21,0
140016019,'1180072',1153,,2846,10,,,0
140016019,'1180078',1153,,2847,10,,,0
