120029,'1179032',1517,,2325,2,,,0
120029,'1179055',1317,,2326,2,,,0
120029,'1179056',1617,,2327,2,,,0
120029,'1179099',1717,,2328,2,,,0
120029,'1179153',917,,2329,2,,,0
120029,'1179222',1417,,2330,2,,,0
120029,'1179429',1117,,2331,2,,,0
120029,'1179447',1017,,2332,2,,,0
120029,'1179575',1217,,2333,2,,,0
190017019,'1178932',913,,3019,2,,,0
190017019,'1179000',2143,,3021,2,0,8 21,0
190017019,'1179014',1813,,3022,2,0,8 21,0
190017019,'1179016',613,,3023,2,,,0
190017019,'1179092',643,,3025,2,,,0
190017019,'1179151',1843,,3026,2,,,0
190017019,'1179161',1713,,3027,2,,,0
190017019,'1179277',813,,3028,2,,,0
190017019,'1179427',1243,,3032,2,,,0
190017019,'1179455',1343,,3033,2,,,0
190017019,'1179519',1743,,3035,2,,,0
190017019,'1179529',2243,,3036,2,0,8 21,0
190017019,'1179533',713,,3037,2,,,0
190017019,'1179573',1143,,3039,2,,,0
190017019,'1179579',1043,,3040,2,,,0
190017019,'1179599',2043,,3041,2,,,0
190017019,'1179610',1943,,3042,2,,,0
190017019,'1179626',1613,,3043,2,,,0
190017019,'1179667',743,,3044,2,,,0
190017019,'1179680',1543,,3045,2,,,0
190017019,'1179683',843,,3046,2,,,0
190017019,'1179686',1443,,3047,2,,,0
190017019,'1179699',943,,3048,2,,,0
190017019,'1179710',1643,,3049,2,,,0
190017019,'1179790',1143,,3050,2,,,0
190017019,'1179796',1343,,3051,2,,,0
190017019,'1179813',2243,,3052,2,0,8 21,0
190017019,'1179821',1443,,3053,2,,,0
190017019,'1179824',613,,3054,2,,,0
190017019,'1179832',1043,,3055,2,,,0
190017019,'1179843',843,,3056,2,,,0
190017019,'1179845',2043,,3057,2,,,0
190017019,'1179847',2143,,3058,2,0,8 21,0
190017019,'1179859',1643,,3060,2,,,0
190017019,'1179863',943,,3061,2,,,0
190017019,'1179870',813,,3062,2,,,0
190017019,'1179874',1243,,3063,2,,,0
190017019,'1179876',1843,,3064,2,,,0
190017019,'1179884',1613,,3065,2,,,0
190017019,'1179891',1543,,3066,2,,,0
190017019,'1179895',1813,,3067,2,0,8 21,0
190017019,'1179896',743,,3068,2,,,0
190017019,'1179899',1543,,3069,2,,,0
190017019,'1179905',643,,3070,2,,,0
190017019,'1179912',2043,,3071,2,,,0
190017019,'1179917',1743,,3072,2,,,0
190017019,'1179922',1343,,3073,2,,,0
190017019,'1179924',1443,,3074,2,,,0
190017019,'1179953',2143,,3078,2,0,8 21,0
190017019,'1179955',843,,3079,2,,,0
190017019,'1179971',1243,,3080,2,,,0
190017019,'1179977',1843,,3081,2,,,0
190017019,'1179978',1043,,3082,2,,,0
190017019,'1179979',1713,,3083,2,,,0
190017019,'1179986',743,,3084,2,,,0
190017019,'1179987',943,,3085,2,,,0
190017019,'1179994',1643,,3086,2,,,0
190017019,'1180001',913,,3087,2,,,0
190017019,'1180005',643,,3089,2,,,0
190017019,'1180041',2243,,3091,2,0,8 21,0
190017019,'1180050',1943,,3092,2,,,0
190017019,'1180055',1143,,3093,2,,,0
190017019,'1180056',1743,,3094,2,,,0
190017019,'1180065',1943,,3095,2,,,0
190017019,'1180069',713,,3096,2,,,0
