130029,'1178925',1513,,2343,26,,,0
130029,'1178989',1413,,2344,26,,,0
130029,'1179023',1613,,2345,26,,,0
130029,'1179120',1713,,2346,26,,,0
130029,'1179168',1313,,2347,26,,,0
130029,'1179423',913,,2348,26,,,0
130029,'1179469',1213,,2349,26,,,0
130029,'1179639',1013,,2350,26,,,0
130029,'1179657',1113,,2351,26,,,0
150029,'1179828',1030,,2397,36,,,0
150029,'1179915',1230,,2398,36,,,0
150029,'1179932',930,,2399,36,,,0
150029,'1179948',1530,,2400,36,,,0
150029,'1179983',1330,,2401,36,,,0
150029,'1180009',1130,,2402,36,,,0
150029,'1180017',1730,,2403,36,,,0
150029,'1180040',1630,,2404,36,,,0
150029,'1180079',1430,,2405,36,,,0
300019,'1179789',711,,2559,19,0,23 24 2 25,0
300019,'1179794',1941,,2560,20,0,23 24 2 25,0
300019,'1179795',1041,,2561,20,0,23 24 2 25,0
300019,'1179797',1741,,2562,20,0,23 24 2 25,0
300019,'1179805',941,,2565,20,0,23 24 2 25,0
300019,'1179809',1141,,2566,20,0,23 24 2 25,0
300019,'1179830',841,,2568,20,0,23 24 2 25,0
300019,'1179844',1741,,2573,20,0,23 24 2 25,0
300019,'1179848',2041,,2574,20,0,23 24 2 25,0
300019,'1179851',2041,,2576,20,0,23 24 2 25,0
300019,'1179853',1241,,2578,20,0,23 24 2 25,0
300019,'1179857',1811,,2580,20,0,23 24 2 25,0
300019,'1179864',1441,,2582,20,0,23 24 2 25,0
300019,'1179878',1841,,2585,20,0,23 24 2 25,0
300019,'1179880',941,,2586,20,0,23 24 2 25,0
300019,'1179883',1941,,2588,20,0,23 24 2 25,0
300019,'1179889',1011,,2589,20,0,23 24 2 25,0
300019,'1179892',1241,,2590,20,0,23 24 2 25,0
300019,'1179900',1711,,2592,20,0,23 24 2 25,0
300019,'1179902',1541,,2593,20,0,23 24 2 25,0
300019,'1179916',1041,,2597,20,0,23 24 2 25,0
300019,'1179927',1841,,2599,20,0,23 24 2 25,0
300019,'1179928',811,,2600,20,0,23 24 2 25,0
300019,'1179937',2141,,2601,20,0,23 24 2 25,0
300019,'1179956',741,,2604,19,0,23 24 2 25,0
300019,'1179962',1541,,2606,20,0,23 24 2 25,0
300019,'1179964',1341,,2607,20,0,23 24 2 25,0
300019,'1179969',2141,,2609,20,0,23 24 2 25,0
300019,'1179990',1441,,2613,20,0,23 24 2 25,0
300019,'1179993',1641,,2614,20,0,23 24 2 25,0
300019,'1180030',741,,2619,20,0,23 24 2 25,0
300019,'1180038',1341,,2622,20,0,23 24 2 25,0
300019,'1180039',1611,,2623,20,0,23 24 2 25,0
300019,'1180051',1141,,2627,20,0,23 24 2 25,0
300019,'1180066',911,,2630,20,0,23 24 2 25,0
300019,'1180071',841,,2631,20,0,23 24 2 25,0
300019,'1180073',1641,,2632,20,0,23 24 2 25,0
140014019,'1178954',1553,,2725,13,,,0
140014019,'1178955',1123,,2726,13,,,0
140014019,'1178974',953,,2727,13,,,0
140014019,'1179007',1753,,2728,13,,,0
140014019,'1179027',1453,,2729,13,,,0
140014019,'1179052',753,,2730,13,,,0
140014019,'1179079',723,,2731,13,,,0
140014019,'1179080',1453,,2732,13,,,0
140014019,'1179082',823,,2733,13,,,0
140014019,'1179084',653,,2734,13,,,0
140014019,'1179111',2153,,2735,13,,,0
140014019,'1179143',753,,2736,13,,,0
140014019,'1179200',1223,,2737,13,,,0
140014019,'1179207',1723,,2738,13,,,0
140014019,'1179221',1353,,2739,13,,,0
140014019,'1179271',1153,,2740,13,,,0
140014019,'1179298',1653,,2741,13,,,0
140014019,'1179320',1423,,2742,13,,,0
140014019,'1179323',953,,2743,13,,,0
140014019,'1179350',853,,2745,13,,,0
140014019,'1179353',1753,,2746,13,,,0
140014019,'1179366',1953,,2747,13,,,0
140014019,'1179392',1553,,2748,13,,,0
140014019,'1179403',1853,,2749,13,,,0
140014019,'1179433',1353,,2751,13,,,0
140014019,'1179443',923,,2752,13,,,0
140014019,'1179446',1153,,2753,13,,,0
140014019,'1179449',1023,,2754,13,,,0
140014019,'1179493',1053,,2755,13,,,0
140014019,'1179524',1653,,2757,13,,,0
140014019,'1179535',1323,,2758,13,,,0
140014019,'1179547',1253,,2759,13,,,0
140014019,'1179557',1823,,2761,13,0,8 21,0
140014019,'1179561',1523,,2762,13,,,0
140014019,'1179577',1253,,2763,13,,,0
140014019,'1179598',2053,,2764,13,,,0
140014019,'1179600',2153,,2765,13,,,0
140014019,'1179608',1853,,2766,13,,,0
140014019,'1179636',1623,,2767,13,,,0
140014019,'1179638',853,,2768,13,,,0
140014019,'1179648',1953,,2769,13,,,0
140014019,'1179654',2053,,2770,13,,,0
140014019,'1179662',1053,,2771,13,,,0
190013019,'1178916',1704,,2896,58,,,0
190013019,'1178919',2034,,2897,58,,,0
190013019,'1178920',1204,,2898,58,,,0
190013019,'1178929',834,,2899,58,,,0
190013019,'1178930',1734,,2900,58,,,0
190013019,'1178972',2034,,2901,58,,,0
190013019,'1178983',1304,,2902,58,,,0
190013019,'1178994',2234,,2903,58,,,0
190013019,'1178997',1234,,2904,58,,,0
190013019,'1179048',1604,,2905,58,,,0
190013019,'1179062',1634,,2906,58,,,0
190013019,'1179074',1404,,2907,58,,,0
190013019,'1179087',1334,,2908,58,,,0
190013019,'1179104',1104,,2909,58,,,0
190013019,'1179187',934,,2911,58,,,0
190013019,'1179202',1134,,2912,58,,,0
190013019,'1179203',1034,,2913,58,,,0
190013019,'1179212',1534,,2914,58,,,0
190013019,'1179219',1334,,2915,58,,,0
190013019,'1179243',834,,2916,58,,,0
190013019,'1179287',2234,,2917,58,,,0
190013019,'1179292',1134,,2918,58,,,0
190013019,'1179300',804,,2919,58,,,0
190013019,'1179354',634,,2920,26,,,0
190013019,'1179373',1034,,2921,58,,,0
190013019,'1179380',1434,,2922,58,,,0
190013019,'1179402',1434,,2923,58,,,0
190013019,'1179411',1504,,2924,58,,,0
190013019,'1179457',1934,,2925,58,,,0
190013019,'1179504',734,,2926,58,,,0
190013019,'1179507',1004,,2927,58,,,0
190013019,'1179509',1234,,2928,58,,,0
190013019,'1179516',1634,,2929,58,,,0
190013019,'1179531',2134,,2930,58,,,0
190013019,'1179537',934,,2931,58,,,0
190013019,'1179539',1834,,2932,58,,,0
190013019,'1179546',734,,2933,58,,,0
190013019,'1179553',1934,,2934,58,,,0
190013019,'1179581',704,,2935,26,,,0
190013019,'1179591',1734,,2936,58,,,0
190013019,'1179611',1804,,2937,58,,,0
190013019,'1179635',1534,,2938,58,,,0
190013019,'1179694',904,,2939,58,,,0
190013019,'1179701',2134,,2940,58,,,0
190013019,'1179717',1834,,2941,58,,,0
