140029,'1179802',1546,,2370,16,,,0
140029,'1179837',1346,,2371,16,,,0
140029,'1179865',1759,,2372,16,,,0
140029,'1179930',1246,,2373,16,,,0
140029,'1179947',1646,,2374,16,,,0
140029,'1179984',1446,,2375,16,,,0
140029,'1180047',946,,2376,16,,,0
140029,'1180060',1046,,2377,16,,,0
140029,'1180076',1146,,2378,16,,,0
140012019,'1178913',1219,,2679,27,,,0
140012019,'1178923',1219,,2680,27,,,0
140012019,'1178934',1019,,2681,27,,,0
140012019,'1178935',819,,2682,27,,,0
140012019,'1178953',919,,2683,27,,,0
140012019,'1178981',719,,2684,27,,,0
140012019,'1178986',1449,,2685,27,,,0
140012019,'1179006',1349,,2686,27,,,0
140012019,'1179011',749,,2687,27,,,0
140012019,'1179015',1919,,2688,27,,,0
140012019,'1179046',919,,2689,27,,,0
140012019,'1179102',1619,,2690,27,,,0
140012019,'1179154',1419,,2691,27,,,0
140012019,'1179183',2019,,2692,27,,,0
140012019,'1179185',949,,2693,27,,,0
140012019,'1179230',1019,,2695,27,,,0
140012019,'1179233',1619,,2696,27,,,0
140012019,'1179236',819,,2697,27,,,0
140012019,'1179238',1519,,2698,27,,,0
140012019,'1179244',2119,,2699,27,,,0
140012019,'1179245',1919,,2700,27,,,0
140012019,'1179250',719,,2701,5,,,0
140012019,'1179261',1119,,2703,27,,,0
140012019,'1179316',2019,,2704,27,,,0
140012019,'1179325',849,,2705,27,,,0
140012019,'1179348',1319,,2706,27,,,0
140012019,'1179359',1749,,2707,27,,,0
140012019,'1179372',2219,,2708,27,,,0
140012019,'1179387',1319,,2709,27,,,0
140012019,'1179399',1149,,2710,27,,,0
140012019,'1179425',2119,,2711,27,,,0
140012019,'1179444',1649,,2712,27,,,0
140012019,'1179495',1419,,2713,27,,,0
140012019,'1179499',1549,,2714,27,,,0
140012019,'1179510',1719,,2715,27,,,0
140012019,'1179511',2219,,2716,27,,,0
140012019,'1179526',1819,,2717,27,,,0
140012019,'1179556',1119,,2718,27,,,0
140012019,'1179567',1249,,2719,27,,,0
140012019,'1179644',1819,,2721,27,,,0
140012019,'1179693',1049,,2722,27,,,0
140012019,'1179704',1519,,2723,27,,,0
140012019,'1179715',1719,,2724,27,,,0
