120029,'1179032',1556,,2325,36,,,0
120029,'1179055',1356,,2326,36,,,0
120029,'1179056',1656,,2327,36,,,0
120029,'1179099',1809,,2328,36,,,0
120029,'1179153',956,,2329,36,,,0
120029,'1179222',1456,,2330,36,,,0
120029,'1179429',1156,,2331,36,,,0
120029,'1179447',1056,,2332,36,,,0
120029,'1179575',1256,,2333,36,,,0
140012019,'1178913',1226,,2679,40,,,0
140012019,'1178923',1226,,2680,40,,,0
140012019,'1178934',1026,,2681,40,,,0
140012019,'1178935',826,,2682,40,,,0
140012019,'1178953',926,,2683,40,,,0
140012019,'1178981',726,,2684,40,,,0
140012019,'1178986',1456,,2685,40,,,0
140012019,'1179006',1356,,2686,40,,,0
140012019,'1179011',756,,2687,40,,,0
140012019,'1179015',1926,,2688,40,,,0
140012019,'1179046',926,,2689,40,,,0
140012019,'1179102',1626,,2690,40,,,0
140012019,'1179154',1426,,2691,40,,,0
140012019,'1179183',2026,,2692,40,,,0
140012019,'1179185',956,,2693,40,,,0
140012019,'1179230',1026,,2695,40,,,0
140012019,'1179233',1626,,2696,40,,,0
140012019,'1179236',826,,2697,40,,,0
140012019,'1179238',1526,,2698,40,,,0
140012019,'1179244',2126,,2699,40,,,0
140012019,'1179245',1926,,2700,40,,,0
140012019,'1179250',726,,2701,18,,,0
140012019,'1179261',1126,,2703,40,,,0
140012019,'1179316',2026,,2704,40,,,0
140012019,'1179325',856,,2705,40,,,0
140012019,'1179348',1326,,2706,40,,,0
140012019,'1179359',1756,,2707,40,,,0
140012019,'1179372',2226,,2708,40,,,0
140012019,'1179387',1326,,2709,40,,,0
140012019,'1179399',1156,,2710,40,,,0
140012019,'1179425',2126,,2711,40,,,0
140012019,'1179444',1656,,2712,40,,,0
140012019,'1179495',1426,,2713,40,,,0
140012019,'1179499',1556,,2714,40,,,0
140012019,'1179510',1726,,2715,40,,,0
140012019,'1179511',2226,,2716,40,,,0
140012019,'1179526',1826,,2717,40,,,0
140012019,'1179556',1126,,2718,40,,,0
140012019,'1179567',1256,,2719,40,,,0
140012019,'1179644',1826,,2721,40,,,0
140012019,'1179693',1056,,2722,40,,,0
140012019,'1179704',1526,,2723,40,,,0
140012019,'1179715',1726,,2724,40,,,0
