120019,'1178966',1321,,2316,5,,,0
120019,'1178998',1521,,2317,5,,,0
120019,'1179031',1621,,2318,5,,,0
120019,'1179149',1421,,2319,5,,,0
120019,'1179182',1121,,2320,5,,,0
120019,'1179282',921,,2321,5,,,0
120019,'1179296',1721,,2322,5,,,0
120019,'1179596',1021,,2323,5,,,0
120019,'1179628',1221,,2324,5,,,0
190013019,'1178916',1612,,2896,5,,,0
190013019,'1178919',1942,,2897,5,,,0
190013019,'1178920',1112,,2898,5,,,0
190013019,'1178929',742,,2899,5,,,0
190013019,'1178930',1642,,2900,5,,,0
190013019,'1178972',1942,,2901,5,,,0
190013019,'1178983',1212,,2902,5,,,0
190013019,'1178994',2142,,2903,5,,,0
190013019,'1178997',1142,,2904,5,,,0
190013019,'1179048',1512,,2905,5,,,0
190013019,'1179062',1542,,2906,5,,,0
190013019,'1179074',1312,,2907,5,,,0
190013019,'1179087',1242,,2908,5,,,0
190013019,'1179104',1012,,2909,5,,,0
190013019,'1179171',1812,,2910,5,0,8 21,0
190013019,'1179187',842,,2911,5,,,0
190013019,'1179202',1042,,2912,5,,,0
190013019,'1179203',942,,2913,5,,,0
190013019,'1179212',1442,,2914,5,,,0
190013019,'1179219',1242,,2915,5,,,0
190013019,'1179243',742,,2916,5,,,0
190013019,'1179287',2142,,2917,5,,,0
190013019,'1179292',1042,,2918,5,,,0
190013019,'1179300',712,,2919,5,,,0
190013019,'1179373',942,,2921,5,,,0
190013019,'1179380',1342,,2922,5,,,0
190013019,'1179402',1342,,2923,5,,,0
190013019,'1179411',1412,,2924,5,,,0
190013019,'1179457',1842,,2925,5,,,0
190013019,'1179504',642,,2926,5,,,0
190013019,'1179507',912,,2927,5,,,0
190013019,'1179509',1142,,2928,5,,,0
190013019,'1179516',1542,,2929,5,,,0
190013019,'1179531',2042,,2930,5,,,0
190013019,'1179537',842,,2931,5,,,0
190013019,'1179539',1742,,2932,5,,,0
190013019,'1179546',642,,2933,5,,,0
190013019,'1179553',1842,,2934,5,,,0
190013019,'1179591',1642,,2936,5,,,0
190013019,'1179611',1712,,2937,5,,,0
190013019,'1179635',1442,,2938,5,,,0
190013019,'1179694',812,,2939,5,,,0
190013019,'1179701',2042,,2940,5,,,0
190013019,'1179717',1742,,2941,5,,,0
