140014019,'1178954',1621,,2725,27,,,0
140014019,'1178955',1151,,2726,27,,,0
140014019,'1178974',1021,,2727,27,,,0
140014019,'1179007',1821,,2728,27,,,0
140014019,'1179027',1521,,2729,27,,,0
140014019,'1179052',821,,2730,27,,,0
140014019,'1179079',751,,2731,27,,,0
140014019,'1179080',1521,,2732,27,,,0
140014019,'1179082',851,,2733,27,,,0
140014019,'1179084',721,,2734,27,,,0
140014019,'1179111',2221,,2735,27,,,0
140014019,'1179143',821,,2736,27,,,0
140014019,'1179200',1251,,2737,27,,,0
140014019,'1179207',1751,,2738,27,,,0
140014019,'1179221',1421,,2739,27,,,0
140014019,'1179271',1221,,2740,27,,,0
140014019,'1179298',1721,,2741,27,,,0
140014019,'1179320',1451,,2742,27,,,0
140014019,'1179323',1021,,2743,27,,,0
140014019,'1179350',921,,2745,27,,,0
140014019,'1179353',1821,,2746,27,,,0
140014019,'1179366',2021,,2747,27,,,0
140014019,'1179392',1621,,2748,27,,,0
140014019,'1179403',1921,,2749,27,,,0
140014019,'1179417',721,,2750,6,,,0
140014019,'1179433',1421,,2751,27,,,0
140014019,'1179443',951,,2752,27,,,0
140014019,'1179446',1221,,2753,27,,,0
140014019,'1179449',1051,,2754,27,,,0
140014019,'1179493',1121,,2755,27,,,0
140014019,'1179524',1721,,2757,27,,,0
140014019,'1179535',1351,,2758,27,,,0
140014019,'1179547',1321,,2759,27,,,0
140014019,'1179550',651,,2760,6,,,0
140014019,'1179561',1551,,2762,27,,,0
140014019,'1179577',1321,,2763,27,,,0
140014019,'1179598',2121,,2764,27,,,0
140014019,'1179600',2221,,2765,27,,,0
140014019,'1179608',1921,,2766,27,,,0
140014019,'1179636',1651,,2767,27,,,0
140014019,'1179638',921,,2768,27,,,0
140014019,'1179648',2021,,2769,27,,,0
140014019,'1179654',2121,,2770,27,,,0
140014019,'1179662',1121,,2771,27,,,0
