190011019,'1175757',2200,,1930,22,,,0
190011019,'1175788',1800,,1931,22,,,0
190011019,'1175797',1402,,1932,22,,,0
190011019,'1175800',1000,,1933,22,,,0
190011019,'1175846',1900,,1935,22,,,0
190011019,'1175866',1730,,1937,22,,,0
190011019,'1175873',1830,,1938,22,0,8 21,0
190011019,'1175889',1302,,1939,22,,,0
190011019,'1175976',2255,,1941,22,4,,0
190011019,'1175990',1202,,1942,22,,,0
190011019,'1176025',607,,1943,1,,,0
190011019,'1176026',1302,,1944,22,,,0
190011019,'1176086',1000,,1946,22,,,0
190011019,'1176114',900,,1947,22,,,0
190011019,'1176152',730,,1948,22,,,0
190011019,'1176229',2200,,1949,22,,,0
190011019,'1176246',800,,1950,22,,,0
190011019,'1176315',700,,1951,22,,,0
190011019,'1176316',1202,,1952,22,,,0
190011019,'1176317',1700,,1953,22,,,0
190011019,'1176322',930,,1954,22,,,0
190011019,'1176337',2000,,1955,22,,,0
190011019,'1176344',1602,,1956,22,,,0
190011019,'1176353',1602,,1957,22,,,0
190011019,'1176386',700,,1958,22,,,0
190011019,'1176444',1900,,1961,22,,,0
190011019,'1176445',2100,,1962,22,,,0
190011019,'1176478',1800,,1963,22,,,0
190011019,'1176509',2255,,1964,22,4,,0
190011019,'1176517',1502,,1965,22,,,0
190011019,'1176557',900,,1966,22,,,0
190011019,'1176559',2000,,1967,22,,,0
190011019,'1176563',830,,1968,22,,,0
190011019,'1176570',1502,,1969,22,,,0
190011019,'1176595',1700,,1972,22,,,0
190011019,'1176605',1102,,1973,22,,,0
190011019,'1176616',1102,,1974,22,,,0
190011019,'1176620',800,,1975,22,,,0
190011019,'1176668',2100,,1976,22,,,0
190011019,'1176674',1402,,1977,22,,,0
190015019,'1175715',2100,,2024,23,,,0
190015019,'1175729',1000,,2025,23,,,0
190015019,'1175736',2200,,2026,23,4,,0
190015019,'1175740',800,,2027,23,,,0
190015019,'1175741',1300,,2028,23,,,0
190015019,'1175769',2300,,2029,23,4,,0
190015019,'1175774',2200,,2030,23,4,,0
190015019,'1175778',1730,,2031,23,,,0
190015019,'1175793',1800,,2032,23,,,0
190015019,'1175801',800,,2033,23,,,0
190015019,'1175845',1330,,2034,23,,,0
190015019,'1175897',1430,,2035,23,,,0
190015019,'1175899',1200,,2036,23,,,0
190015019,'1175907',930,,2037,23,,,0
190015019,'1175925',1600,,2038,23,,,0
190015019,'1175932',1500,,2039,23,,,0
190015019,'1175953',1530,,2040,23,,,0
190015019,'1175967',1030,,2042,23,,,0
190015019,'1175996',1630,,2043,23,,,0
190015019,'1176000',900,,2044,23,,,0
190015019,'1176049',1700,,2045,23,,,0
190015019,'1176055',1900,,2046,23,,,0
190015019,'1176057',1000,,2047,23,,,0
190015019,'1176073',730,,2048,23,,,0
190015019,'1176074',700,,2049,23,,,0
190015019,'1176085',1900,,2050,23,,,0
190015019,'1176090',2100,,2051,23,,,0
190015019,'1176092',1100,,2052,23,,,0
190015019,'1176093',900,,2053,23,,,0
190015019,'1176105',2000,,2054,23,,,0
190015019,'1176238',1500,,2055,23,,,0
190015019,'1176266',1130,,2056,23,,,0
190015019,'1176293',1400,,2057,23,,,0
190015019,'1176328',1230,,2058,23,,,0
190015019,'1176335',2000,,2059,23,,,0
190015019,'1176340',1830,,2060,23,0,12,0
190015019,'1176355',1600,,2061,23,,,0
190015019,'1176358',1300,,2062,23,,,0
190015019,'1176362',1800,,2063,23,,,0
190015019,'1176426',1100,,2064,23,,,0
190015019,'1176434',2300,,2065,23,4,,0
190015019,'1176496',1400,,2067,23,,,0
190015019,'1176536',700,,2068,23,,,0
190015019,'1176537',830,,2069,23,,,0
190015019,'1176684',1700,,2070,23,,,0
190015019,'1176689',1200,,2071,23,,,0
190017019,'1175717',1500,,2072,31,,,0
190017019,'1175742',1100,,2073,31,,,0
190017019,'1175751',1100,,2074,31,,,0
190017019,'1175789',700,,2076,31,,,0
190017019,'1175830',2000,,2077,31,,,0
190017019,'1175877',1200,,2078,31,,,0
190017019,'1175947',1700,,2079,31,,,0
190017019,'1175951',730,,2080,31,,,0
190017019,'1175978',800,,2081,31,,,0
190017019,'1176042',1700,,2082,31,,,0
190017019,'1176052',2200,,2083,31,0,8 21,0
190017019,'1176058',1500,,2084,31,,,0
190017019,'1176065',1600,,2085,31,,,0
190017019,'1176099',1400,,2086,31,,,0
190017019,'1176119',1800,,2088,31,,,0
190017019,'1176120',1900,,2089,31,,,0
190017019,'1176124',2300,,2090,31,0,8 21,0
190017019,'1176130',1300,,2091,31,,,0
190017019,'1176156',2000,,2092,31,,,0
190017019,'1176161',1400,,2093,31,,,0
190017019,'1176166',930,,2094,31,,,0
190017019,'1176201',900,,2095,31,,,0
190017019,'1176252',830,,2097,31,,,0
190017019,'1176273',1000,,2099,31,,,0
190017019,'1176303',1630,,2101,31,,,0
190017019,'1176312',1730,,2102,31,,,0
190017019,'1176349',1900,,2103,31,,,0
190017019,'1176415',800,,2105,31,,,0
190017019,'1176420',1200,,2106,31,,,0
190017019,'1176468',2200,,2107,31,0,8 21,0
190017019,'1176482',1300,,2108,31,,,0
190017019,'1176513',700,,2109,31,,,0
190017019,'1176554',1800,,2111,31,,,0
190017019,'1176592',630,,2112,31,,,0
190017019,'1176601',1600,,2113,31,,,0
190017019,'1176617',2100,,2114,31,,,0
190017019,'1176629',1000,,2115,31,,,0
190017019,'1176637',900,,2116,31,,,0
190017019,'1176640',1830,,2117,31,0,8 21,0
190017019,'1176655',2100,,2118,31,,,0
190017019,'1176661',2300,,2119,31,0,8 21,0
